3766 1256 3 0 0 0 0
3767 1256 3 0 -1.228024 0.709 0
3768 1256 3 0 -1.228024 2.127 0
3769 1256 3 0 0 2.836 0
3770 1256 3 0 2.456048 0 0
3771 1256 3 0 1.228024 0.709 0
3772 1256 3 0 1.228024 2.127 0
3773 1256 3 0 2.456048 2.836 0
3774 1256 3 0 4.912096 0 0
3775 1256 3 0 3.684072 0.709 0
3776 1256 3 0 3.684072 2.127 0
3777 1256 3 0 4.912096 2.836 0
3778 1256 3 0 7.368144 0 0
3779 1256 3 0 6.14012 0.709 0
3780 1256 3 0 6.14012 2.127 0
3781 1256 3 0 7.368144 2.836 0
3782 1256 3 0 9.824192 0 0
3783 1256 3 0 8.596169 0.709 0
3784 1256 3 0 8.596169 2.127 0
3785 1256 3 0 9.824192 2.836 0
3786 1256 3 0 12.28024 0 0
3787 1256 3 0 11.052217 0.709 0
3788 1256 3 0 11.052217 2.127 0
3789 1256 3 0 12.28024 2.836 0
3790 1256 3 0 14.736288 0 0
3791 1256 3 0 13.508265 0.709 0
3792 1256 3 0 13.508265 2.127 0
3793 1256 3 0 14.736288 2.836 0
3794 1256 3 0 17.192337 0 0
3795 1256 3 0 15.964313 0.709 0
3796 1256 3 0 15.964313 2.127 0
3797 1256 3 0 17.192337 2.836 0
3798 1256 3 0 19.648384 0 0
3799 1256 3 0 18.420361 0.709 0
3800 1256 3 0 18.420361 2.127 0
3801 1256 3 0 19.648384 2.836 0
3802 1256 3 0 22.104433 0 0
3803 1256 3 0 20.876408 0.709 0
3804 1256 3 0 20.876408 2.127 0
3805 1256 3 0 22.104433 2.836 0
3806 1256 3 0 24.56048 0 0
3807 1256 3 0 23.332457 0.709 0
3808 1256 3 0 23.332457 2.127 0
3809 1256 3 0 24.56048 2.836 0
3810 1256 3 0 27.016529 0 0
3811 1256 3 0 25.788504 0.709 0
3812 1256 3 0 25.788504 2.127 0
3813 1256 3 0 27.016529 2.836 0
3814 1256 3 0 29.472576 0 0
3815 1256 3 0 28.244553 0.709 0
3816 1256 3 0 28.244553 2.127 0
3817 1256 3 0 29.472576 2.836 0
3818 1256 3 0 31.928625 0 0
3819 1256 3 0 30.7006 0.709 0
3820 1256 3 0 30.7006 2.127 0
3821 1256 3 0 31.928625 2.836 0
3822 1256 3 0 34.384674 0 0
3823 1256 3 0 33.156647 0.709 0
3824 1256 3 0 33.156647 2.127 0
3825 1256 3 0 34.384674 2.836 0
3826 1256 3 0 36.840721 0 0
3827 1256 3 0 35.612698 0.709 0
3828 1256 3 0 35.612698 2.127 0
3829 1256 3 0 36.840721 2.836 0
3830 1256 3 0 39.296768 0 0
3831 1256 3 0 38.068745 0.709 0
3832 1256 3 0 38.068745 2.127 0
3833 1256 3 0 39.296768 2.836 0
3834 1256 3 0 41.752815 0 0
3835 1256 3 0 40.524792 0.709 0
3836 1256 3 0 40.524792 2.127 0
3837 1256 3 0 41.752815 2.836 0
3838 1256 3 0 44.208866 0 0
3839 1256 3 0 42.980843 0.709 0
3840 1256 3 0 42.980843 2.127 0
3841 1256 3 0 44.208866 2.836 0
3842 1256 3 0 46.664913 0 0
3843 1256 3 0 45.43689 0.709 0
3844 1256 3 0 45.43689 2.127 0
3845 1256 3 0 46.664913 2.836 0
3846 1256 3 0 49.12096 0 0
3847 1256 3 0 47.892937 0.709 0
3848 1256 3 0 47.892937 2.127 0
3849 1256 3 0 49.12096 2.836 0
3850 1256 3 0 51.577007 0 0
3851 1256 3 0 50.348984 0.709 0
3852 1256 3 0 50.348984 2.127 0
3853 1256 3 0 51.577007 2.836 0
3854 1256 3 0 54.033058 0 0
3855 1256 3 0 52.805035 0.709 0
3856 1256 3 0 52.805035 2.127 0
3857 1256 3 0 54.033058 2.836 0
3858 1256 3 0 56.489105 0 0
3859 1256 3 0 55.261082 0.709 0
3860 1256 3 0 55.261082 2.127 0
3861 1256 3 0 56.489105 2.836 0
3862 1256 3 0 58.945152 0 0
3863 1256 3 0 57.717129 0.709 0
3864 1256 3 0 57.717129 2.127 0
3865 1256 3 0 58.945152 2.836 0
3866 1256 3 0 0 4.254 0
3867 1256 3 0 -1.228024 4.963 0
3868 1256 3 0 -1.228024 6.381 0
3869 1256 3 0 0 7.09 0
3870 1256 3 0 2.456048 4.254 0
3871 1256 3 0 1.228024 4.963 0
3872 1256 3 0 1.228024 6.381 0
3873 1256 3 0 2.456048 7.09 0
3874 1256 3 0 4.912096 4.254 0
3875 1256 3 0 3.684072 4.963 0
3876 1256 3 0 3.684072 6.381 0
3877 1256 3 0 4.912096 7.09 0
3878 1256 3 0 7.368144 4.254 0
3879 1256 3 0 6.14012 4.963 0
3880 1256 3 0 6.14012 6.381 0
3881 1256 3 0 7.368144 7.09 0
3882 1256 3 0 9.824192 4.254 0
3883 1256 3 0 8.596169 4.963 0
3884 1256 3 0 8.596169 6.381 0
3885 1256 3 0 9.824192 7.09 0
3886 1256 3 0 12.28024 4.254 0
3887 1256 3 0 11.052217 4.963 0
3888 1256 3 0 11.052217 6.381 0
3889 1256 3 0 12.28024 7.09 0
3890 1256 3 0 14.736288 4.254 0
3891 1256 3 0 13.508265 4.963 0
3892 1256 3 0 13.508265 6.381 0
3893 1256 3 0 14.736288 7.09 0
3894 1256 3 0 17.192337 4.254 0
3895 1256 3 0 15.964313 4.963 0
3896 1256 3 0 15.964313 6.381 0
3897 1256 3 0 17.192337 7.09 0
3898 1256 3 0 19.648384 4.254 0
3899 1256 3 0 18.420361 4.963 0
3900 1256 3 0 18.420361 6.381 0
3901 1256 3 0 19.648384 7.09 0
3902 1256 3 0 22.104433 4.254 0
3903 1256 3 0 20.876408 4.963 0
3904 1256 3 0 20.876408 6.381 0
3905 1256 3 0 22.104433 7.09 0
3906 1256 3 0 24.56048 4.254 0
3907 1256 3 0 23.332457 4.963 0
3908 1256 3 0 23.332457 6.381 0
3909 1256 3 0 24.56048 7.09 0
3910 1256 3 0 27.016529 4.254 0
3911 1256 3 0 25.788504 4.963 0
3912 1256 3 0 25.788504 6.381 0
3913 1256 3 0 27.016529 7.09 0
3914 1256 3 0 29.472576 4.254 0
3915 1256 3 0 28.244553 4.963 0
3916 1256 3 0 28.244553 6.381 0
3917 1256 3 0 29.472576 7.09 0
3918 1256 3 0 31.928625 4.254 0
3919 1256 3 0 30.7006 4.963 0
3920 1256 3 0 30.7006 6.381 0
3921 1256 3 0 31.928625 7.09 0
3922 1256 3 0 34.384674 4.254 0
3923 1256 3 0 33.156647 4.963 0
3924 1256 3 0 33.156647 6.381 0
3925 1256 3 0 34.384674 7.09 0
3926 1256 3 0 36.840721 4.254 0
3927 1256 3 0 35.612698 4.963 0
3928 1256 3 0 35.612698 6.381 0
3929 1256 3 0 36.840721 7.09 0
3930 1256 3 0 39.296768 4.254 0
3931 1256 3 0 38.068745 4.963 0
3932 1256 3 0 38.068745 6.381 0
3933 1256 3 0 39.296768 7.09 0
3934 1256 3 0 41.752815 4.254 0
3935 1256 3 0 40.524792 4.963 0
3936 1256 3 0 40.524792 6.381 0
3937 1256 3 0 41.752815 7.09 0
3938 1256 3 0 44.208866 4.254 0
3939 1256 3 0 42.980843 4.963 0
3940 1256 3 0 42.980843 6.381 0
3941 1256 3 0 44.208866 7.09 0
3942 1256 3 0 46.664913 4.254 0
3943 1256 3 0 45.43689 4.963 0
3944 1256 3 0 45.43689 6.381 0
3945 1256 3 0 46.664913 7.09 0
3946 1256 3 0 49.12096 4.254 0
3947 1256 3 0 47.892937 4.963 0
3948 1256 3 0 47.892937 6.381 0
3949 1256 3 0 49.12096 7.09 0
3950 1256 3 0 51.577007 4.254 0
3951 1256 3 0 50.348984 4.963 0
3952 1256 3 0 50.348984 6.381 0
3953 1256 3 0 51.577007 7.09 0
3954 1256 3 0 54.033058 4.254 0
3955 1256 3 0 52.805035 4.963 0
3956 1256 3 0 52.805035 6.381 0
3957 1256 3 0 54.033058 7.09 0
3958 1256 3 0 56.489105 4.254 0
3959 1256 3 0 55.261082 4.963 0
3960 1256 3 0 55.261082 6.381 0
3961 1256 3 0 56.489105 7.09 0
3962 1256 3 0 58.945152 4.254 0
3963 1256 3 0 57.717129 4.963 0
3964 1256 3 0 57.717129 6.381 0
3965 1256 3 0 58.945152 7.09 0
3966 1256 3 0 0 8.508 0
3967 1256 3 0 -1.228024 9.217 0
3968 1256 3 0 -1.228024 10.635 0
3969 1256 3 0 0 11.344 0
3970 1256 3 0 2.456048 8.508 0
3971 1256 3 0 1.228024 9.217 0
3972 1256 3 0 1.228024 10.635 0
3973 1256 3 0 2.456048 11.344 0
3974 1256 3 0 4.912096 8.508 0
3975 1256 3 0 3.684072 9.217 0
3976 1256 3 0 3.684072 10.635 0
3977 1256 3 0 4.912096 11.344 0
3978 1256 3 0 7.368144 8.508 0
3979 1256 3 0 6.14012 9.217 0
3980 1256 3 0 6.14012 10.635 0
3981 1256 3 0 7.368144 11.344 0
3982 1256 3 0 9.824192 8.508 0
3983 1256 3 0 8.596169 9.217 0
3984 1256 3 0 8.596169 10.635 0
3985 1256 3 0 9.824192 11.344 0
3986 1256 3 0 12.28024 8.508 0
3987 1256 3 0 11.052217 9.217 0
3988 1256 3 0 11.052217 10.635 0
3989 1256 3 0 12.28024 11.344 0
3990 1256 3 0 14.736288 8.508 0
3991 1256 3 0 13.508265 9.217 0
3992 1256 3 0 13.508265 10.635 0
3993 1256 3 0 14.736288 11.344 0
3994 1256 3 0 17.192337 8.508 0
3995 1256 3 0 15.964313 9.217 0
3996 1256 3 0 15.964313 10.635 0
3997 1256 3 0 17.192337 11.344 0
3998 1256 3 0 19.648384 8.508 0
3999 1256 3 0 18.420361 9.217 0
4000 1256 3 0 18.420361 10.635 0
4001 1256 3 0 19.648384 11.344 0
4002 1256 3 0 22.104433 8.508 0
4003 1256 3 0 20.876408 9.217 0
4004 1256 3 0 20.876408 10.635 0
4005 1256 3 0 22.104433 11.344 0
4006 1256 3 0 24.56048 8.508 0
4007 1256 3 0 23.332457 9.217 0
4008 1256 3 0 23.332457 10.635 0
4009 1256 3 0 24.56048 11.344 0
4010 1256 3 0 27.016529 8.508 0
4011 1256 3 0 25.788504 9.217 0
4012 1256 3 0 25.788504 10.635 0
4013 1256 3 0 27.016529 11.344 0
4014 1256 3 0 29.472576 8.508 0
4015 1256 3 0 28.244553 9.217 0
4016 1256 3 0 28.244553 10.635 0
4017 1256 3 0 29.472576 11.344 0
4018 1256 3 0 31.928625 8.508 0
4019 1256 3 0 30.7006 9.217 0
4020 1256 3 0 30.7006 10.635 0
4021 1256 3 0 31.928625 11.344 0
4022 1256 3 0 34.384674 8.508 0
4023 1256 3 0 33.156647 9.217 0
4024 1256 3 0 33.156647 10.635 0
4025 1256 3 0 34.384674 11.344 0
4026 1256 3 0 36.840721 8.508 0
4027 1256 3 0 35.612698 9.217 0
4028 1256 3 0 35.612698 10.635 0
4029 1256 3 0 36.840721 11.344 0
4030 1256 3 0 39.296768 8.508 0
4031 1256 3 0 38.068745 9.217 0
4032 1256 3 0 38.068745 10.635 0
4033 1256 3 0 39.296768 11.344 0
4034 1256 3 0 41.752815 8.508 0
4035 1256 3 0 40.524792 9.217 0
4036 1256 3 0 40.524792 10.635 0
4037 1256 3 0 41.752815 11.344 0
4038 1256 3 0 44.208866 8.508 0
4039 1256 3 0 42.980843 9.217 0
4040 1256 3 0 42.980843 10.635 0
4041 1256 3 0 44.208866 11.344 0
4042 1256 3 0 46.664913 8.508 0
4043 1256 3 0 45.43689 9.217 0
4044 1256 3 0 45.43689 10.635 0
4045 1256 3 0 46.664913 11.344 0
4046 1256 3 0 49.12096 8.508 0
4047 1256 3 0 47.892937 9.217 0
4048 1256 3 0 47.892937 10.635 0
4049 1256 3 0 49.12096 11.344 0
4050 1256 3 0 51.577007 8.508 0
4051 1256 3 0 50.348984 9.217 0
4052 1256 3 0 50.348984 10.635 0
4053 1256 3 0 51.577007 11.344 0
4054 1256 3 0 54.033058 8.508 0
4055 1256 3 0 52.805035 9.217 0
4056 1256 3 0 52.805035 10.635 0
4057 1256 3 0 54.033058 11.344 0
4058 1256 3 0 56.489105 8.508 0
4059 1256 3 0 55.261082 9.217 0
4060 1256 3 0 55.261082 10.635 0
4061 1256 3 0 56.489105 11.344 0
4062 1256 3 0 58.945152 8.508 0
4063 1256 3 0 57.717129 9.217 0
4064 1256 3 0 57.717129 10.635 0
4065 1256 3 0 58.945152 11.344 0
4066 1256 3 0 0 12.762 0
4067 1256 3 0 -1.228024 13.471 0
4068 1256 3 0 -1.228024 14.889 0
4069 1256 3 0 0 15.598 0
4070 1256 3 0 2.456048 12.762 0
4071 1256 3 0 1.228024 13.471 0
4072 1256 3 0 1.228024 14.889 0
4073 1256 3 0 2.456048 15.598 0
4074 1256 3 0 4.912096 12.762 0
4075 1256 3 0 3.684072 13.471 0
4076 1256 3 0 3.684072 14.889 0
4077 1256 3 0 4.912096 15.598 0
4078 1256 3 0 7.368144 12.762 0
4079 1256 3 0 6.14012 13.471 0
4080 1256 3 0 6.14012 14.889 0
4081 1256 3 0 7.368144 15.598 0
4082 1256 3 0 9.824192 12.762 0
4083 1256 3 0 8.596169 13.471 0
4084 1256 3 0 8.596169 14.889 0
4085 1256 3 0 9.824192 15.598 0
4086 1256 3 0 12.28024 12.762 0
4087 1256 3 0 11.052217 13.471 0
4088 1256 3 0 11.052217 14.889 0
4089 1256 3 0 12.28024 15.598 0
4090 1256 3 0 14.736288 12.762 0
4091 1256 3 0 13.508265 13.471 0
4092 1256 3 0 13.508265 14.889 0
4093 1256 3 0 14.736288 15.598 0
4094 1256 3 0 17.192337 12.762 0
4095 1256 3 0 15.964313 13.471 0
4096 1256 3 0 15.964313 14.889 0
4097 1256 3 0 17.192337 15.598 0
4098 1256 3 0 19.648384 12.762 0
4099 1256 3 0 18.420361 13.471 0
4100 1256 3 0 18.420361 14.889 0
4101 1256 3 0 19.648384 15.598 0
4102 1256 3 0 22.104433 12.762 0
4103 1256 3 0 20.876408 13.471 0
4104 1256 3 0 20.876408 14.889 0
4105 1256 3 0 22.104433 15.598 0
4106 1256 3 0 24.56048 12.762 0
4107 1256 3 0 23.332457 13.471 0
4108 1256 3 0 23.332457 14.889 0
4109 1256 3 0 24.56048 15.598 0
4110 1256 3 0 27.016529 12.762 0
4111 1256 3 0 25.788504 13.471 0
4112 1256 3 0 25.788504 14.889 0
4113 1256 3 0 27.016529 15.598 0
4114 1256 3 0 29.472576 12.762 0
4115 1256 3 0 28.244553 13.471 0
4116 1256 3 0 28.244553 14.889 0
4117 1256 3 0 29.472576 15.598 0
4118 1256 3 0 31.928625 12.762 0
4119 1256 3 0 30.7006 13.471 0
4120 1256 3 0 30.7006 14.889 0
4121 1256 3 0 31.928625 15.598 0
4122 1256 3 0 34.384674 12.762 0
4123 1256 3 0 33.156647 13.471 0
4124 1256 3 0 33.156647 14.889 0
4125 1256 3 0 34.384674 15.598 0
4126 1256 3 0 36.840721 12.762 0
4127 1256 3 0 35.612698 13.471 0
4128 1256 3 0 35.612698 14.889 0
4129 1256 3 0 36.840721 15.598 0
4130 1256 3 0 39.296768 12.762 0
4131 1256 3 0 38.068745 13.471 0
4132 1256 3 0 38.068745 14.889 0
4133 1256 3 0 39.296768 15.598 0
4134 1256 3 0 41.752815 12.762 0
4135 1256 3 0 40.524792 13.471 0
4136 1256 3 0 40.524792 14.889 0
4137 1256 3 0 41.752815 15.598 0
4138 1256 3 0 44.208866 12.762 0
4139 1256 3 0 42.980843 13.471 0
4140 1256 3 0 42.980843 14.889 0
4141 1256 3 0 44.208866 15.598 0
4142 1256 3 0 46.664913 12.762 0
4143 1256 3 0 45.43689 13.471 0
4144 1256 3 0 45.43689 14.889 0
4145 1256 3 0 46.664913 15.598 0
4146 1256 3 0 49.12096 12.762 0
4147 1256 3 0 47.892937 13.471 0
4148 1256 3 0 47.892937 14.889 0
4149 1256 3 0 49.12096 15.598 0
4150 1256 3 0 51.577007 12.762 0
4151 1256 3 0 50.348984 13.471 0
4152 1256 3 0 50.348984 14.889 0
4153 1256 3 0 51.577007 15.598 0
4154 1256 3 0 54.033058 12.762 0
4155 1256 3 0 52.805035 13.471 0
4156 1256 3 0 52.805035 14.889 0
4157 1256 3 0 54.033058 15.598 0
4158 1256 3 0 56.489105 12.762 0
4159 1256 3 0 55.261082 13.471 0
4160 1256 3 0 55.261082 14.889 0
4161 1256 3 0 56.489105 15.598 0
4162 1256 3 0 58.945152 12.762 0
4163 1256 3 0 57.717129 13.471 0
4164 1256 3 0 57.717129 14.889 0
4165 1256 3 0 58.945152 15.598 0
4166 1256 3 0 0 17.016001 0
4167 1256 3 0 -1.228024 17.725 0
4168 1256 3 0 -1.228024 19.143 0
4169 1256 3 0 0 19.851999 0
4170 1256 3 0 2.456048 17.016001 0
4171 1256 3 0 1.228024 17.725 0
4172 1256 3 0 1.228024 19.143 0
4173 1256 3 0 2.456048 19.851999 0
4174 1256 3 0 4.912096 17.016001 0
4175 1256 3 0 3.684072 17.725 0
4176 1256 3 0 3.684072 19.143 0
4177 1256 3 0 4.912096 19.851999 0
4178 1256 3 0 7.368144 17.016001 0
4179 1256 3 0 6.14012 17.725 0
4180 1256 3 0 6.14012 19.143 0
4181 1256 3 0 7.368144 19.851999 0
4182 1256 3 0 9.824192 17.016001 0
4183 1256 3 0 8.596169 17.725 0
4184 1256 3 0 8.596169 19.143 0
4185 1256 3 0 9.824192 19.851999 0
4186 1256 3 0 12.28024 17.016001 0
4187 1256 3 0 11.052217 17.725 0
4188 1256 3 0 11.052217 19.143 0
4189 1256 3 0 12.28024 19.851999 0
4190 1256 3 0 14.736288 17.016001 0
4191 1256 3 0 13.508265 17.725 0
4192 1256 3 0 13.508265 19.143 0
4193 1256 3 0 14.736288 19.851999 0
4194 1256 3 0 17.192337 17.016001 0
4195 1256 3 0 15.964313 17.725 0
4196 1256 3 0 15.964313 19.143 0
4197 1256 3 0 17.192337 19.851999 0
4198 1256 3 0 19.648384 17.016001 0
4199 1256 3 0 18.420361 17.725 0
4200 1256 3 0 18.420361 19.143 0
4201 1256 3 0 19.648384 19.851999 0
4202 1256 3 0 22.104433 17.016001 0
4203 1256 3 0 20.876408 17.725 0
4204 1256 3 0 20.876408 19.143 0
4205 1256 3 0 22.104433 19.851999 0
4206 1256 3 0 24.56048 17.016001 0
4207 1256 3 0 23.332457 17.725 0
4208 1256 3 0 23.332457 19.143 0
4209 1256 3 0 24.56048 19.851999 0
4210 1256 3 0 27.016529 17.016001 0
4211 1256 3 0 25.788504 17.725 0
4212 1256 3 0 25.788504 19.143 0
4213 1256 3 0 27.016529 19.851999 0
4214 1256 3 0 29.472576 17.016001 0
4215 1256 3 0 28.244553 17.725 0
4216 1256 3 0 28.244553 19.143 0
4217 1256 3 0 29.472576 19.851999 0
4218 1256 3 0 31.928625 17.016001 0
4219 1256 3 0 30.7006 17.725 0
4220 1256 3 0 30.7006 19.143 0
4221 1256 3 0 31.928625 19.851999 0
4222 1256 3 0 34.384674 17.016001 0
4223 1256 3 0 33.156647 17.725 0
4224 1256 3 0 33.156647 19.143 0
4225 1256 3 0 34.384674 19.851999 0
4226 1256 3 0 36.840721 17.016001 0
4227 1256 3 0 35.612698 17.725 0
4228 1256 3 0 35.612698 19.143 0
4229 1256 3 0 36.840721 19.851999 0
4230 1256 3 0 39.296768 17.016001 0
4231 1256 3 0 38.068745 17.725 0
4232 1256 3 0 38.068745 19.143 0
4233 1256 3 0 39.296768 19.851999 0
4234 1256 3 0 41.752815 17.016001 0
4235 1256 3 0 40.524792 17.725 0
4236 1256 3 0 40.524792 19.143 0
4237 1256 3 0 41.752815 19.851999 0
4238 1256 3 0 44.208866 17.016001 0
4239 1256 3 0 42.980843 17.725 0
4240 1256 3 0 42.980843 19.143 0
4241 1256 3 0 44.208866 19.851999 0
4242 1256 3 0 46.664913 17.016001 0
4243 1256 3 0 45.43689 17.725 0
4244 1256 3 0 45.43689 19.143 0
4245 1256 3 0 46.664913 19.851999 0
4246 1256 3 0 49.12096 17.016001 0
4247 1256 3 0 47.892937 17.725 0
4248 1256 3 0 47.892937 19.143 0
4249 1256 3 0 49.12096 19.851999 0
4250 1256 3 0 51.577007 17.016001 0
4251 1256 3 0 50.348984 17.725 0
4252 1256 3 0 50.348984 19.143 0
4253 1256 3 0 51.577007 19.851999 0
4254 1256 3 0 54.033058 17.016001 0
4255 1256 3 0 52.805035 17.725 0
4256 1256 3 0 52.805035 19.143 0
4257 1256 3 0 54.033058 19.851999 0
4258 1256 3 0 56.489105 17.016001 0
4259 1256 3 0 55.261082 17.725 0
4260 1256 3 0 55.261082 19.143 0
4261 1256 3 0 56.489105 19.851999 0
4262 1256 3 0 58.945152 17.016001 0
4263 1256 3 0 57.717129 17.725 0
4264 1256 3 0 57.717129 19.143 0
4265 1256 3 0 58.945152 19.851999 0
4266 1256 3 0 0 21.27 0
4267 1256 3 0 -1.228024 21.979 0
4268 1256 3 0 -1.228024 23.396999 0
4269 1256 3 0 0 24.106001 0
4270 1256 3 0 2.456048 21.27 0
4271 1256 3 0 1.228024 21.979 0
4272 1256 3 0 1.228024 23.396999 0
4273 1256 3 0 2.456048 24.106001 0
4274 1256 3 0 4.912096 21.27 0
4275 1256 3 0 3.684072 21.979 0
4276 1256 3 0 3.684072 23.396999 0
4277 1256 3 0 4.912096 24.106001 0
4278 1256 3 0 7.368144 21.27 0
4279 1256 3 0 6.14012 21.979 0
4280 1256 3 0 6.14012 23.396999 0
4281 1256 3 0 7.368144 24.106001 0
4282 1256 3 0 9.824192 21.27 0
4283 1256 3 0 8.596169 21.979 0
4284 1256 3 0 8.596169 23.396999 0
4285 1256 3 0 9.824192 24.106001 0
4286 1256 3 0 12.28024 21.27 0
4287 1256 3 0 11.052217 21.979 0
4288 1256 3 0 11.052217 23.396999 0
4289 1256 3 0 12.28024 24.106001 0
4290 1256 3 0 14.736288 21.27 0
4291 1256 3 0 13.508265 21.979 0
4292 1256 3 0 13.508265 23.396999 0
4293 1256 3 0 14.736288 24.106001 0
4294 1256 3 0 17.192337 21.27 0
4295 1256 3 0 15.964313 21.979 0
4296 1256 3 0 15.964313 23.396999 0
4297 1256 3 0 17.192337 24.106001 0
4298 1256 3 0 19.648384 21.27 0
4299 1256 3 0 18.420361 21.979 0
4300 1256 3 0 18.420361 23.396999 0
4301 1256 3 0 19.648384 24.106001 0
4302 1256 3 0 22.104433 21.27 0
4303 1256 3 0 20.876408 21.979 0
4304 1256 3 0 20.876408 23.396999 0
4305 1256 3 0 22.104433 24.106001 0
4306 1256 3 0 24.56048 21.27 0
4307 1256 3 0 23.332457 21.979 0
4308 1256 3 0 23.332457 23.396999 0
4309 1256 3 0 24.56048 24.106001 0
4310 1256 3 0 27.016529 21.27 0
4311 1256 3 0 25.788504 21.979 0
4312 1256 3 0 25.788504 23.396999 0
4313 1256 3 0 27.016529 24.106001 0
4314 1256 3 0 29.472576 21.27 0
4315 1256 3 0 28.244553 21.979 0
4316 1256 3 0 28.244553 23.396999 0
4317 1256 3 0 29.472576 24.106001 0
4318 1256 3 0 31.928625 21.27 0
4319 1256 3 0 30.7006 21.979 0
4320 1256 3 0 30.7006 23.396999 0
4321 1256 3 0 31.928625 24.106001 0
4322 1256 3 0 34.384674 21.27 0
4323 1256 3 0 33.156647 21.979 0
4324 1256 3 0 33.156647 23.396999 0
4325 1256 3 0 34.384674 24.106001 0
4326 1256 3 0 36.840721 21.27 0
4327 1256 3 0 35.612698 21.979 0
4328 1256 3 0 35.612698 23.396999 0
4329 1256 3 0 36.840721 24.106001 0
4330 1256 3 0 39.296768 21.27 0
4331 1256 3 0 38.068745 21.979 0
4332 1256 3 0 38.068745 23.396999 0
4333 1256 3 0 39.296768 24.106001 0
4334 1256 3 0 41.752815 21.27 0
4335 1256 3 0 40.524792 21.979 0
4336 1256 3 0 40.524792 23.396999 0
4337 1256 3 0 41.752815 24.106001 0
4338 1256 3 0 44.208866 21.27 0
4339 1256 3 0 42.980843 21.979 0
4340 1256 3 0 42.980843 23.396999 0
4341 1256 3 0 44.208866 24.106001 0
4342 1256 3 0 46.664913 21.27 0
4343 1256 3 0 45.43689 21.979 0
4344 1256 3 0 45.43689 23.396999 0
4345 1256 3 0 46.664913 24.106001 0
4346 1256 3 0 49.12096 21.27 0
4347 1256 3 0 47.892937 21.979 0
4348 1256 3 0 47.892937 23.396999 0
4349 1256 3 0 49.12096 24.106001 0
4350 1256 3 0 51.577007 21.27 0
4351 1256 3 0 50.348984 21.979 0
4352 1256 3 0 50.348984 23.396999 0
4353 1256 3 0 51.577007 24.106001 0
4354 1256 3 0 54.033058 21.27 0
4355 1256 3 0 52.805035 21.979 0
4356 1256 3 0 52.805035 23.396999 0
4357 1256 3 0 54.033058 24.106001 0
4358 1256 3 0 56.489105 21.27 0
4359 1256 3 0 55.261082 21.979 0
4360 1256 3 0 55.261082 23.396999 0
4361 1256 3 0 56.489105 24.106001 0
4362 1256 3 0 58.945152 21.27 0
4363 1256 3 0 57.717129 21.979 0
4364 1256 3 0 57.717129 23.396999 0
4365 1256 3 0 58.945152 24.106001 0
4366 1256 3 0 0 25.524 0
4367 1256 3 0 -1.228024 26.233 0
4368 1256 3 0 -1.228024 27.650999 0
4369 1256 3 0 0 28.360001 0
4370 1256 3 0 2.456048 25.524 0
4371 1256 3 0 1.228024 26.233 0
4372 1256 3 0 1.228024 27.650999 0
4373 1256 3 0 2.456048 28.360001 0
4374 1256 3 0 4.912096 25.524 0
4375 1256 3 0 3.684072 26.233 0
4376 1256 3 0 3.684072 27.650999 0
4377 1256 3 0 4.912096 28.360001 0
4378 1256 3 0 7.368144 25.524 0
4379 1256 3 0 6.14012 26.233 0
4380 1256 3 0 6.14012 27.650999 0
4381 1256 3 0 7.368144 28.360001 0
4382 1256 3 0 9.824192 25.524 0
4383 1256 3 0 8.596169 26.233 0
4384 1256 3 0 8.596169 27.650999 0
4385 1256 3 0 9.824192 28.360001 0
4386 1256 3 0 12.28024 25.524 0
4387 1256 3 0 11.052217 26.233 0
4388 1256 3 0 11.052217 27.650999 0
4389 1256 3 0 12.28024 28.360001 0
4390 1256 3 0 14.736288 25.524 0
4391 1256 3 0 13.508265 26.233 0
4392 1256 3 0 13.508265 27.650999 0
4393 1256 3 0 14.736288 28.360001 0
4394 1256 3 0 17.192337 25.524 0
4395 1256 3 0 15.964313 26.233 0
4396 1256 3 0 15.964313 27.650999 0
4397 1256 3 0 17.192337 28.360001 0
4398 1256 3 0 19.648384 25.524 0
4399 1256 3 0 18.420361 26.233 0
4400 1256 3 0 18.420361 27.650999 0
4401 1256 3 0 19.648384 28.360001 0
4402 1256 3 0 22.104433 25.524 0
4403 1256 3 0 20.876408 26.233 0
4404 1256 3 0 20.876408 27.650999 0
4405 1256 3 0 22.104433 28.360001 0
4406 1256 3 0 24.56048 25.524 0
4407 1256 3 0 23.332457 26.233 0
4408 1256 3 0 23.332457 27.650999 0
4409 1256 3 0 24.56048 28.360001 0
4410 1256 3 0 27.016529 25.524 0
4411 1256 3 0 25.788504 26.233 0
4412 1256 3 0 25.788504 27.650999 0
4413 1256 3 0 27.016529 28.360001 0
4414 1256 3 0 29.472576 25.524 0
4415 1256 3 0 28.244553 26.233 0
4416 1256 3 0 28.244553 27.650999 0
4417 1256 3 0 29.472576 28.360001 0
4418 1256 3 0 31.928625 25.524 0
4419 1256 3 0 30.7006 26.233 0
4420 1256 3 0 30.7006 27.650999 0
4421 1256 3 0 31.928625 28.360001 0
4422 1256 3 0 34.384674 25.524 0
4423 1256 3 0 33.156647 26.233 0
4424 1256 3 0 33.156647 27.650999 0
4425 1256 3 0 34.384674 28.360001 0
4426 1256 3 0 36.840721 25.524 0
4427 1256 3 0 35.612698 26.233 0
4428 1256 3 0 35.612698 27.650999 0
4429 1256 3 0 36.840721 28.360001 0
4430 1256 3 0 39.296768 25.524 0
4431 1256 3 0 38.068745 26.233 0
4432 1256 3 0 38.068745 27.650999 0
4433 1256 3 0 39.296768 28.360001 0
4434 1256 3 0 41.752815 25.524 0
4435 1256 3 0 40.524792 26.233 0
4436 1256 3 0 40.524792 27.650999 0
4437 1256 3 0 41.752815 28.360001 0
4438 1256 3 0 44.208866 25.524 0
4439 1256 3 0 42.980843 26.233 0
4440 1256 3 0 42.980843 27.650999 0
4441 1256 3 0 44.208866 28.360001 0
4442 1256 3 0 46.664913 25.524 0
4443 1256 3 0 45.43689 26.233 0
4444 1256 3 0 45.43689 27.650999 0
4445 1256 3 0 46.664913 28.360001 0
4446 1256 3 0 49.12096 25.524 0
4447 1256 3 0 47.892937 26.233 0
4448 1256 3 0 47.892937 27.650999 0
4449 1256 3 0 49.12096 28.360001 0
4450 1256 3 0 51.577007 25.524 0
4451 1256 3 0 50.348984 26.233 0
4452 1256 3 0 50.348984 27.650999 0
4453 1256 3 0 51.577007 28.360001 0
4454 1256 3 0 54.033058 25.524 0
4455 1256 3 0 52.805035 26.233 0
4456 1256 3 0 52.805035 27.650999 0
4457 1256 3 0 54.033058 28.360001 0
4458 1256 3 0 56.489105 25.524 0
4459 1256 3 0 55.261082 26.233 0
4460 1256 3 0 55.261082 27.650999 0
4461 1256 3 0 56.489105 28.360001 0
4462 1256 3 0 58.945152 25.524 0
4463 1256 3 0 57.717129 26.233 0
4464 1256 3 0 57.717129 27.650999 0
4465 1256 3 0 58.945152 28.360001 0
4466 1256 3 0 0 29.778 0
4467 1256 3 0 -1.228024 30.487 0
4468 1256 3 0 -1.228024 31.905001 0
4469 1256 3 0 0 32.613998 0
4470 1256 3 0 2.456048 29.778 0
4471 1256 3 0 1.228024 30.487 0
4472 1256 3 0 1.228024 31.905001 0
4473 1256 3 0 2.456048 32.613998 0
4474 1256 3 0 4.912096 29.778 0
4475 1256 3 0 3.684072 30.487 0
4476 1256 3 0 3.684072 31.905001 0
4477 1256 3 0 4.912096 32.613998 0
4478 1256 3 0 7.368144 29.778 0
4479 1256 3 0 6.14012 30.487 0
4480 1256 3 0 6.14012 31.905001 0
4481 1256 3 0 7.368144 32.613998 0
4482 1256 3 0 9.824192 29.778 0
4483 1256 3 0 8.596169 30.487 0
4484 1256 3 0 8.596169 31.905001 0
4485 1256 3 0 9.824192 32.613998 0
4486 1256 3 0 12.28024 29.778 0
4487 1256 3 0 11.052217 30.487 0
4488 1256 3 0 11.052217 31.905001 0
4489 1256 3 0 12.28024 32.613998 0
4490 1256 3 0 14.736288 29.778 0
4491 1256 3 0 13.508265 30.487 0
4492 1256 3 0 13.508265 31.905001 0
4493 1256 3 0 14.736288 32.613998 0
4494 1256 3 0 17.192337 29.778 0
4495 1256 3 0 15.964313 30.487 0
4496 1256 3 0 15.964313 31.905001 0
4497 1256 3 0 17.192337 32.613998 0
4498 1256 3 0 19.648384 29.778 0
4499 1256 3 0 18.420361 30.487 0
4500 1256 3 0 18.420361 31.905001 0
4501 1256 3 0 19.648384 32.613998 0
4502 1256 3 0 22.104433 29.778 0
4503 1256 3 0 20.876408 30.487 0
4504 1256 3 0 20.876408 31.905001 0
4505 1256 3 0 22.104433 32.613998 0
4506 1256 3 0 24.56048 29.778 0
4507 1256 3 0 23.332457 30.487 0
4508 1256 3 0 23.332457 31.905001 0
4509 1256 3 0 24.56048 32.613998 0
4510 1256 3 0 27.016529 29.778 0
4511 1256 3 0 25.788504 30.487 0
4512 1256 3 0 25.788504 31.905001 0
4513 1256 3 0 27.016529 32.613998 0
4514 1256 3 0 29.472576 29.778 0
4515 1256 3 0 28.244553 30.487 0
4516 1256 3 0 28.244553 31.905001 0
4517 1256 3 0 29.472576 32.613998 0
4518 1256 3 0 31.928625 29.778 0
4519 1256 3 0 30.7006 30.487 0
4520 1256 3 0 30.7006 31.905001 0
4521 1256 3 0 31.928625 32.613998 0
4522 1256 3 0 34.384674 29.778 0
4523 1256 3 0 33.156647 30.487 0
4524 1256 3 0 33.156647 31.905001 0
4525 1256 3 0 34.384674 32.613998 0
4526 1256 3 0 36.840721 29.778 0
4527 1256 3 0 35.612698 30.487 0
4528 1256 3 0 35.612698 31.905001 0
4529 1256 3 0 36.840721 32.613998 0
4530 1256 3 0 39.296768 29.778 0
4531 1256 3 0 38.068745 30.487 0
4532 1256 3 0 38.068745 31.905001 0
4533 1256 3 0 39.296768 32.613998 0
4534 1256 3 0 41.752815 29.778 0
4535 1256 3 0 40.524792 30.487 0
4536 1256 3 0 40.524792 31.905001 0
4537 1256 3 0 41.752815 32.613998 0
4538 1256 3 0 44.208866 29.778 0
4539 1256 3 0 42.980843 30.487 0
4540 1256 3 0 42.980843 31.905001 0
4541 1256 3 0 44.208866 32.613998 0
4542 1256 3 0 46.664913 29.778 0
4543 1256 3 0 45.43689 30.487 0
4544 1256 3 0 45.43689 31.905001 0
4545 1256 3 0 46.664913 32.613998 0
4546 1256 3 0 49.12096 29.778 0
4547 1256 3 0 47.892937 30.487 0
4548 1256 3 0 47.892937 31.905001 0
4549 1256 3 0 49.12096 32.613998 0
4550 1256 3 0 51.577007 29.778 0
4551 1256 3 0 50.348984 30.487 0
4552 1256 3 0 50.348984 31.905001 0
4553 1256 3 0 51.577007 32.613998 0
4554 1256 3 0 54.033058 29.778 0
4555 1256 3 0 52.805035 30.487 0
4556 1256 3 0 52.805035 31.905001 0
4557 1256 3 0 54.033058 32.613998 0
4558 1256 3 0 56.489105 29.778 0
4559 1256 3 0 55.261082 30.487 0
4560 1256 3 0 55.261082 31.905001 0
4561 1256 3 0 56.489105 32.613998 0
4562 1256 3 0 58.945152 29.778 0
4563 1256 3 0 57.717129 30.487 0
4564 1256 3 0 57.717129 31.905001 0
4565 1256 3 0 58.945152 32.613998 0
4566 1256 3 0 0 34.032001 0
4567 1256 3 0 -1.228024 34.741001 0
4568 1256 3 0 -1.228024 36.159 0
4569 1256 3 0 0 36.868 0
4570 1256 3 0 2.456048 34.032001 0
4571 1256 3 0 1.228024 34.741001 0
4572 1256 3 0 1.228024 36.159 0
4573 1256 3 0 2.456048 36.868 0
4574 1256 3 0 4.912096 34.032001 0
4575 1256 3 0 3.684072 34.741001 0
4576 1256 3 0 3.684072 36.159 0
4577 1256 3 0 4.912096 36.868 0
4578 1256 3 0 7.368144 34.032001 0
4579 1256 3 0 6.14012 34.741001 0
4580 1256 3 0 6.14012 36.159 0
4581 1256 3 0 7.368144 36.868 0
4582 1256 3 0 9.824192 34.032001 0
4583 1256 3 0 8.596169 34.741001 0
4584 1256 3 0 8.596169 36.159 0
4585 1256 3 0 9.824192 36.868 0
4586 1256 3 0 12.28024 34.032001 0
4587 1256 3 0 11.052217 34.741001 0
4588 1256 3 0 11.052217 36.159 0
4589 1256 3 0 12.28024 36.868 0
4590 1256 3 0 14.736288 34.032001 0
4591 1256 3 0 13.508265 34.741001 0
4592 1256 3 0 13.508265 36.159 0
4593 1256 3 0 14.736288 36.868 0
4594 1256 3 0 17.192337 34.032001 0
4595 1256 3 0 15.964313 34.741001 0
4596 1256 3 0 15.964313 36.159 0
4597 1256 3 0 17.192337 36.868 0
4598 1256 3 0 19.648384 34.032001 0
4599 1256 3 0 18.420361 34.741001 0
4600 1256 3 0 18.420361 36.159 0
4601 1256 3 0 19.648384 36.868 0
4602 1256 3 0 22.104433 34.032001 0
4603 1256 3 0 20.876408 34.741001 0
4604 1256 3 0 20.876408 36.159 0
4605 1256 3 0 22.104433 36.868 0
4606 1256 3 0 24.56048 34.032001 0
4607 1256 3 0 23.332457 34.741001 0
4608 1256 3 0 23.332457 36.159 0
4609 1256 3 0 24.56048 36.868 0
4610 1256 3 0 27.016529 34.032001 0
4611 1256 3 0 25.788504 34.741001 0
4612 1256 3 0 25.788504 36.159 0
4613 1256 3 0 27.016529 36.868 0
4614 1256 3 0 29.472576 34.032001 0
4615 1256 3 0 28.244553 34.741001 0
4616 1256 3 0 28.244553 36.159 0
4617 1256 3 0 29.472576 36.868 0
4618 1256 3 0 31.928625 34.032001 0
4619 1256 3 0 30.7006 34.741001 0
4620 1256 3 0 30.7006 36.159 0
4621 1256 3 0 31.928625 36.868 0
4622 1256 3 0 34.384674 34.032001 0
4623 1256 3 0 33.156647 34.741001 0
4624 1256 3 0 33.156647 36.159 0
4625 1256 3 0 34.384674 36.868 0
4626 1256 3 0 36.840721 34.032001 0
4627 1256 3 0 35.612698 34.741001 0
4628 1256 3 0 35.612698 36.159 0
4629 1256 3 0 36.840721 36.868 0
4630 1256 3 0 39.296768 34.032001 0
4631 1256 3 0 38.068745 34.741001 0
4632 1256 3 0 38.068745 36.159 0
4633 1256 3 0 39.296768 36.868 0
4634 1256 3 0 41.752815 34.032001 0
4635 1256 3 0 40.524792 34.741001 0
4636 1256 3 0 40.524792 36.159 0
4637 1256 3 0 41.752815 36.868 0
4638 1256 3 0 44.208866 34.032001 0
4639 1256 3 0 42.980843 34.741001 0
4640 1256 3 0 42.980843 36.159 0
4641 1256 3 0 44.208866 36.868 0
4642 1256 3 0 46.664913 34.032001 0
4643 1256 3 0 45.43689 34.741001 0
4644 1256 3 0 45.43689 36.159 0
4645 1256 3 0 46.664913 36.868 0
4646 1256 3 0 49.12096 34.032001 0
4647 1256 3 0 47.892937 34.741001 0
4648 1256 3 0 47.892937 36.159 0
4649 1256 3 0 49.12096 36.868 0
4650 1256 3 0 51.577007 34.032001 0
4651 1256 3 0 50.348984 34.741001 0
4652 1256 3 0 50.348984 36.159 0
4653 1256 3 0 51.577007 36.868 0
4654 1256 3 0 54.033058 34.032001 0
4655 1256 3 0 52.805035 34.741001 0
4656 1256 3 0 52.805035 36.159 0
4657 1256 3 0 54.033058 36.868 0
4658 1256 3 0 56.489105 34.032001 0
4659 1256 3 0 55.261082 34.741001 0
4660 1256 3 0 55.261082 36.159 0
4661 1256 3 0 56.489105 36.868 0
4662 1256 3 0 58.945152 34.032001 0
4663 1256 3 0 57.717129 34.741001 0
4664 1256 3 0 57.717129 36.159 0
4665 1256 3 0 58.945152 36.868 0
4666 1256 3 0 0 38.285999 0
4667 1256 3 0 -1.228024 38.994999 0
4668 1256 3 0 -1.228024 40.412998 0
4669 1256 3 0 0 41.122002 0
4670 1256 3 0 2.456048 38.285999 0
4671 1256 3 0 1.228024 38.994999 0
4672 1256 3 0 1.228024 40.412998 0
4673 1256 3 0 2.456048 41.122002 0
4674 1256 3 0 4.912096 38.285999 0
4675 1256 3 0 3.684072 38.994999 0
4676 1256 3 0 3.684072 40.412998 0
4677 1256 3 0 4.912096 41.122002 0
4678 1256 3 0 7.368144 38.285999 0
4679 1256 3 0 6.14012 38.994999 0
4680 1256 3 0 6.14012 40.412998 0
4681 1256 3 0 7.368144 41.122002 0
4682 1256 3 0 9.824192 38.285999 0
4683 1256 3 0 8.596169 38.994999 0
4684 1256 3 0 8.596169 40.412998 0
4685 1256 3 0 9.824192 41.122002 0
4686 1256 3 0 12.28024 38.285999 0
4687 1256 3 0 11.052217 38.994999 0
4688 1256 3 0 11.052217 40.412998 0
4689 1256 3 0 12.28024 41.122002 0
4690 1256 3 0 14.736288 38.285999 0
4691 1256 3 0 13.508265 38.994999 0
4692 1256 3 0 13.508265 40.412998 0
4693 1256 3 0 14.736288 41.122002 0
4694 1256 3 0 17.192337 38.285999 0
4695 1256 3 0 15.964313 38.994999 0
4696 1256 3 0 15.964313 40.412998 0
4697 1256 3 0 17.192337 41.122002 0
4698 1256 3 0 19.648384 38.285999 0
4699 1256 3 0 18.420361 38.994999 0
4700 1256 3 0 18.420361 40.412998 0
4701 1256 3 0 19.648384 41.122002 0
4702 1256 3 0 22.104433 38.285999 0
4703 1256 3 0 20.876408 38.994999 0
4704 1256 3 0 20.876408 40.412998 0
4705 1256 3 0 22.104433 41.122002 0
4706 1256 3 0 24.56048 38.285999 0
4707 1256 3 0 23.332457 38.994999 0
4708 1256 3 0 23.332457 40.412998 0
4709 1256 3 0 24.56048 41.122002 0
4710 1256 3 0 27.016529 38.285999 0
4711 1256 3 0 25.788504 38.994999 0
4712 1256 3 0 25.788504 40.412998 0
4713 1256 3 0 27.016529 41.122002 0
4714 1256 3 0 29.472576 38.285999 0
4715 1256 3 0 28.244553 38.994999 0
4716 1256 3 0 28.244553 40.412998 0
4717 1256 3 0 29.472576 41.122002 0
4718 1256 3 0 31.928625 38.285999 0
4719 1256 3 0 30.7006 38.994999 0
4720 1256 3 0 30.7006 40.412998 0
4721 1256 3 0 31.928625 41.122002 0
4722 1256 3 0 34.384674 38.285999 0
4723 1256 3 0 33.156647 38.994999 0
4724 1256 3 0 33.156647 40.412998 0
4725 1256 3 0 34.384674 41.122002 0
4726 1256 3 0 36.840721 38.285999 0
4727 1256 3 0 35.612698 38.994999 0
4728 1256 3 0 35.612698 40.412998 0
4729 1256 3 0 36.840721 41.122002 0
4730 1256 3 0 39.296768 38.285999 0
4731 1256 3 0 38.068745 38.994999 0
4732 1256 3 0 38.068745 40.412998 0
4733 1256 3 0 39.296768 41.122002 0
4734 1256 3 0 41.752815 38.285999 0
4735 1256 3 0 40.524792 38.994999 0
4736 1256 3 0 40.524792 40.412998 0
4737 1256 3 0 41.752815 41.122002 0
4738 1256 3 0 44.208866 38.285999 0
4739 1256 3 0 42.980843 38.994999 0
4740 1256 3 0 42.980843 40.412998 0
4741 1256 3 0 44.208866 41.122002 0
4742 1256 3 0 46.664913 38.285999 0
4743 1256 3 0 45.43689 38.994999 0
4744 1256 3 0 45.43689 40.412998 0
4745 1256 3 0 46.664913 41.122002 0
4746 1256 3 0 49.12096 38.285999 0
4747 1256 3 0 47.892937 38.994999 0
4748 1256 3 0 47.892937 40.412998 0
4749 1256 3 0 49.12096 41.122002 0
4750 1256 3 0 51.577007 38.285999 0
4751 1256 3 0 50.348984 38.994999 0
4752 1256 3 0 50.348984 40.412998 0
4753 1256 3 0 51.577007 41.122002 0
4754 1256 3 0 54.033058 38.285999 0
4755 1256 3 0 52.805035 38.994999 0
4756 1256 3 0 52.805035 40.412998 0
4757 1256 3 0 54.033058 41.122002 0
4758 1256 3 0 56.489105 38.285999 0
4759 1256 3 0 55.261082 38.994999 0
4760 1256 3 0 55.261082 40.412998 0
4761 1256 3 0 56.489105 41.122002 0
4762 1256 3 0 58.945152 38.285999 0
4763 1256 3 0 57.717129 38.994999 0
4764 1256 3 0 57.717129 40.412998 0
4765 1256 3 0 58.945152 41.122002 0
4766 1256 3 0 0 42.540001 0
4767 1256 3 0 -1.228024 43.249001 0
4768 1256 3 0 -1.228024 44.667 0
4769 1256 3 0 0 45.375999 0
4770 1256 3 0 2.456048 42.540001 0
4771 1256 3 0 1.228024 43.249001 0
4772 1256 3 0 1.228024 44.667 0
4773 1256 3 0 2.456048 45.375999 0
4774 1256 3 0 4.912096 42.540001 0
4775 1256 3 0 3.684072 43.249001 0
4776 1256 3 0 3.684072 44.667 0
4777 1256 3 0 4.912096 45.375999 0
4778 1256 3 0 7.368144 42.540001 0
4779 1256 3 0 6.14012 43.249001 0
4780 1256 3 0 6.14012 44.667 0
4781 1256 3 0 7.368144 45.375999 0
4782 1256 3 0 9.824192 42.540001 0
4783 1256 3 0 8.596169 43.249001 0
4784 1256 3 0 8.596169 44.667 0
4785 1256 3 0 9.824192 45.375999 0
4786 1256 3 0 12.28024 42.540001 0
4787 1256 3 0 11.052217 43.249001 0
4788 1256 3 0 11.052217 44.667 0
4789 1256 3 0 12.28024 45.375999 0
4790 1256 3 0 14.736288 42.540001 0
4791 1256 3 0 13.508265 43.249001 0
4792 1256 3 0 13.508265 44.667 0
4793 1256 3 0 14.736288 45.375999 0
4794 1256 3 0 17.192337 42.540001 0
4795 1256 3 0 15.964313 43.249001 0
4796 1256 3 0 15.964313 44.667 0
4797 1256 3 0 17.192337 45.375999 0
4798 1256 3 0 19.648384 42.540001 0
4799 1256 3 0 18.420361 43.249001 0
4800 1256 3 0 18.420361 44.667 0
4801 1256 3 0 19.648384 45.375999 0
4802 1256 3 0 22.104433 42.540001 0
4803 1256 3 0 20.876408 43.249001 0
4804 1256 3 0 20.876408 44.667 0
4805 1256 3 0 22.104433 45.375999 0
4806 1256 3 0 24.56048 42.540001 0
4807 1256 3 0 23.332457 43.249001 0
4808 1256 3 0 23.332457 44.667 0
4809 1256 3 0 24.56048 45.375999 0
4810 1256 3 0 27.016529 42.540001 0
4811 1256 3 0 25.788504 43.249001 0
4812 1256 3 0 25.788504 44.667 0
4813 1256 3 0 27.016529 45.375999 0
4814 1256 3 0 29.472576 42.540001 0
4815 1256 3 0 28.244553 43.249001 0
4816 1256 3 0 28.244553 44.667 0
4817 1256 3 0 29.472576 45.375999 0
4818 1256 3 0 31.928625 42.540001 0
4819 1256 3 0 30.7006 43.249001 0
4820 1256 3 0 30.7006 44.667 0
4821 1256 3 0 31.928625 45.375999 0
4822 1256 3 0 34.384674 42.540001 0
4823 1256 3 0 33.156647 43.249001 0
4824 1256 3 0 33.156647 44.667 0
4825 1256 3 0 34.384674 45.375999 0
4826 1256 3 0 36.840721 42.540001 0
4827 1256 3 0 35.612698 43.249001 0
4828 1256 3 0 35.612698 44.667 0
4829 1256 3 0 36.840721 45.375999 0
4830 1256 3 0 39.296768 42.540001 0
4831 1256 3 0 38.068745 43.249001 0
4832 1256 3 0 38.068745 44.667 0
4833 1256 3 0 39.296768 45.375999 0
4834 1256 3 0 41.752815 42.540001 0
4835 1256 3 0 40.524792 43.249001 0
4836 1256 3 0 40.524792 44.667 0
4837 1256 3 0 41.752815 45.375999 0
4838 1256 3 0 44.208866 42.540001 0
4839 1256 3 0 42.980843 43.249001 0
4840 1256 3 0 42.980843 44.667 0
4841 1256 3 0 44.208866 45.375999 0
4842 1256 3 0 46.664913 42.540001 0
4843 1256 3 0 45.43689 43.249001 0
4844 1256 3 0 45.43689 44.667 0
4845 1256 3 0 46.664913 45.375999 0
4846 1256 3 0 49.12096 42.540001 0
4847 1256 3 0 47.892937 43.249001 0
4848 1256 3 0 47.892937 44.667 0
4849 1256 3 0 49.12096 45.375999 0
4850 1256 3 0 51.577007 42.540001 0
4851 1256 3 0 50.348984 43.249001 0
4852 1256 3 0 50.348984 44.667 0
4853 1256 3 0 51.577007 45.375999 0
4854 1256 3 0 54.033058 42.540001 0
4855 1256 3 0 52.805035 43.249001 0
4856 1256 3 0 52.805035 44.667 0
4857 1256 3 0 54.033058 45.375999 0
4858 1256 3 0 56.489105 42.540001 0
4859 1256 3 0 55.261082 43.249001 0
4860 1256 3 0 55.261082 44.667 0
4861 1256 3 0 56.489105 45.375999 0
4862 1256 3 0 58.945152 42.540001 0
4863 1256 3 0 57.717129 43.249001 0
4864 1256 3 0 57.717129 44.667 0
4865 1256 3 0 58.945152 45.375999 0
4866 1256 3 0 0 46.793999 0
4867 1256 3 0 -1.228024 47.502998 0
4868 1256 3 0 -1.228024 48.921001 0
4869 1256 3 0 0 49.630001 0
4870 1256 3 0 2.456048 46.793999 0
4871 1256 3 0 1.228024 47.502998 0
4872 1256 3 0 1.228024 48.921001 0
4873 1256 3 0 2.456048 49.630001 0
4874 1256 3 0 4.912096 46.793999 0
4875 1256 3 0 3.684072 47.502998 0
4876 1256 3 0 3.684072 48.921001 0
4877 1256 3 0 4.912096 49.630001 0
4878 1256 3 0 7.368144 46.793999 0
4879 1256 3 0 6.14012 47.502998 0
4880 1256 3 0 6.14012 48.921001 0
4881 1256 3 0 7.368144 49.630001 0
4882 1256 3 0 9.824192 46.793999 0
4883 1256 3 0 8.596169 47.502998 0
4884 1256 3 0 8.596169 48.921001 0
4885 1256 3 0 9.824192 49.630001 0
4886 1256 3 0 12.28024 46.793999 0
4887 1256 3 0 11.052217 47.502998 0
4888 1256 3 0 11.052217 48.921001 0
4889 1256 3 0 12.28024 49.630001 0
4890 1256 3 0 14.736288 46.793999 0
4891 1256 3 0 13.508265 47.502998 0
4892 1256 3 0 13.508265 48.921001 0
4893 1256 3 0 14.736288 49.630001 0
4894 1256 3 0 17.192337 46.793999 0
4895 1256 3 0 15.964313 47.502998 0
4896 1256 3 0 15.964313 48.921001 0
4897 1256 3 0 17.192337 49.630001 0
4898 1256 3 0 19.648384 46.793999 0
4899 1256 3 0 18.420361 47.502998 0
4900 1256 3 0 18.420361 48.921001 0
4901 1256 3 0 19.648384 49.630001 0
4902 1256 3 0 22.104433 46.793999 0
4903 1256 3 0 20.876408 47.502998 0
4904 1256 3 0 20.876408 48.921001 0
4905 1256 3 0 22.104433 49.630001 0
4906 1256 3 0 24.56048 46.793999 0
4907 1256 3 0 23.332457 47.502998 0
4908 1256 3 0 23.332457 48.921001 0
4909 1256 3 0 24.56048 49.630001 0
4910 1256 3 0 27.016529 46.793999 0
4911 1256 3 0 25.788504 47.502998 0
4912 1256 3 0 25.788504 48.921001 0
4913 1256 3 0 27.016529 49.630001 0
4914 1256 3 0 29.472576 46.793999 0
4915 1256 3 0 28.244553 47.502998 0
4916 1256 3 0 28.244553 48.921001 0
4917 1256 3 0 29.472576 49.630001 0
4918 1256 3 0 31.928625 46.793999 0
4919 1256 3 0 30.7006 47.502998 0
4920 1256 3 0 30.7006 48.921001 0
4921 1256 3 0 31.928625 49.630001 0
4922 1256 3 0 34.384674 46.793999 0
4923 1256 3 0 33.156647 47.502998 0
4924 1256 3 0 33.156647 48.921001 0
4925 1256 3 0 34.384674 49.630001 0
4926 1256 3 0 36.840721 46.793999 0
4927 1256 3 0 35.612698 47.502998 0
4928 1256 3 0 35.612698 48.921001 0
4929 1256 3 0 36.840721 49.630001 0
4930 1256 3 0 39.296768 46.793999 0
4931 1256 3 0 38.068745 47.502998 0
4932 1256 3 0 38.068745 48.921001 0
4933 1256 3 0 39.296768 49.630001 0
4934 1256 3 0 41.752815 46.793999 0
4935 1256 3 0 40.524792 47.502998 0
4936 1256 3 0 40.524792 48.921001 0
4937 1256 3 0 41.752815 49.630001 0
4938 1256 3 0 44.208866 46.793999 0
4939 1256 3 0 42.980843 47.502998 0
4940 1256 3 0 42.980843 48.921001 0
4941 1256 3 0 44.208866 49.630001 0
4942 1256 3 0 46.664913 46.793999 0
4943 1256 3 0 45.43689 47.502998 0
4944 1256 3 0 45.43689 48.921001 0
4945 1256 3 0 46.664913 49.630001 0
4946 1256 3 0 49.12096 46.793999 0
4947 1256 3 0 47.892937 47.502998 0
4948 1256 3 0 47.892937 48.921001 0
4949 1256 3 0 49.12096 49.630001 0
4950 1256 3 0 51.577007 46.793999 0
4951 1256 3 0 50.348984 47.502998 0
4952 1256 3 0 50.348984 48.921001 0
4953 1256 3 0 51.577007 49.630001 0
4954 1256 3 0 54.033058 46.793999 0
4955 1256 3 0 52.805035 47.502998 0
4956 1256 3 0 52.805035 48.921001 0
4957 1256 3 0 54.033058 49.630001 0
4958 1256 3 0 56.489105 46.793999 0
4959 1256 3 0 55.261082 47.502998 0
4960 1256 3 0 55.261082 48.921001 0
4961 1256 3 0 56.489105 49.630001 0
4962 1256 3 0 58.945152 46.793999 0
4963 1256 3 0 57.717129 47.502998 0
4964 1256 3 0 57.717129 48.921001 0
4965 1256 3 0 58.945152 49.630001 0
4966 1256 3 0 0 51.048 0
4967 1256 3 0 -1.228024 51.757 0
4968 1256 3 0 -1.228024 53.174999 0
4969 1256 3 0 0 53.883999 0
4970 1256 3 0 2.456048 51.048 0
4971 1256 3 0 1.228024 51.757 0
4972 1256 3 0 1.228024 53.174999 0
4973 1256 3 0 2.456048 53.883999 0
4974 1256 3 0 4.912096 51.048 0
4975 1256 3 0 3.684072 51.757 0
4976 1256 3 0 3.684072 53.174999 0
4977 1256 3 0 4.912096 53.883999 0
4978 1256 3 0 7.368144 51.048 0
4979 1256 3 0 6.14012 51.757 0
4980 1256 3 0 6.14012 53.174999 0
4981 1256 3 0 7.368144 53.883999 0
4982 1256 3 0 9.824192 51.048 0
4983 1256 3 0 8.596169 51.757 0
4984 1256 3 0 8.596169 53.174999 0
4985 1256 3 0 9.824192 53.883999 0
4986 1256 3 0 12.28024 51.048 0
4987 1256 3 0 11.052217 51.757 0
4988 1256 3 0 11.052217 53.174999 0
4989 1256 3 0 12.28024 53.883999 0
4990 1256 3 0 14.736288 51.048 0
4991 1256 3 0 13.508265 51.757 0
4992 1256 3 0 13.508265 53.174999 0
4993 1256 3 0 14.736288 53.883999 0
4994 1256 3 0 17.192337 51.048 0
4995 1256 3 0 15.964313 51.757 0
4996 1256 3 0 15.964313 53.174999 0
4997 1256 3 0 17.192337 53.883999 0
4998 1256 3 0 19.648384 51.048 0
4999 1256 3 0 18.420361 51.757 0
5000 1256 3 0 18.420361 53.174999 0
5001 1256 3 0 19.648384 53.883999 0
5002 1256 3 0 22.104433 51.048 0
5003 1256 3 0 20.876408 51.757 0
5004 1256 3 0 20.876408 53.174999 0
5005 1256 3 0 22.104433 53.883999 0
5006 1256 3 0 24.56048 51.048 0
5007 1256 3 0 23.332457 51.757 0
5008 1256 3 0 23.332457 53.174999 0
5009 1256 3 0 24.56048 53.883999 0
5010 1256 3 0 27.016529 51.048 0
5011 1256 3 0 25.788504 51.757 0
5012 1256 3 0 25.788504 53.174999 0
5013 1256 3 0 27.016529 53.883999 0
5014 1256 3 0 29.472576 51.048 0
5015 1256 3 0 28.244553 51.757 0
5016 1256 3 0 28.244553 53.174999 0
5017 1256 3 0 29.472576 53.883999 0
5018 1256 3 0 31.928625 51.048 0
5019 1256 3 0 30.7006 51.757 0
5020 1256 3 0 30.7006 53.174999 0
5021 1256 3 0 31.928625 53.883999 0
5022 1256 3 0 34.384674 51.048 0
5023 1256 3 0 33.156647 51.757 0
5024 1256 3 0 33.156647 53.174999 0
5025 1256 3 0 34.384674 53.883999 0
5026 1256 3 0 36.840721 51.048 0
5027 1256 3 0 35.612698 51.757 0
5028 1256 3 0 35.612698 53.174999 0
5029 1256 3 0 36.840721 53.883999 0
5030 1256 3 0 39.296768 51.048 0
5031 1256 3 0 38.068745 51.757 0
5032 1256 3 0 38.068745 53.174999 0
5033 1256 3 0 39.296768 53.883999 0
5034 1256 3 0 41.752815 51.048 0
5035 1256 3 0 40.524792 51.757 0
5036 1256 3 0 40.524792 53.174999 0
5037 1256 3 0 41.752815 53.883999 0
5038 1256 3 0 44.208866 51.048 0
5039 1256 3 0 42.980843 51.757 0
5040 1256 3 0 42.980843 53.174999 0
5041 1256 3 0 44.208866 53.883999 0
5042 1256 3 0 46.664913 51.048 0
5043 1256 3 0 45.43689 51.757 0
5044 1256 3 0 45.43689 53.174999 0
5045 1256 3 0 46.664913 53.883999 0
5046 1256 3 0 49.12096 51.048 0
5047 1256 3 0 47.892937 51.757 0
5048 1256 3 0 47.892937 53.174999 0
5049 1256 3 0 49.12096 53.883999 0
5050 1256 3 0 51.577007 51.048 0
5051 1256 3 0 50.348984 51.757 0
5052 1256 3 0 50.348984 53.174999 0
5053 1256 3 0 51.577007 53.883999 0
5054 1256 3 0 54.033058 51.048 0
5055 1256 3 0 52.805035 51.757 0
5056 1256 3 0 52.805035 53.174999 0
5057 1256 3 0 54.033058 53.883999 0
5058 1256 3 0 56.489105 51.048 0
5059 1256 3 0 55.261082 51.757 0
5060 1256 3 0 55.261082 53.174999 0
5061 1256 3 0 56.489105 53.883999 0
5062 1256 3 0 58.945152 51.048 0
5063 1256 3 0 57.717129 51.757 0
5064 1256 3 0 57.717129 53.174999 0
5065 1256 3 0 58.945152 53.883999 0
5066 1256 3 0 0 55.301998 0
5067 1256 3 0 -1.228024 56.011002 0
5068 1256 3 0 -1.228024 57.429001 0
5069 1256 3 0 0 58.138 0
5070 1256 3 0 2.456048 55.301998 0
5071 1256 3 0 1.228024 56.011002 0
5072 1256 3 0 1.228024 57.429001 0
5073 1256 3 0 2.456048 58.138 0
5074 1256 3 0 4.912096 55.301998 0
5075 1256 3 0 3.684072 56.011002 0
5076 1256 3 0 3.684072 57.429001 0
5077 1256 3 0 4.912096 58.138 0
5078 1256 3 0 7.368144 55.301998 0
5079 1256 3 0 6.14012 56.011002 0
5080 1256 3 0 6.14012 57.429001 0
5081 1256 3 0 7.368144 58.138 0
5082 1256 3 0 9.824192 55.301998 0
5083 1256 3 0 8.596169 56.011002 0
5084 1256 3 0 8.596169 57.429001 0
5085 1256 3 0 9.824192 58.138 0
5086 1256 3 0 12.28024 55.301998 0
5087 1256 3 0 11.052217 56.011002 0
5088 1256 3 0 11.052217 57.429001 0
5089 1256 3 0 12.28024 58.138 0
5090 1256 3 0 14.736288 55.301998 0
5091 1256 3 0 13.508265 56.011002 0
5092 1256 3 0 13.508265 57.429001 0
5093 1256 3 0 14.736288 58.138 0
5094 1256 3 0 17.192337 55.301998 0
5095 1256 3 0 15.964313 56.011002 0
5096 1256 3 0 15.964313 57.429001 0
5097 1256 3 0 17.192337 58.138 0
5098 1256 3 0 19.648384 55.301998 0
5099 1256 3 0 18.420361 56.011002 0
5100 1256 3 0 18.420361 57.429001 0
5101 1256 3 0 19.648384 58.138 0
5102 1256 3 0 22.104433 55.301998 0
5103 1256 3 0 20.876408 56.011002 0
5104 1256 3 0 20.876408 57.429001 0
5105 1256 3 0 22.104433 58.138 0
5106 1256 3 0 24.56048 55.301998 0
5107 1256 3 0 23.332457 56.011002 0
5108 1256 3 0 23.332457 57.429001 0
5109 1256 3 0 24.56048 58.138 0
5110 1256 3 0 27.016529 55.301998 0
5111 1256 3 0 25.788504 56.011002 0
5112 1256 3 0 25.788504 57.429001 0
5113 1256 3 0 27.016529 58.138 0
5114 1256 3 0 29.472576 55.301998 0
5115 1256 3 0 28.244553 56.011002 0
5116 1256 3 0 28.244553 57.429001 0
5117 1256 3 0 29.472576 58.138 0
5118 1256 3 0 31.928625 55.301998 0
5119 1256 3 0 30.7006 56.011002 0
5120 1256 3 0 30.7006 57.429001 0
5121 1256 3 0 31.928625 58.138 0
5122 1256 3 0 34.384674 55.301998 0
5123 1256 3 0 33.156647 56.011002 0
5124 1256 3 0 33.156647 57.429001 0
5125 1256 3 0 34.384674 58.138 0
5126 1256 3 0 36.840721 55.301998 0
5127 1256 3 0 35.612698 56.011002 0
5128 1256 3 0 35.612698 57.429001 0
5129 1256 3 0 36.840721 58.138 0
5130 1256 3 0 39.296768 55.301998 0
5131 1256 3 0 38.068745 56.011002 0
5132 1256 3 0 38.068745 57.429001 0
5133 1256 3 0 39.296768 58.138 0
5134 1256 3 0 41.752815 55.301998 0
5135 1256 3 0 40.524792 56.011002 0
5136 1256 3 0 40.524792 57.429001 0
5137 1256 3 0 41.752815 58.138 0
5138 1256 3 0 44.208866 55.301998 0
5139 1256 3 0 42.980843 56.011002 0
5140 1256 3 0 42.980843 57.429001 0
5141 1256 3 0 44.208866 58.138 0
5142 1256 3 0 46.664913 55.301998 0
5143 1256 3 0 45.43689 56.011002 0
5144 1256 3 0 45.43689 57.429001 0
5145 1256 3 0 46.664913 58.138 0
5146 1256 3 0 49.12096 55.301998 0
5147 1256 3 0 47.892937 56.011002 0
5148 1256 3 0 47.892937 57.429001 0
5149 1256 3 0 49.12096 58.138 0
5150 1256 3 0 51.577007 55.301998 0
5151 1256 3 0 50.348984 56.011002 0
5152 1256 3 0 50.348984 57.429001 0
5153 1256 3 0 51.577007 58.138 0
5154 1256 3 0 54.033058 55.301998 0
5155 1256 3 0 52.805035 56.011002 0
5156 1256 3 0 52.805035 57.429001 0
5157 1256 3 0 54.033058 58.138 0
5158 1256 3 0 56.489105 55.301998 0
5159 1256 3 0 55.261082 56.011002 0
5160 1256 3 0 55.261082 57.429001 0
5161 1256 3 0 56.489105 58.138 0
5162 1256 3 0 58.945152 55.301998 0
5163 1256 3 0 57.717129 56.011002 0
5164 1256 3 0 57.717129 57.429001 0
5165 1256 3 0 58.945152 58.138 0
5166 1256 3 0 0 59.556 0
5167 1256 3 0 -1.228024 60.264999 0
5168 1256 3 0 -1.228024 61.682999 0
5169 1256 3 0 0 62.391998 0
5170 1256 3 0 2.456048 59.556 0
5171 1256 3 0 1.228024 60.264999 0
5172 1256 3 0 1.228024 61.682999 0
5173 1256 3 0 2.456048 62.391998 0
5174 1256 3 0 4.912096 59.556 0
5175 1256 3 0 3.684072 60.264999 0
5176 1256 3 0 3.684072 61.682999 0
5177 1256 3 0 4.912096 62.391998 0
5178 1256 3 0 7.368144 59.556 0
5179 1256 3 0 6.14012 60.264999 0
5180 1256 3 0 6.14012 61.682999 0
5181 1256 3 0 7.368144 62.391998 0
5182 1256 3 0 9.824192 59.556 0
5183 1256 3 0 8.596169 60.264999 0
5184 1256 3 0 8.596169 61.682999 0
5185 1256 3 0 9.824192 62.391998 0
5186 1256 3 0 12.28024 59.556 0
5187 1256 3 0 11.052217 60.264999 0
5188 1256 3 0 11.052217 61.682999 0
5189 1256 3 0 12.28024 62.391998 0
5190 1256 3 0 14.736288 59.556 0
5191 1256 3 0 13.508265 60.264999 0
5192 1256 3 0 13.508265 61.682999 0
5193 1256 3 0 14.736288 62.391998 0
5194 1256 3 0 17.192337 59.556 0
5195 1256 3 0 15.964313 60.264999 0
5196 1256 3 0 15.964313 61.682999 0
5197 1256 3 0 17.192337 62.391998 0
5198 1256 3 0 19.648384 59.556 0
5199 1256 3 0 18.420361 60.264999 0
5200 1256 3 0 18.420361 61.682999 0
5201 1256 3 0 19.648384 62.391998 0
5202 1256 3 0 22.104433 59.556 0
5203 1256 3 0 20.876408 60.264999 0
5204 1256 3 0 20.876408 61.682999 0
5205 1256 3 0 22.104433 62.391998 0
5206 1256 3 0 24.56048 59.556 0
5207 1256 3 0 23.332457 60.264999 0
5208 1256 3 0 23.332457 61.682999 0
5209 1256 3 0 24.56048 62.391998 0
5210 1256 3 0 27.016529 59.556 0
5211 1256 3 0 25.788504 60.264999 0
5212 1256 3 0 25.788504 61.682999 0
5213 1256 3 0 27.016529 62.391998 0
5214 1256 3 0 29.472576 59.556 0
5215 1256 3 0 28.244553 60.264999 0
5216 1256 3 0 28.244553 61.682999 0
5217 1256 3 0 29.472576 62.391998 0
5218 1256 3 0 31.928625 59.556 0
5219 1256 3 0 30.7006 60.264999 0
5220 1256 3 0 30.7006 61.682999 0
5221 1256 3 0 31.928625 62.391998 0
5222 1256 3 0 34.384674 59.556 0
5223 1256 3 0 33.156647 60.264999 0
5224 1256 3 0 33.156647 61.682999 0
5225 1256 3 0 34.384674 62.391998 0
5226 1256 3 0 36.840721 59.556 0
5227 1256 3 0 35.612698 60.264999 0
5228 1256 3 0 35.612698 61.682999 0
5229 1256 3 0 36.840721 62.391998 0
5230 1256 3 0 39.296768 59.556 0
5231 1256 3 0 38.068745 60.264999 0
5232 1256 3 0 38.068745 61.682999 0
5233 1256 3 0 39.296768 62.391998 0
5234 1256 3 0 41.752815 59.556 0
5235 1256 3 0 40.524792 60.264999 0
5236 1256 3 0 40.524792 61.682999 0
5237 1256 3 0 41.752815 62.391998 0
5238 1256 3 0 44.208866 59.556 0
5239 1256 3 0 42.980843 60.264999 0
5240 1256 3 0 42.980843 61.682999 0
5241 1256 3 0 44.208866 62.391998 0
5242 1256 3 0 46.664913 59.556 0
5243 1256 3 0 45.43689 60.264999 0
5244 1256 3 0 45.43689 61.682999 0
5245 1256 3 0 46.664913 62.391998 0
5246 1256 3 0 49.12096 59.556 0
5247 1256 3 0 47.892937 60.264999 0
5248 1256 3 0 47.892937 61.682999 0
5249 1256 3 0 49.12096 62.391998 0
5250 1256 3 0 51.577007 59.556 0
5251 1256 3 0 50.348984 60.264999 0
5252 1256 3 0 50.348984 61.682999 0
5253 1256 3 0 51.577007 62.391998 0
5254 1256 3 0 54.033058 59.556 0
5255 1256 3 0 52.805035 60.264999 0
5256 1256 3 0 52.805035 61.682999 0
5257 1256 3 0 54.033058 62.391998 0
5258 1256 3 0 56.489105 59.556 0
5259 1256 3 0 55.261082 60.264999 0
5260 1256 3 0 55.261082 61.682999 0
5261 1256 3 0 56.489105 62.391998 0
5262 1256 3 0 58.945152 59.556 0
5263 1256 3 0 57.717129 60.264999 0
5264 1256 3 0 57.717129 61.682999 0
5265 1256 3 0 58.945152 62.391998 0
