15058 5020 3 0 0 0 0
15059 5020 3 0 -1.228024 0.709 0
15060 5020 3 0 -1.228024 2.127 0
15061 5020 3 0 0 2.836 0
15062 5020 3 0 2.456048 0 0
15063 5020 3 0 1.228024 0.709 0
15064 5020 3 0 1.228024 2.127 0
15065 5020 3 0 2.456048 2.836 0
15066 5020 3 0 4.912096 0 0
15067 5020 3 0 3.684072 0.709 0
15068 5020 3 0 3.684072 2.127 0
15069 5020 3 0 4.912096 2.836 0
15070 5020 3 0 7.368144 0 0
15071 5020 3 0 6.14012 0.709 0
15072 5020 3 0 6.14012 2.127 0
15073 5020 3 0 7.368144 2.836 0
15074 5020 3 0 9.824192 0 0
15075 5020 3 0 8.596169 0.709 0
15076 5020 3 0 8.596169 2.127 0
15077 5020 3 0 9.824192 2.836 0
15078 5020 3 0 12.28024 0 0
15079 5020 3 0 11.052217 0.709 0
15080 5020 3 0 11.052217 2.127 0
15081 5020 3 0 12.28024 2.836 0
15082 5020 3 0 14.736288 0 0
15083 5020 3 0 13.508265 0.709 0
15084 5020 3 0 13.508265 2.127 0
15085 5020 3 0 14.736288 2.836 0
15086 5020 3 0 17.192337 0 0
15087 5020 3 0 15.964313 0.709 0
15088 5020 3 0 15.964313 2.127 0
15089 5020 3 0 17.192337 2.836 0
15090 5020 3 0 19.648384 0 0
15091 5020 3 0 18.420361 0.709 0
15092 5020 3 0 18.420361 2.127 0
15093 5020 3 0 19.648384 2.836 0
15094 5020 3 0 22.104433 0 0
15095 5020 3 0 20.876408 0.709 0
15096 5020 3 0 20.876408 2.127 0
15097 5020 3 0 22.104433 2.836 0
15098 5020 3 0 24.56048 0 0
15099 5020 3 0 23.332457 0.709 0
15100 5020 3 0 23.332457 2.127 0
15101 5020 3 0 24.56048 2.836 0
15102 5020 3 0 27.016529 0 0
15103 5020 3 0 25.788504 0.709 0
15104 5020 3 0 25.788504 2.127 0
15105 5020 3 0 27.016529 2.836 0
15106 5020 3 0 29.472576 0 0
15107 5020 3 0 28.244553 0.709 0
15108 5020 3 0 28.244553 2.127 0
15109 5020 3 0 29.472576 2.836 0
15110 5020 3 0 31.928625 0 0
15111 5020 3 0 30.7006 0.709 0
15112 5020 3 0 30.7006 2.127 0
15113 5020 3 0 31.928625 2.836 0
15114 5020 3 0 34.384674 0 0
15115 5020 3 0 33.156647 0.709 0
15116 5020 3 0 33.156647 2.127 0
15117 5020 3 0 34.384674 2.836 0
15118 5020 3 0 36.840721 0 0
15119 5020 3 0 35.612698 0.709 0
15120 5020 3 0 35.612698 2.127 0
15121 5020 3 0 36.840721 2.836 0
15122 5020 3 0 39.296768 0 0
15123 5020 3 0 38.068745 0.709 0
15124 5020 3 0 38.068745 2.127 0
15125 5020 3 0 39.296768 2.836 0
15126 5020 3 0 41.752815 0 0
15127 5020 3 0 40.524792 0.709 0
15128 5020 3 0 40.524792 2.127 0
15129 5020 3 0 41.752815 2.836 0
15130 5020 3 0 44.208866 0 0
15131 5020 3 0 42.980843 0.709 0
15132 5020 3 0 42.980843 2.127 0
15133 5020 3 0 44.208866 2.836 0
15134 5020 3 0 46.664913 0 0
15135 5020 3 0 45.43689 0.709 0
15136 5020 3 0 45.43689 2.127 0
15137 5020 3 0 46.664913 2.836 0
15138 5020 3 0 49.12096 0 0
15139 5020 3 0 47.892937 0.709 0
15140 5020 3 0 47.892937 2.127 0
15141 5020 3 0 49.12096 2.836 0
15142 5020 3 0 51.577007 0 0
15143 5020 3 0 50.348984 0.709 0
15144 5020 3 0 50.348984 2.127 0
15145 5020 3 0 51.577007 2.836 0
15146 5020 3 0 54.033058 0 0
15147 5020 3 0 52.805035 0.709 0
15148 5020 3 0 52.805035 2.127 0
15149 5020 3 0 54.033058 2.836 0
15150 5020 3 0 56.489105 0 0
15151 5020 3 0 55.261082 0.709 0
15152 5020 3 0 55.261082 2.127 0
15153 5020 3 0 56.489105 2.836 0
15154 5020 3 0 58.945152 0 0
15155 5020 3 0 57.717129 0.709 0
15156 5020 3 0 57.717129 2.127 0
15157 5020 3 0 58.945152 2.836 0
15158 5020 3 0 0 4.254 0
15159 5020 3 0 -1.228024 4.963 0
15160 5020 3 0 -1.228024 6.381 0
15161 5020 3 0 0 7.09 0
15162 5020 3 0 2.456048 4.254 0
15163 5020 3 0 1.228024 4.963 0
15164 5020 3 0 1.228024 6.381 0
15165 5020 3 0 2.456048 7.09 0
15166 5020 3 0 4.912096 4.254 0
15167 5020 3 0 3.684072 4.963 0
15168 5020 3 0 3.684072 6.381 0
15169 5020 3 0 4.912096 7.09 0
15170 5020 3 0 7.368144 4.254 0
15171 5020 3 0 6.14012 4.963 0
15172 5020 3 0 6.14012 6.381 0
15173 5020 3 0 7.368144 7.09 0
15174 5020 3 0 9.824192 4.254 0
15175 5020 3 0 8.596169 4.963 0
15176 5020 3 0 8.596169 6.381 0
15177 5020 3 0 9.824192 7.09 0
15178 5020 3 0 12.28024 4.254 0
15179 5020 3 0 11.052217 4.963 0
15180 5020 3 0 11.052217 6.381 0
15181 5020 3 0 12.28024 7.09 0
15182 5020 3 0 14.736288 4.254 0
15183 5020 3 0 13.508265 4.963 0
15184 5020 3 0 13.508265 6.381 0
15185 5020 3 0 14.736288 7.09 0
15186 5020 3 0 17.192337 4.254 0
15187 5020 3 0 15.964313 4.963 0
15188 5020 3 0 15.964313 6.381 0
15189 5020 3 0 17.192337 7.09 0
15190 5020 3 0 19.648384 4.254 0
15191 5020 3 0 18.420361 4.963 0
15192 5020 3 0 18.420361 6.381 0
15193 5020 3 0 19.648384 7.09 0
15194 5020 3 0 22.104433 4.254 0
15195 5020 3 0 20.876408 4.963 0
15196 5020 3 0 20.876408 6.381 0
15197 5020 3 0 22.104433 7.09 0
15198 5020 3 0 24.56048 4.254 0
15199 5020 3 0 23.332457 4.963 0
15200 5020 3 0 23.332457 6.381 0
15201 5020 3 0 24.56048 7.09 0
15202 5020 3 0 27.016529 4.254 0
15203 5020 3 0 25.788504 4.963 0
15204 5020 3 0 25.788504 6.381 0
15205 5020 3 0 27.016529 7.09 0
15206 5020 3 0 29.472576 4.254 0
15207 5020 3 0 28.244553 4.963 0
15208 5020 3 0 28.244553 6.381 0
15209 5020 3 0 29.472576 7.09 0
15210 5020 3 0 31.928625 4.254 0
15211 5020 3 0 30.7006 4.963 0
15212 5020 3 0 30.7006 6.381 0
15213 5020 3 0 31.928625 7.09 0
15214 5020 3 0 34.384674 4.254 0
15215 5020 3 0 33.156647 4.963 0
15216 5020 3 0 33.156647 6.381 0
15217 5020 3 0 34.384674 7.09 0
15218 5020 3 0 36.840721 4.254 0
15219 5020 3 0 35.612698 4.963 0
15220 5020 3 0 35.612698 6.381 0
15221 5020 3 0 36.840721 7.09 0
15222 5020 3 0 39.296768 4.254 0
15223 5020 3 0 38.068745 4.963 0
15224 5020 3 0 38.068745 6.381 0
15225 5020 3 0 39.296768 7.09 0
15226 5020 3 0 41.752815 4.254 0
15227 5020 3 0 40.524792 4.963 0
15228 5020 3 0 40.524792 6.381 0
15229 5020 3 0 41.752815 7.09 0
15230 5020 3 0 44.208866 4.254 0
15231 5020 3 0 42.980843 4.963 0
15232 5020 3 0 42.980843 6.381 0
15233 5020 3 0 44.208866 7.09 0
15234 5020 3 0 46.664913 4.254 0
15235 5020 3 0 45.43689 4.963 0
15236 5020 3 0 45.43689 6.381 0
15237 5020 3 0 46.664913 7.09 0
15238 5020 3 0 49.12096 4.254 0
15239 5020 3 0 47.892937 4.963 0
15240 5020 3 0 47.892937 6.381 0
15241 5020 3 0 49.12096 7.09 0
15242 5020 3 0 51.577007 4.254 0
15243 5020 3 0 50.348984 4.963 0
15244 5020 3 0 50.348984 6.381 0
15245 5020 3 0 51.577007 7.09 0
15246 5020 3 0 54.033058 4.254 0
15247 5020 3 0 52.805035 4.963 0
15248 5020 3 0 52.805035 6.381 0
15249 5020 3 0 54.033058 7.09 0
15250 5020 3 0 56.489105 4.254 0
15251 5020 3 0 55.261082 4.963 0
15252 5020 3 0 55.261082 6.381 0
15253 5020 3 0 56.489105 7.09 0
15254 5020 3 0 58.945152 4.254 0
15255 5020 3 0 57.717129 4.963 0
15256 5020 3 0 57.717129 6.381 0
15257 5020 3 0 58.945152 7.09 0
15258 5020 3 0 0 8.508 0
15259 5020 3 0 -1.228024 9.217 0
15260 5020 3 0 -1.228024 10.635 0
15261 5020 3 0 0 11.344 0
15262 5020 3 0 2.456048 8.508 0
15263 5020 3 0 1.228024 9.217 0
15264 5020 3 0 1.228024 10.635 0
15265 5020 3 0 2.456048 11.344 0
15266 5020 3 0 4.912096 8.508 0
15267 5020 3 0 3.684072 9.217 0
15268 5020 3 0 3.684072 10.635 0
15269 5020 3 0 4.912096 11.344 0
15270 5020 3 0 7.368144 8.508 0
15271 5020 3 0 6.14012 9.217 0
15272 5020 3 0 6.14012 10.635 0
15273 5020 3 0 7.368144 11.344 0
15274 5020 3 0 9.824192 8.508 0
15275 5020 3 0 8.596169 9.217 0
15276 5020 3 0 8.596169 10.635 0
15277 5020 3 0 9.824192 11.344 0
15278 5020 3 0 12.28024 8.508 0
15279 5020 3 0 11.052217 9.217 0
15280 5020 3 0 11.052217 10.635 0
15281 5020 3 0 12.28024 11.344 0
15282 5020 3 0 14.736288 8.508 0
15283 5020 3 0 13.508265 9.217 0
15284 5020 3 0 13.508265 10.635 0
15285 5020 3 0 14.736288 11.344 0
15286 5020 3 0 17.192337 8.508 0
15287 5020 3 0 15.964313 9.217 0
15288 5020 3 0 15.964313 10.635 0
15289 5020 3 0 17.192337 11.344 0
15290 5020 3 0 19.648384 8.508 0
15291 5020 3 0 18.420361 9.217 0
15292 5020 3 0 18.420361 10.635 0
15293 5020 3 0 19.648384 11.344 0
15294 5020 3 0 22.104433 8.508 0
15295 5020 3 0 20.876408 9.217 0
15296 5020 3 0 20.876408 10.635 0
15297 5020 3 0 22.104433 11.344 0
15298 5020 3 0 24.56048 8.508 0
15299 5020 3 0 23.332457 9.217 0
15300 5020 3 0 23.332457 10.635 0
15301 5020 3 0 24.56048 11.344 0
15302 5020 3 0 27.016529 8.508 0
15303 5020 3 0 25.788504 9.217 0
15304 5020 3 0 25.788504 10.635 0
15305 5020 3 0 27.016529 11.344 0
15306 5020 3 0 29.472576 8.508 0
15307 5020 3 0 28.244553 9.217 0
15308 5020 3 0 28.244553 10.635 0
15309 5020 3 0 29.472576 11.344 0
15310 5020 3 0 31.928625 8.508 0
15311 5020 3 0 30.7006 9.217 0
15312 5020 3 0 30.7006 10.635 0
15313 5020 3 0 31.928625 11.344 0
15314 5020 3 0 34.384674 8.508 0
15315 5020 3 0 33.156647 9.217 0
15316 5020 3 0 33.156647 10.635 0
15317 5020 3 0 34.384674 11.344 0
15318 5020 3 0 36.840721 8.508 0
15319 5020 3 0 35.612698 9.217 0
15320 5020 3 0 35.612698 10.635 0
15321 5020 3 0 36.840721 11.344 0
15322 5020 3 0 39.296768 8.508 0
15323 5020 3 0 38.068745 9.217 0
15324 5020 3 0 38.068745 10.635 0
15325 5020 3 0 39.296768 11.344 0
15326 5020 3 0 41.752815 8.508 0
15327 5020 3 0 40.524792 9.217 0
15328 5020 3 0 40.524792 10.635 0
15329 5020 3 0 41.752815 11.344 0
15330 5020 3 0 44.208866 8.508 0
15331 5020 3 0 42.980843 9.217 0
15332 5020 3 0 42.980843 10.635 0
15333 5020 3 0 44.208866 11.344 0
15334 5020 3 0 46.664913 8.508 0
15335 5020 3 0 45.43689 9.217 0
15336 5020 3 0 45.43689 10.635 0
15337 5020 3 0 46.664913 11.344 0
15338 5020 3 0 49.12096 8.508 0
15339 5020 3 0 47.892937 9.217 0
15340 5020 3 0 47.892937 10.635 0
15341 5020 3 0 49.12096 11.344 0
15342 5020 3 0 51.577007 8.508 0
15343 5020 3 0 50.348984 9.217 0
15344 5020 3 0 50.348984 10.635 0
15345 5020 3 0 51.577007 11.344 0
15346 5020 3 0 54.033058 8.508 0
15347 5020 3 0 52.805035 9.217 0
15348 5020 3 0 52.805035 10.635 0
15349 5020 3 0 54.033058 11.344 0
15350 5020 3 0 56.489105 8.508 0
15351 5020 3 0 55.261082 9.217 0
15352 5020 3 0 55.261082 10.635 0
15353 5020 3 0 56.489105 11.344 0
15354 5020 3 0 58.945152 8.508 0
15355 5020 3 0 57.717129 9.217 0
15356 5020 3 0 57.717129 10.635 0
15357 5020 3 0 58.945152 11.344 0
15358 5020 3 0 0 12.762 0
15359 5020 3 0 -1.228024 13.471 0
15360 5020 3 0 -1.228024 14.889 0
15361 5020 3 0 0 15.598 0
15362 5020 3 0 2.456048 12.762 0
15363 5020 3 0 1.228024 13.471 0
15364 5020 3 0 1.228024 14.889 0
15365 5020 3 0 2.456048 15.598 0
15366 5020 3 0 4.912096 12.762 0
15367 5020 3 0 3.684072 13.471 0
15368 5020 3 0 3.684072 14.889 0
15369 5020 3 0 4.912096 15.598 0
15370 5020 3 0 7.368144 12.762 0
15371 5020 3 0 6.14012 13.471 0
15372 5020 3 0 6.14012 14.889 0
15373 5020 3 0 7.368144 15.598 0
15374 5020 3 0 9.824192 12.762 0
15375 5020 3 0 8.596169 13.471 0
15376 5020 3 0 8.596169 14.889 0
15377 5020 3 0 9.824192 15.598 0
15378 5020 3 0 12.28024 12.762 0
15379 5020 3 0 11.052217 13.471 0
15380 5020 3 0 11.052217 14.889 0
15381 5020 3 0 12.28024 15.598 0
15382 5020 3 0 14.736288 12.762 0
15383 5020 3 0 13.508265 13.471 0
15384 5020 3 0 13.508265 14.889 0
15385 5020 3 0 14.736288 15.598 0
15386 5020 3 0 17.192337 12.762 0
15387 5020 3 0 15.964313 13.471 0
15388 5020 3 0 15.964313 14.889 0
15389 5020 3 0 17.192337 15.598 0
15390 5020 3 0 19.648384 12.762 0
15391 5020 3 0 18.420361 13.471 0
15392 5020 3 0 18.420361 14.889 0
15393 5020 3 0 19.648384 15.598 0
15394 5020 3 0 22.104433 12.762 0
15395 5020 3 0 20.876408 13.471 0
15396 5020 3 0 20.876408 14.889 0
15397 5020 3 0 22.104433 15.598 0
15398 5020 3 0 24.56048 12.762 0
15399 5020 3 0 23.332457 13.471 0
15400 5020 3 0 23.332457 14.889 0
15401 5020 3 0 24.56048 15.598 0
15402 5020 3 0 27.016529 12.762 0
15403 5020 3 0 25.788504 13.471 0
15404 5020 3 0 25.788504 14.889 0
15405 5020 3 0 27.016529 15.598 0
15406 5020 3 0 29.472576 12.762 0
15407 5020 3 0 28.244553 13.471 0
15408 5020 3 0 28.244553 14.889 0
15409 5020 3 0 29.472576 15.598 0
15410 5020 3 0 31.928625 12.762 0
15411 5020 3 0 30.7006 13.471 0
15412 5020 3 0 30.7006 14.889 0
15413 5020 3 0 31.928625 15.598 0
15414 5020 3 0 34.384674 12.762 0
15415 5020 3 0 33.156647 13.471 0
15416 5020 3 0 33.156647 14.889 0
15417 5020 3 0 34.384674 15.598 0
15418 5020 3 0 36.840721 12.762 0
15419 5020 3 0 35.612698 13.471 0
15420 5020 3 0 35.612698 14.889 0
15421 5020 3 0 36.840721 15.598 0
15422 5020 3 0 39.296768 12.762 0
15423 5020 3 0 38.068745 13.471 0
15424 5020 3 0 38.068745 14.889 0
15425 5020 3 0 39.296768 15.598 0
15426 5020 3 0 41.752815 12.762 0
15427 5020 3 0 40.524792 13.471 0
15428 5020 3 0 40.524792 14.889 0
15429 5020 3 0 41.752815 15.598 0
15430 5020 3 0 44.208866 12.762 0
15431 5020 3 0 42.980843 13.471 0
15432 5020 3 0 42.980843 14.889 0
15433 5020 3 0 44.208866 15.598 0
15434 5020 3 0 46.664913 12.762 0
15435 5020 3 0 45.43689 13.471 0
15436 5020 3 0 45.43689 14.889 0
15437 5020 3 0 46.664913 15.598 0
15438 5020 3 0 49.12096 12.762 0
15439 5020 3 0 47.892937 13.471 0
15440 5020 3 0 47.892937 14.889 0
15441 5020 3 0 49.12096 15.598 0
15442 5020 3 0 51.577007 12.762 0
15443 5020 3 0 50.348984 13.471 0
15444 5020 3 0 50.348984 14.889 0
15445 5020 3 0 51.577007 15.598 0
15446 5020 3 0 54.033058 12.762 0
15447 5020 3 0 52.805035 13.471 0
15448 5020 3 0 52.805035 14.889 0
15449 5020 3 0 54.033058 15.598 0
15450 5020 3 0 56.489105 12.762 0
15451 5020 3 0 55.261082 13.471 0
15452 5020 3 0 55.261082 14.889 0
15453 5020 3 0 56.489105 15.598 0
15454 5020 3 0 58.945152 12.762 0
15455 5020 3 0 57.717129 13.471 0
15456 5020 3 0 57.717129 14.889 0
15457 5020 3 0 58.945152 15.598 0
15458 5020 3 0 0 17.016001 0
15459 5020 3 0 -1.228024 17.725 0
15460 5020 3 0 -1.228024 19.143 0
15461 5020 3 0 0 19.851999 0
15462 5020 3 0 2.456048 17.016001 0
15463 5020 3 0 1.228024 17.725 0
15464 5020 3 0 1.228024 19.143 0
15465 5020 3 0 2.456048 19.851999 0
15466 5020 3 0 4.912096 17.016001 0
15467 5020 3 0 3.684072 17.725 0
15468 5020 3 0 3.684072 19.143 0
15469 5020 3 0 4.912096 19.851999 0
15470 5020 3 0 7.368144 17.016001 0
15471 5020 3 0 6.14012 17.725 0
15472 5020 3 0 6.14012 19.143 0
15473 5020 3 0 7.368144 19.851999 0
15474 5020 3 0 9.824192 17.016001 0
15475 5020 3 0 8.596169 17.725 0
15476 5020 3 0 8.596169 19.143 0
15477 5020 3 0 9.824192 19.851999 0
15478 5020 3 0 12.28024 17.016001 0
15479 5020 3 0 11.052217 17.725 0
15480 5020 3 0 11.052217 19.143 0
15481 5020 3 0 12.28024 19.851999 0
15482 5020 3 0 14.736288 17.016001 0
15483 5020 3 0 13.508265 17.725 0
15484 5020 3 0 13.508265 19.143 0
15485 5020 3 0 14.736288 19.851999 0
15486 5020 3 0 17.192337 17.016001 0
15487 5020 3 0 15.964313 17.725 0
15488 5020 3 0 15.964313 19.143 0
15489 5020 3 0 17.192337 19.851999 0
15490 5020 3 0 19.648384 17.016001 0
15491 5020 3 0 18.420361 17.725 0
15492 5020 3 0 18.420361 19.143 0
15493 5020 3 0 19.648384 19.851999 0
15494 5020 3 0 22.104433 17.016001 0
15495 5020 3 0 20.876408 17.725 0
15496 5020 3 0 20.876408 19.143 0
15497 5020 3 0 22.104433 19.851999 0
15498 5020 3 0 24.56048 17.016001 0
15499 5020 3 0 23.332457 17.725 0
15500 5020 3 0 23.332457 19.143 0
15501 5020 3 0 24.56048 19.851999 0
15502 5020 3 0 27.016529 17.016001 0
15503 5020 3 0 25.788504 17.725 0
15504 5020 3 0 25.788504 19.143 0
15505 5020 3 0 27.016529 19.851999 0
15506 5020 3 0 29.472576 17.016001 0
15507 5020 3 0 28.244553 17.725 0
15508 5020 3 0 28.244553 19.143 0
15509 5020 3 0 29.472576 19.851999 0
15510 5020 3 0 31.928625 17.016001 0
15511 5020 3 0 30.7006 17.725 0
15512 5020 3 0 30.7006 19.143 0
15513 5020 3 0 31.928625 19.851999 0
15514 5020 3 0 34.384674 17.016001 0
15515 5020 3 0 33.156647 17.725 0
15516 5020 3 0 33.156647 19.143 0
15517 5020 3 0 34.384674 19.851999 0
15518 5020 3 0 36.840721 17.016001 0
15519 5020 3 0 35.612698 17.725 0
15520 5020 3 0 35.612698 19.143 0
15521 5020 3 0 36.840721 19.851999 0
15522 5020 3 0 39.296768 17.016001 0
15523 5020 3 0 38.068745 17.725 0
15524 5020 3 0 38.068745 19.143 0
15525 5020 3 0 39.296768 19.851999 0
15526 5020 3 0 41.752815 17.016001 0
15527 5020 3 0 40.524792 17.725 0
15528 5020 3 0 40.524792 19.143 0
15529 5020 3 0 41.752815 19.851999 0
15530 5020 3 0 44.208866 17.016001 0
15531 5020 3 0 42.980843 17.725 0
15532 5020 3 0 42.980843 19.143 0
15533 5020 3 0 44.208866 19.851999 0
15534 5020 3 0 46.664913 17.016001 0
15535 5020 3 0 45.43689 17.725 0
15536 5020 3 0 45.43689 19.143 0
15537 5020 3 0 46.664913 19.851999 0
15538 5020 3 0 49.12096 17.016001 0
15539 5020 3 0 47.892937 17.725 0
15540 5020 3 0 47.892937 19.143 0
15541 5020 3 0 49.12096 19.851999 0
15542 5020 3 0 51.577007 17.016001 0
15543 5020 3 0 50.348984 17.725 0
15544 5020 3 0 50.348984 19.143 0
15545 5020 3 0 51.577007 19.851999 0
15546 5020 3 0 54.033058 17.016001 0
15547 5020 3 0 52.805035 17.725 0
15548 5020 3 0 52.805035 19.143 0
15549 5020 3 0 54.033058 19.851999 0
15550 5020 3 0 56.489105 17.016001 0
15551 5020 3 0 55.261082 17.725 0
15552 5020 3 0 55.261082 19.143 0
15553 5020 3 0 56.489105 19.851999 0
15554 5020 3 0 58.945152 17.016001 0
15555 5020 3 0 57.717129 17.725 0
15556 5020 3 0 57.717129 19.143 0
15557 5020 3 0 58.945152 19.851999 0
15558 5020 3 0 0 21.27 0
15559 5020 3 0 -1.228024 21.979 0
15560 5020 3 0 -1.228024 23.396999 0
15561 5020 3 0 0 24.106001 0
15562 5020 3 0 2.456048 21.27 0
15563 5020 3 0 1.228024 21.979 0
15564 5020 3 0 1.228024 23.396999 0
15565 5020 3 0 2.456048 24.106001 0
15566 5020 3 0 4.912096 21.27 0
15567 5020 3 0 3.684072 21.979 0
15568 5020 3 0 3.684072 23.396999 0
15569 5020 3 0 4.912096 24.106001 0
15570 5020 3 0 7.368144 21.27 0
15571 5020 3 0 6.14012 21.979 0
15572 5020 3 0 6.14012 23.396999 0
15573 5020 3 0 7.368144 24.106001 0
15574 5020 3 0 9.824192 21.27 0
15575 5020 3 0 8.596169 21.979 0
15576 5020 3 0 8.596169 23.396999 0
15577 5020 3 0 9.824192 24.106001 0
15578 5020 3 0 12.28024 21.27 0
15579 5020 3 0 11.052217 21.979 0
15580 5020 3 0 11.052217 23.396999 0
15581 5020 3 0 12.28024 24.106001 0
15582 5020 3 0 14.736288 21.27 0
15583 5020 3 0 13.508265 21.979 0
15584 5020 3 0 13.508265 23.396999 0
15585 5020 3 0 14.736288 24.106001 0
15586 5020 3 0 17.192337 21.27 0
15587 5020 3 0 15.964313 21.979 0
15588 5020 3 0 15.964313 23.396999 0
15589 5020 3 0 17.192337 24.106001 0
15590 5020 3 0 19.648384 21.27 0
15591 5020 3 0 18.420361 21.979 0
15592 5020 3 0 18.420361 23.396999 0
15593 5020 3 0 19.648384 24.106001 0
15594 5020 3 0 22.104433 21.27 0
15595 5020 3 0 20.876408 21.979 0
15596 5020 3 0 20.876408 23.396999 0
15597 5020 3 0 22.104433 24.106001 0
15598 5020 3 0 24.56048 21.27 0
15599 5020 3 0 23.332457 21.979 0
15600 5020 3 0 23.332457 23.396999 0
15601 5020 3 0 24.56048 24.106001 0
15602 5020 3 0 27.016529 21.27 0
15603 5020 3 0 25.788504 21.979 0
15604 5020 3 0 25.788504 23.396999 0
15605 5020 3 0 27.016529 24.106001 0
15606 5020 3 0 29.472576 21.27 0
15607 5020 3 0 28.244553 21.979 0
15608 5020 3 0 28.244553 23.396999 0
15609 5020 3 0 29.472576 24.106001 0
15610 5020 3 0 31.928625 21.27 0
15611 5020 3 0 30.7006 21.979 0
15612 5020 3 0 30.7006 23.396999 0
15613 5020 3 0 31.928625 24.106001 0
15614 5020 3 0 34.384674 21.27 0
15615 5020 3 0 33.156647 21.979 0
15616 5020 3 0 33.156647 23.396999 0
15617 5020 3 0 34.384674 24.106001 0
15618 5020 3 0 36.840721 21.27 0
15619 5020 3 0 35.612698 21.979 0
15620 5020 3 0 35.612698 23.396999 0
15621 5020 3 0 36.840721 24.106001 0
15622 5020 3 0 39.296768 21.27 0
15623 5020 3 0 38.068745 21.979 0
15624 5020 3 0 38.068745 23.396999 0
15625 5020 3 0 39.296768 24.106001 0
15626 5020 3 0 41.752815 21.27 0
15627 5020 3 0 40.524792 21.979 0
15628 5020 3 0 40.524792 23.396999 0
15629 5020 3 0 41.752815 24.106001 0
15630 5020 3 0 44.208866 21.27 0
15631 5020 3 0 42.980843 21.979 0
15632 5020 3 0 42.980843 23.396999 0
15633 5020 3 0 44.208866 24.106001 0
15634 5020 3 0 46.664913 21.27 0
15635 5020 3 0 45.43689 21.979 0
15636 5020 3 0 45.43689 23.396999 0
15637 5020 3 0 46.664913 24.106001 0
15638 5020 3 0 49.12096 21.27 0
15639 5020 3 0 47.892937 21.979 0
15640 5020 3 0 47.892937 23.396999 0
15641 5020 3 0 49.12096 24.106001 0
15642 5020 3 0 51.577007 21.27 0
15643 5020 3 0 50.348984 21.979 0
15644 5020 3 0 50.348984 23.396999 0
15645 5020 3 0 51.577007 24.106001 0
15646 5020 3 0 54.033058 21.27 0
15647 5020 3 0 52.805035 21.979 0
15648 5020 3 0 52.805035 23.396999 0
15649 5020 3 0 54.033058 24.106001 0
15650 5020 3 0 56.489105 21.27 0
15651 5020 3 0 55.261082 21.979 0
15652 5020 3 0 55.261082 23.396999 0
15653 5020 3 0 56.489105 24.106001 0
15654 5020 3 0 58.945152 21.27 0
15655 5020 3 0 57.717129 21.979 0
15656 5020 3 0 57.717129 23.396999 0
15657 5020 3 0 58.945152 24.106001 0
15658 5020 3 0 0 25.524 0
15659 5020 3 0 -1.228024 26.233 0
15660 5020 3 0 -1.228024 27.650999 0
15661 5020 3 0 0 28.360001 0
15662 5020 3 0 2.456048 25.524 0
15663 5020 3 0 1.228024 26.233 0
15664 5020 3 0 1.228024 27.650999 0
15665 5020 3 0 2.456048 28.360001 0
15666 5020 3 0 4.912096 25.524 0
15667 5020 3 0 3.684072 26.233 0
15668 5020 3 0 3.684072 27.650999 0
15669 5020 3 0 4.912096 28.360001 0
15670 5020 3 0 7.368144 25.524 0
15671 5020 3 0 6.14012 26.233 0
15672 5020 3 0 6.14012 27.650999 0
15673 5020 3 0 7.368144 28.360001 0
15674 5020 3 0 9.824192 25.524 0
15675 5020 3 0 8.596169 26.233 0
15676 5020 3 0 8.596169 27.650999 0
15677 5020 3 0 9.824192 28.360001 0
15678 5020 3 0 12.28024 25.524 0
15679 5020 3 0 11.052217 26.233 0
15680 5020 3 0 11.052217 27.650999 0
15681 5020 3 0 12.28024 28.360001 0
15682 5020 3 0 14.736288 25.524 0
15683 5020 3 0 13.508265 26.233 0
15684 5020 3 0 13.508265 27.650999 0
15685 5020 3 0 14.736288 28.360001 0
15686 5020 3 0 17.192337 25.524 0
15687 5020 3 0 15.964313 26.233 0
15688 5020 3 0 15.964313 27.650999 0
15689 5020 3 0 17.192337 28.360001 0
15690 5020 3 0 19.648384 25.524 0
15691 5020 3 0 18.420361 26.233 0
15692 5020 3 0 18.420361 27.650999 0
15693 5020 3 0 19.648384 28.360001 0
15694 5020 3 0 22.104433 25.524 0
15695 5020 3 0 20.876408 26.233 0
15696 5020 3 0 20.876408 27.650999 0
15697 5020 3 0 22.104433 28.360001 0
15698 5020 3 0 24.56048 25.524 0
15699 5020 3 0 23.332457 26.233 0
15700 5020 3 0 23.332457 27.650999 0
15701 5020 3 0 24.56048 28.360001 0
15702 5020 3 0 27.016529 25.524 0
15703 5020 3 0 25.788504 26.233 0
15704 5020 3 0 25.788504 27.650999 0
15705 5020 3 0 27.016529 28.360001 0
15706 5020 3 0 29.472576 25.524 0
15707 5020 3 0 28.244553 26.233 0
15708 5020 3 0 28.244553 27.650999 0
15709 5020 3 0 29.472576 28.360001 0
15710 5020 3 0 31.928625 25.524 0
15711 5020 3 0 30.7006 26.233 0
15712 5020 3 0 30.7006 27.650999 0
15713 5020 3 0 31.928625 28.360001 0
15714 5020 3 0 34.384674 25.524 0
15715 5020 3 0 33.156647 26.233 0
15716 5020 3 0 33.156647 27.650999 0
15717 5020 3 0 34.384674 28.360001 0
15718 5020 3 0 36.840721 25.524 0
15719 5020 3 0 35.612698 26.233 0
15720 5020 3 0 35.612698 27.650999 0
15721 5020 3 0 36.840721 28.360001 0
15722 5020 3 0 39.296768 25.524 0
15723 5020 3 0 38.068745 26.233 0
15724 5020 3 0 38.068745 27.650999 0
15725 5020 3 0 39.296768 28.360001 0
15726 5020 3 0 41.752815 25.524 0
15727 5020 3 0 40.524792 26.233 0
15728 5020 3 0 40.524792 27.650999 0
15729 5020 3 0 41.752815 28.360001 0
15730 5020 3 0 44.208866 25.524 0
15731 5020 3 0 42.980843 26.233 0
15732 5020 3 0 42.980843 27.650999 0
15733 5020 3 0 44.208866 28.360001 0
15734 5020 3 0 46.664913 25.524 0
15735 5020 3 0 45.43689 26.233 0
15736 5020 3 0 45.43689 27.650999 0
15737 5020 3 0 46.664913 28.360001 0
15738 5020 3 0 49.12096 25.524 0
15739 5020 3 0 47.892937 26.233 0
15740 5020 3 0 47.892937 27.650999 0
15741 5020 3 0 49.12096 28.360001 0
15742 5020 3 0 51.577007 25.524 0
15743 5020 3 0 50.348984 26.233 0
15744 5020 3 0 50.348984 27.650999 0
15745 5020 3 0 51.577007 28.360001 0
15746 5020 3 0 54.033058 25.524 0
15747 5020 3 0 52.805035 26.233 0
15748 5020 3 0 52.805035 27.650999 0
15749 5020 3 0 54.033058 28.360001 0
15750 5020 3 0 56.489105 25.524 0
15751 5020 3 0 55.261082 26.233 0
15752 5020 3 0 55.261082 27.650999 0
15753 5020 3 0 56.489105 28.360001 0
15754 5020 3 0 58.945152 25.524 0
15755 5020 3 0 57.717129 26.233 0
15756 5020 3 0 57.717129 27.650999 0
15757 5020 3 0 58.945152 28.360001 0
15758 5020 3 0 0 29.778 0
15759 5020 3 0 -1.228024 30.487 0
15760 5020 3 0 -1.228024 31.905001 0
15761 5020 3 0 0 32.613998 0
15762 5020 3 0 2.456048 29.778 0
15763 5020 3 0 1.228024 30.487 0
15764 5020 3 0 1.228024 31.905001 0
15765 5020 3 0 2.456048 32.613998 0
15766 5020 3 0 4.912096 29.778 0
15767 5020 3 0 3.684072 30.487 0
15768 5020 3 0 3.684072 31.905001 0
15769 5020 3 0 4.912096 32.613998 0
15770 5020 3 0 7.368144 29.778 0
15771 5020 3 0 6.14012 30.487 0
15772 5020 3 0 6.14012 31.905001 0
15773 5020 3 0 7.368144 32.613998 0
15774 5020 3 0 9.824192 29.778 0
15775 5020 3 0 8.596169 30.487 0
15776 5020 3 0 8.596169 31.905001 0
15777 5020 3 0 9.824192 32.613998 0
15778 5020 3 0 12.28024 29.778 0
15779 5020 3 0 11.052217 30.487 0
15780 5020 3 0 11.052217 31.905001 0
15781 5020 3 0 12.28024 32.613998 0
15782 5020 3 0 14.736288 29.778 0
15783 5020 3 0 13.508265 30.487 0
15784 5020 3 0 13.508265 31.905001 0
15785 5020 3 0 14.736288 32.613998 0
15786 5020 3 0 17.192337 29.778 0
15787 5020 3 0 15.964313 30.487 0
15788 5020 3 0 15.964313 31.905001 0
15789 5020 3 0 17.192337 32.613998 0
15790 5020 3 0 19.648384 29.778 0
15791 5020 3 0 18.420361 30.487 0
15792 5020 3 0 18.420361 31.905001 0
15793 5020 3 0 19.648384 32.613998 0
15794 5020 3 0 22.104433 29.778 0
15795 5020 3 0 20.876408 30.487 0
15796 5020 3 0 20.876408 31.905001 0
15797 5020 3 0 22.104433 32.613998 0
15798 5020 3 0 24.56048 29.778 0
15799 5020 3 0 23.332457 30.487 0
15800 5020 3 0 23.332457 31.905001 0
15801 5020 3 0 24.56048 32.613998 0
15802 5020 3 0 27.016529 29.778 0
15803 5020 3 0 25.788504 30.487 0
15804 5020 3 0 25.788504 31.905001 0
15805 5020 3 0 27.016529 32.613998 0
15806 5020 3 0 29.472576 29.778 0
15807 5020 3 0 28.244553 30.487 0
15808 5020 3 0 28.244553 31.905001 0
15809 5020 3 0 29.472576 32.613998 0
15810 5020 3 0 31.928625 29.778 0
15811 5020 3 0 30.7006 30.487 0
15812 5020 3 0 30.7006 31.905001 0
15813 5020 3 0 31.928625 32.613998 0
15814 5020 3 0 34.384674 29.778 0
15815 5020 3 0 33.156647 30.487 0
15816 5020 3 0 33.156647 31.905001 0
15817 5020 3 0 34.384674 32.613998 0
15818 5020 3 0 36.840721 29.778 0
15819 5020 3 0 35.612698 30.487 0
15820 5020 3 0 35.612698 31.905001 0
15821 5020 3 0 36.840721 32.613998 0
15822 5020 3 0 39.296768 29.778 0
15823 5020 3 0 38.068745 30.487 0
15824 5020 3 0 38.068745 31.905001 0
15825 5020 3 0 39.296768 32.613998 0
15826 5020 3 0 41.752815 29.778 0
15827 5020 3 0 40.524792 30.487 0
15828 5020 3 0 40.524792 31.905001 0
15829 5020 3 0 41.752815 32.613998 0
15830 5020 3 0 44.208866 29.778 0
15831 5020 3 0 42.980843 30.487 0
15832 5020 3 0 42.980843 31.905001 0
15833 5020 3 0 44.208866 32.613998 0
15834 5020 3 0 46.664913 29.778 0
15835 5020 3 0 45.43689 30.487 0
15836 5020 3 0 45.43689 31.905001 0
15837 5020 3 0 46.664913 32.613998 0
15838 5020 3 0 49.12096 29.778 0
15839 5020 3 0 47.892937 30.487 0
15840 5020 3 0 47.892937 31.905001 0
15841 5020 3 0 49.12096 32.613998 0
15842 5020 3 0 51.577007 29.778 0
15843 5020 3 0 50.348984 30.487 0
15844 5020 3 0 50.348984 31.905001 0
15845 5020 3 0 51.577007 32.613998 0
15846 5020 3 0 54.033058 29.778 0
15847 5020 3 0 52.805035 30.487 0
15848 5020 3 0 52.805035 31.905001 0
15849 5020 3 0 54.033058 32.613998 0
15850 5020 3 0 56.489105 29.778 0
15851 5020 3 0 55.261082 30.487 0
15852 5020 3 0 55.261082 31.905001 0
15853 5020 3 0 56.489105 32.613998 0
15854 5020 3 0 58.945152 29.778 0
15855 5020 3 0 57.717129 30.487 0
15856 5020 3 0 57.717129 31.905001 0
15857 5020 3 0 58.945152 32.613998 0
15858 5020 3 0 0 34.032001 0
15859 5020 3 0 -1.228024 34.741001 0
15860 5020 3 0 -1.228024 36.159 0
15861 5020 3 0 0 36.868 0
15862 5020 3 0 2.456048 34.032001 0
15863 5020 3 0 1.228024 34.741001 0
15864 5020 3 0 1.228024 36.159 0
15865 5020 3 0 2.456048 36.868 0
15866 5020 3 0 4.912096 34.032001 0
15867 5020 3 0 3.684072 34.741001 0
15868 5020 3 0 3.684072 36.159 0
15869 5020 3 0 4.912096 36.868 0
15870 5020 3 0 7.368144 34.032001 0
15871 5020 3 0 6.14012 34.741001 0
15872 5020 3 0 6.14012 36.159 0
15873 5020 3 0 7.368144 36.868 0
15874 5020 3 0 9.824192 34.032001 0
15875 5020 3 0 8.596169 34.741001 0
15876 5020 3 0 8.596169 36.159 0
15877 5020 3 0 9.824192 36.868 0
15878 5020 3 0 12.28024 34.032001 0
15879 5020 3 0 11.052217 34.741001 0
15880 5020 3 0 11.052217 36.159 0
15881 5020 3 0 12.28024 36.868 0
15882 5020 3 0 14.736288 34.032001 0
15883 5020 3 0 13.508265 34.741001 0
15884 5020 3 0 13.508265 36.159 0
15885 5020 3 0 14.736288 36.868 0
15886 5020 3 0 17.192337 34.032001 0
15887 5020 3 0 15.964313 34.741001 0
15888 5020 3 0 15.964313 36.159 0
15889 5020 3 0 17.192337 36.868 0
15890 5020 3 0 19.648384 34.032001 0
15891 5020 3 0 18.420361 34.741001 0
15892 5020 3 0 18.420361 36.159 0
15893 5020 3 0 19.648384 36.868 0
15894 5020 3 0 22.104433 34.032001 0
15895 5020 3 0 20.876408 34.741001 0
15896 5020 3 0 20.876408 36.159 0
15897 5020 3 0 22.104433 36.868 0
15898 5020 3 0 24.56048 34.032001 0
15899 5020 3 0 23.332457 34.741001 0
15900 5020 3 0 23.332457 36.159 0
15901 5020 3 0 24.56048 36.868 0
15902 5020 3 0 27.016529 34.032001 0
15903 5020 3 0 25.788504 34.741001 0
15904 5020 3 0 25.788504 36.159 0
15905 5020 3 0 27.016529 36.868 0
15906 5020 3 0 29.472576 34.032001 0
15907 5020 3 0 28.244553 34.741001 0
15908 5020 3 0 28.244553 36.159 0
15909 5020 3 0 29.472576 36.868 0
15910 5020 3 0 31.928625 34.032001 0
15911 5020 3 0 30.7006 34.741001 0
15912 5020 3 0 30.7006 36.159 0
15913 5020 3 0 31.928625 36.868 0
15914 5020 3 0 34.384674 34.032001 0
15915 5020 3 0 33.156647 34.741001 0
15916 5020 3 0 33.156647 36.159 0
15917 5020 3 0 34.384674 36.868 0
15918 5020 3 0 36.840721 34.032001 0
15919 5020 3 0 35.612698 34.741001 0
15920 5020 3 0 35.612698 36.159 0
15921 5020 3 0 36.840721 36.868 0
15922 5020 3 0 39.296768 34.032001 0
15923 5020 3 0 38.068745 34.741001 0
15924 5020 3 0 38.068745 36.159 0
15925 5020 3 0 39.296768 36.868 0
15926 5020 3 0 41.752815 34.032001 0
15927 5020 3 0 40.524792 34.741001 0
15928 5020 3 0 40.524792 36.159 0
15929 5020 3 0 41.752815 36.868 0
15930 5020 3 0 44.208866 34.032001 0
15931 5020 3 0 42.980843 34.741001 0
15932 5020 3 0 42.980843 36.159 0
15933 5020 3 0 44.208866 36.868 0
15934 5020 3 0 46.664913 34.032001 0
15935 5020 3 0 45.43689 34.741001 0
15936 5020 3 0 45.43689 36.159 0
15937 5020 3 0 46.664913 36.868 0
15938 5020 3 0 49.12096 34.032001 0
15939 5020 3 0 47.892937 34.741001 0
15940 5020 3 0 47.892937 36.159 0
15941 5020 3 0 49.12096 36.868 0
15942 5020 3 0 51.577007 34.032001 0
15943 5020 3 0 50.348984 34.741001 0
15944 5020 3 0 50.348984 36.159 0
15945 5020 3 0 51.577007 36.868 0
15946 5020 3 0 54.033058 34.032001 0
15947 5020 3 0 52.805035 34.741001 0
15948 5020 3 0 52.805035 36.159 0
15949 5020 3 0 54.033058 36.868 0
15950 5020 3 0 56.489105 34.032001 0
15951 5020 3 0 55.261082 34.741001 0
15952 5020 3 0 55.261082 36.159 0
15953 5020 3 0 56.489105 36.868 0
15954 5020 3 0 58.945152 34.032001 0
15955 5020 3 0 57.717129 34.741001 0
15956 5020 3 0 57.717129 36.159 0
15957 5020 3 0 58.945152 36.868 0
15958 5020 3 0 0 38.285999 0
15959 5020 3 0 -1.228024 38.994999 0
15960 5020 3 0 -1.228024 40.412998 0
15961 5020 3 0 0 41.122002 0
15962 5020 3 0 2.456048 38.285999 0
15963 5020 3 0 1.228024 38.994999 0
15964 5020 3 0 1.228024 40.412998 0
15965 5020 3 0 2.456048 41.122002 0
15966 5020 3 0 4.912096 38.285999 0
15967 5020 3 0 3.684072 38.994999 0
15968 5020 3 0 3.684072 40.412998 0
15969 5020 3 0 4.912096 41.122002 0
15970 5020 3 0 7.368144 38.285999 0
15971 5020 3 0 6.14012 38.994999 0
15972 5020 3 0 6.14012 40.412998 0
15973 5020 3 0 7.368144 41.122002 0
15974 5020 3 0 9.824192 38.285999 0
15975 5020 3 0 8.596169 38.994999 0
15976 5020 3 0 8.596169 40.412998 0
15977 5020 3 0 9.824192 41.122002 0
15978 5020 3 0 12.28024 38.285999 0
15979 5020 3 0 11.052217 38.994999 0
15980 5020 3 0 11.052217 40.412998 0
15981 5020 3 0 12.28024 41.122002 0
15982 5020 3 0 14.736288 38.285999 0
15983 5020 3 0 13.508265 38.994999 0
15984 5020 3 0 13.508265 40.412998 0
15985 5020 3 0 14.736288 41.122002 0
15986 5020 3 0 17.192337 38.285999 0
15987 5020 3 0 15.964313 38.994999 0
15988 5020 3 0 15.964313 40.412998 0
15989 5020 3 0 17.192337 41.122002 0
15990 5020 3 0 19.648384 38.285999 0
15991 5020 3 0 18.420361 38.994999 0
15992 5020 3 0 18.420361 40.412998 0
15993 5020 3 0 19.648384 41.122002 0
15994 5020 3 0 22.104433 38.285999 0
15995 5020 3 0 20.876408 38.994999 0
15996 5020 3 0 20.876408 40.412998 0
15997 5020 3 0 22.104433 41.122002 0
15998 5020 3 0 24.56048 38.285999 0
15999 5020 3 0 23.332457 38.994999 0
16000 5020 3 0 23.332457 40.412998 0
16001 5020 3 0 24.56048 41.122002 0
16002 5020 3 0 27.016529 38.285999 0
16003 5020 3 0 25.788504 38.994999 0
16004 5020 3 0 25.788504 40.412998 0
16005 5020 3 0 27.016529 41.122002 0
16006 5020 3 0 29.472576 38.285999 0
16007 5020 3 0 28.244553 38.994999 0
16008 5020 3 0 28.244553 40.412998 0
16009 5020 3 0 29.472576 41.122002 0
16010 5020 3 0 31.928625 38.285999 0
16011 5020 3 0 30.7006 38.994999 0
16012 5020 3 0 30.7006 40.412998 0
16013 5020 3 0 31.928625 41.122002 0
16014 5020 3 0 34.384674 38.285999 0
16015 5020 3 0 33.156647 38.994999 0
16016 5020 3 0 33.156647 40.412998 0
16017 5020 3 0 34.384674 41.122002 0
16018 5020 3 0 36.840721 38.285999 0
16019 5020 3 0 35.612698 38.994999 0
16020 5020 3 0 35.612698 40.412998 0
16021 5020 3 0 36.840721 41.122002 0
16022 5020 3 0 39.296768 38.285999 0
16023 5020 3 0 38.068745 38.994999 0
16024 5020 3 0 38.068745 40.412998 0
16025 5020 3 0 39.296768 41.122002 0
16026 5020 3 0 41.752815 38.285999 0
16027 5020 3 0 40.524792 38.994999 0
16028 5020 3 0 40.524792 40.412998 0
16029 5020 3 0 41.752815 41.122002 0
16030 5020 3 0 44.208866 38.285999 0
16031 5020 3 0 42.980843 38.994999 0
16032 5020 3 0 42.980843 40.412998 0
16033 5020 3 0 44.208866 41.122002 0
16034 5020 3 0 46.664913 38.285999 0
16035 5020 3 0 45.43689 38.994999 0
16036 5020 3 0 45.43689 40.412998 0
16037 5020 3 0 46.664913 41.122002 0
16038 5020 3 0 49.12096 38.285999 0
16039 5020 3 0 47.892937 38.994999 0
16040 5020 3 0 47.892937 40.412998 0
16041 5020 3 0 49.12096 41.122002 0
16042 5020 3 0 51.577007 38.285999 0
16043 5020 3 0 50.348984 38.994999 0
16044 5020 3 0 50.348984 40.412998 0
16045 5020 3 0 51.577007 41.122002 0
16046 5020 3 0 54.033058 38.285999 0
16047 5020 3 0 52.805035 38.994999 0
16048 5020 3 0 52.805035 40.412998 0
16049 5020 3 0 54.033058 41.122002 0
16050 5020 3 0 56.489105 38.285999 0
16051 5020 3 0 55.261082 38.994999 0
16052 5020 3 0 55.261082 40.412998 0
16053 5020 3 0 56.489105 41.122002 0
16054 5020 3 0 58.945152 38.285999 0
16055 5020 3 0 57.717129 38.994999 0
16056 5020 3 0 57.717129 40.412998 0
16057 5020 3 0 58.945152 41.122002 0
16058 5020 3 0 0 42.540001 0
16059 5020 3 0 -1.228024 43.249001 0
16060 5020 3 0 -1.228024 44.667 0
16061 5020 3 0 0 45.375999 0
16062 5020 3 0 2.456048 42.540001 0
16063 5020 3 0 1.228024 43.249001 0
16064 5020 3 0 1.228024 44.667 0
16065 5020 3 0 2.456048 45.375999 0
16066 5020 3 0 4.912096 42.540001 0
16067 5020 3 0 3.684072 43.249001 0
16068 5020 3 0 3.684072 44.667 0
16069 5020 3 0 4.912096 45.375999 0
16070 5020 3 0 7.368144 42.540001 0
16071 5020 3 0 6.14012 43.249001 0
16072 5020 3 0 6.14012 44.667 0
16073 5020 3 0 7.368144 45.375999 0
16074 5020 3 0 9.824192 42.540001 0
16075 5020 3 0 8.596169 43.249001 0
16076 5020 3 0 8.596169 44.667 0
16077 5020 3 0 9.824192 45.375999 0
16078 5020 3 0 12.28024 42.540001 0
16079 5020 3 0 11.052217 43.249001 0
16080 5020 3 0 11.052217 44.667 0
16081 5020 3 0 12.28024 45.375999 0
16082 5020 3 0 14.736288 42.540001 0
16083 5020 3 0 13.508265 43.249001 0
16084 5020 3 0 13.508265 44.667 0
16085 5020 3 0 14.736288 45.375999 0
16086 5020 3 0 17.192337 42.540001 0
16087 5020 3 0 15.964313 43.249001 0
16088 5020 3 0 15.964313 44.667 0
16089 5020 3 0 17.192337 45.375999 0
16090 5020 3 0 19.648384 42.540001 0
16091 5020 3 0 18.420361 43.249001 0
16092 5020 3 0 18.420361 44.667 0
16093 5020 3 0 19.648384 45.375999 0
16094 5020 3 0 22.104433 42.540001 0
16095 5020 3 0 20.876408 43.249001 0
16096 5020 3 0 20.876408 44.667 0
16097 5020 3 0 22.104433 45.375999 0
16098 5020 3 0 24.56048 42.540001 0
16099 5020 3 0 23.332457 43.249001 0
16100 5020 3 0 23.332457 44.667 0
16101 5020 3 0 24.56048 45.375999 0
16102 5020 3 0 27.016529 42.540001 0
16103 5020 3 0 25.788504 43.249001 0
16104 5020 3 0 25.788504 44.667 0
16105 5020 3 0 27.016529 45.375999 0
16106 5020 3 0 29.472576 42.540001 0
16107 5020 3 0 28.244553 43.249001 0
16108 5020 3 0 28.244553 44.667 0
16109 5020 3 0 29.472576 45.375999 0
16110 5020 3 0 31.928625 42.540001 0
16111 5020 3 0 30.7006 43.249001 0
16112 5020 3 0 30.7006 44.667 0
16113 5020 3 0 31.928625 45.375999 0
16114 5020 3 0 34.384674 42.540001 0
16115 5020 3 0 33.156647 43.249001 0
16116 5020 3 0 33.156647 44.667 0
16117 5020 3 0 34.384674 45.375999 0
16118 5020 3 0 36.840721 42.540001 0
16119 5020 3 0 35.612698 43.249001 0
16120 5020 3 0 35.612698 44.667 0
16121 5020 3 0 36.840721 45.375999 0
16122 5020 3 0 39.296768 42.540001 0
16123 5020 3 0 38.068745 43.249001 0
16124 5020 3 0 38.068745 44.667 0
16125 5020 3 0 39.296768 45.375999 0
16126 5020 3 0 41.752815 42.540001 0
16127 5020 3 0 40.524792 43.249001 0
16128 5020 3 0 40.524792 44.667 0
16129 5020 3 0 41.752815 45.375999 0
16130 5020 3 0 44.208866 42.540001 0
16131 5020 3 0 42.980843 43.249001 0
16132 5020 3 0 42.980843 44.667 0
16133 5020 3 0 44.208866 45.375999 0
16134 5020 3 0 46.664913 42.540001 0
16135 5020 3 0 45.43689 43.249001 0
16136 5020 3 0 45.43689 44.667 0
16137 5020 3 0 46.664913 45.375999 0
16138 5020 3 0 49.12096 42.540001 0
16139 5020 3 0 47.892937 43.249001 0
16140 5020 3 0 47.892937 44.667 0
16141 5020 3 0 49.12096 45.375999 0
16142 5020 3 0 51.577007 42.540001 0
16143 5020 3 0 50.348984 43.249001 0
16144 5020 3 0 50.348984 44.667 0
16145 5020 3 0 51.577007 45.375999 0
16146 5020 3 0 54.033058 42.540001 0
16147 5020 3 0 52.805035 43.249001 0
16148 5020 3 0 52.805035 44.667 0
16149 5020 3 0 54.033058 45.375999 0
16150 5020 3 0 56.489105 42.540001 0
16151 5020 3 0 55.261082 43.249001 0
16152 5020 3 0 55.261082 44.667 0
16153 5020 3 0 56.489105 45.375999 0
16154 5020 3 0 58.945152 42.540001 0
16155 5020 3 0 57.717129 43.249001 0
16156 5020 3 0 57.717129 44.667 0
16157 5020 3 0 58.945152 45.375999 0
16158 5020 3 0 0 46.793999 0
16159 5020 3 0 -1.228024 47.502998 0
16160 5020 3 0 -1.228024 48.921001 0
16161 5020 3 0 0 49.630001 0
16162 5020 3 0 2.456048 46.793999 0
16163 5020 3 0 1.228024 47.502998 0
16164 5020 3 0 1.228024 48.921001 0
16165 5020 3 0 2.456048 49.630001 0
16166 5020 3 0 4.912096 46.793999 0
16167 5020 3 0 3.684072 47.502998 0
16168 5020 3 0 3.684072 48.921001 0
16169 5020 3 0 4.912096 49.630001 0
16170 5020 3 0 7.368144 46.793999 0
16171 5020 3 0 6.14012 47.502998 0
16172 5020 3 0 6.14012 48.921001 0
16173 5020 3 0 7.368144 49.630001 0
16174 5020 3 0 9.824192 46.793999 0
16175 5020 3 0 8.596169 47.502998 0
16176 5020 3 0 8.596169 48.921001 0
16177 5020 3 0 9.824192 49.630001 0
16178 5020 3 0 12.28024 46.793999 0
16179 5020 3 0 11.052217 47.502998 0
16180 5020 3 0 11.052217 48.921001 0
16181 5020 3 0 12.28024 49.630001 0
16182 5020 3 0 14.736288 46.793999 0
16183 5020 3 0 13.508265 47.502998 0
16184 5020 3 0 13.508265 48.921001 0
16185 5020 3 0 14.736288 49.630001 0
16186 5020 3 0 17.192337 46.793999 0
16187 5020 3 0 15.964313 47.502998 0
16188 5020 3 0 15.964313 48.921001 0
16189 5020 3 0 17.192337 49.630001 0
16190 5020 3 0 19.648384 46.793999 0
16191 5020 3 0 18.420361 47.502998 0
16192 5020 3 0 18.420361 48.921001 0
16193 5020 3 0 19.648384 49.630001 0
16194 5020 3 0 22.104433 46.793999 0
16195 5020 3 0 20.876408 47.502998 0
16196 5020 3 0 20.876408 48.921001 0
16197 5020 3 0 22.104433 49.630001 0
16198 5020 3 0 24.56048 46.793999 0
16199 5020 3 0 23.332457 47.502998 0
16200 5020 3 0 23.332457 48.921001 0
16201 5020 3 0 24.56048 49.630001 0
16202 5020 3 0 27.016529 46.793999 0
16203 5020 3 0 25.788504 47.502998 0
16204 5020 3 0 25.788504 48.921001 0
16205 5020 3 0 27.016529 49.630001 0
16206 5020 3 0 29.472576 46.793999 0
16207 5020 3 0 28.244553 47.502998 0
16208 5020 3 0 28.244553 48.921001 0
16209 5020 3 0 29.472576 49.630001 0
16210 5020 3 0 31.928625 46.793999 0
16211 5020 3 0 30.7006 47.502998 0
16212 5020 3 0 30.7006 48.921001 0
16213 5020 3 0 31.928625 49.630001 0
16214 5020 3 0 34.384674 46.793999 0
16215 5020 3 0 33.156647 47.502998 0
16216 5020 3 0 33.156647 48.921001 0
16217 5020 3 0 34.384674 49.630001 0
16218 5020 3 0 36.840721 46.793999 0
16219 5020 3 0 35.612698 47.502998 0
16220 5020 3 0 35.612698 48.921001 0
16221 5020 3 0 36.840721 49.630001 0
16222 5020 3 0 39.296768 46.793999 0
16223 5020 3 0 38.068745 47.502998 0
16224 5020 3 0 38.068745 48.921001 0
16225 5020 3 0 39.296768 49.630001 0
16226 5020 3 0 41.752815 46.793999 0
16227 5020 3 0 40.524792 47.502998 0
16228 5020 3 0 40.524792 48.921001 0
16229 5020 3 0 41.752815 49.630001 0
16230 5020 3 0 44.208866 46.793999 0
16231 5020 3 0 42.980843 47.502998 0
16232 5020 3 0 42.980843 48.921001 0
16233 5020 3 0 44.208866 49.630001 0
16234 5020 3 0 46.664913 46.793999 0
16235 5020 3 0 45.43689 47.502998 0
16236 5020 3 0 45.43689 48.921001 0
16237 5020 3 0 46.664913 49.630001 0
16238 5020 3 0 49.12096 46.793999 0
16239 5020 3 0 47.892937 47.502998 0
16240 5020 3 0 47.892937 48.921001 0
16241 5020 3 0 49.12096 49.630001 0
16242 5020 3 0 51.577007 46.793999 0
16243 5020 3 0 50.348984 47.502998 0
16244 5020 3 0 50.348984 48.921001 0
16245 5020 3 0 51.577007 49.630001 0
16246 5020 3 0 54.033058 46.793999 0
16247 5020 3 0 52.805035 47.502998 0
16248 5020 3 0 52.805035 48.921001 0
16249 5020 3 0 54.033058 49.630001 0
16250 5020 3 0 56.489105 46.793999 0
16251 5020 3 0 55.261082 47.502998 0
16252 5020 3 0 55.261082 48.921001 0
16253 5020 3 0 56.489105 49.630001 0
16254 5020 3 0 58.945152 46.793999 0
16255 5020 3 0 57.717129 47.502998 0
16256 5020 3 0 57.717129 48.921001 0
16257 5020 3 0 58.945152 49.630001 0
16258 5020 3 0 0 51.048 0
16259 5020 3 0 -1.228024 51.757 0
16260 5020 3 0 -1.228024 53.174999 0
16261 5020 3 0 0 53.883999 0
16262 5020 3 0 2.456048 51.048 0
16263 5020 3 0 1.228024 51.757 0
16264 5020 3 0 1.228024 53.174999 0
16265 5020 3 0 2.456048 53.883999 0
16266 5020 3 0 4.912096 51.048 0
16267 5020 3 0 3.684072 51.757 0
16268 5020 3 0 3.684072 53.174999 0
16269 5020 3 0 4.912096 53.883999 0
16270 5020 3 0 7.368144 51.048 0
16271 5020 3 0 6.14012 51.757 0
16272 5020 3 0 6.14012 53.174999 0
16273 5020 3 0 7.368144 53.883999 0
16274 5020 3 0 9.824192 51.048 0
16275 5020 3 0 8.596169 51.757 0
16276 5020 3 0 8.596169 53.174999 0
16277 5020 3 0 9.824192 53.883999 0
16278 5020 3 0 12.28024 51.048 0
16279 5020 3 0 11.052217 51.757 0
16280 5020 3 0 11.052217 53.174999 0
16281 5020 3 0 12.28024 53.883999 0
16282 5020 3 0 14.736288 51.048 0
16283 5020 3 0 13.508265 51.757 0
16284 5020 3 0 13.508265 53.174999 0
16285 5020 3 0 14.736288 53.883999 0
16286 5020 3 0 17.192337 51.048 0
16287 5020 3 0 15.964313 51.757 0
16288 5020 3 0 15.964313 53.174999 0
16289 5020 3 0 17.192337 53.883999 0
16290 5020 3 0 19.648384 51.048 0
16291 5020 3 0 18.420361 51.757 0
16292 5020 3 0 18.420361 53.174999 0
16293 5020 3 0 19.648384 53.883999 0
16294 5020 3 0 22.104433 51.048 0
16295 5020 3 0 20.876408 51.757 0
16296 5020 3 0 20.876408 53.174999 0
16297 5020 3 0 22.104433 53.883999 0
16298 5020 3 0 24.56048 51.048 0
16299 5020 3 0 23.332457 51.757 0
16300 5020 3 0 23.332457 53.174999 0
16301 5020 3 0 24.56048 53.883999 0
16302 5020 3 0 27.016529 51.048 0
16303 5020 3 0 25.788504 51.757 0
16304 5020 3 0 25.788504 53.174999 0
16305 5020 3 0 27.016529 53.883999 0
16306 5020 3 0 29.472576 51.048 0
16307 5020 3 0 28.244553 51.757 0
16308 5020 3 0 28.244553 53.174999 0
16309 5020 3 0 29.472576 53.883999 0
16310 5020 3 0 31.928625 51.048 0
16311 5020 3 0 30.7006 51.757 0
16312 5020 3 0 30.7006 53.174999 0
16313 5020 3 0 31.928625 53.883999 0
16314 5020 3 0 34.384674 51.048 0
16315 5020 3 0 33.156647 51.757 0
16316 5020 3 0 33.156647 53.174999 0
16317 5020 3 0 34.384674 53.883999 0
16318 5020 3 0 36.840721 51.048 0
16319 5020 3 0 35.612698 51.757 0
16320 5020 3 0 35.612698 53.174999 0
16321 5020 3 0 36.840721 53.883999 0
16322 5020 3 0 39.296768 51.048 0
16323 5020 3 0 38.068745 51.757 0
16324 5020 3 0 38.068745 53.174999 0
16325 5020 3 0 39.296768 53.883999 0
16326 5020 3 0 41.752815 51.048 0
16327 5020 3 0 40.524792 51.757 0
16328 5020 3 0 40.524792 53.174999 0
16329 5020 3 0 41.752815 53.883999 0
16330 5020 3 0 44.208866 51.048 0
16331 5020 3 0 42.980843 51.757 0
16332 5020 3 0 42.980843 53.174999 0
16333 5020 3 0 44.208866 53.883999 0
16334 5020 3 0 46.664913 51.048 0
16335 5020 3 0 45.43689 51.757 0
16336 5020 3 0 45.43689 53.174999 0
16337 5020 3 0 46.664913 53.883999 0
16338 5020 3 0 49.12096 51.048 0
16339 5020 3 0 47.892937 51.757 0
16340 5020 3 0 47.892937 53.174999 0
16341 5020 3 0 49.12096 53.883999 0
16342 5020 3 0 51.577007 51.048 0
16343 5020 3 0 50.348984 51.757 0
16344 5020 3 0 50.348984 53.174999 0
16345 5020 3 0 51.577007 53.883999 0
16346 5020 3 0 54.033058 51.048 0
16347 5020 3 0 52.805035 51.757 0
16348 5020 3 0 52.805035 53.174999 0
16349 5020 3 0 54.033058 53.883999 0
16350 5020 3 0 56.489105 51.048 0
16351 5020 3 0 55.261082 51.757 0
16352 5020 3 0 55.261082 53.174999 0
16353 5020 3 0 56.489105 53.883999 0
16354 5020 3 0 58.945152 51.048 0
16355 5020 3 0 57.717129 51.757 0
16356 5020 3 0 57.717129 53.174999 0
16357 5020 3 0 58.945152 53.883999 0
16358 5020 3 0 0 55.301998 0
16359 5020 3 0 -1.228024 56.011002 0
16360 5020 3 0 -1.228024 57.429001 0
16361 5020 3 0 0 58.138 0
16362 5020 3 0 2.456048 55.301998 0
16363 5020 3 0 1.228024 56.011002 0
16364 5020 3 0 1.228024 57.429001 0
16365 5020 3 0 2.456048 58.138 0
16366 5020 3 0 4.912096 55.301998 0
16367 5020 3 0 3.684072 56.011002 0
16368 5020 3 0 3.684072 57.429001 0
16369 5020 3 0 4.912096 58.138 0
16370 5020 3 0 7.368144 55.301998 0
16371 5020 3 0 6.14012 56.011002 0
16372 5020 3 0 6.14012 57.429001 0
16373 5020 3 0 7.368144 58.138 0
16374 5020 3 0 9.824192 55.301998 0
16375 5020 3 0 8.596169 56.011002 0
16376 5020 3 0 8.596169 57.429001 0
16377 5020 3 0 9.824192 58.138 0
16378 5020 3 0 12.28024 55.301998 0
16379 5020 3 0 11.052217 56.011002 0
16380 5020 3 0 11.052217 57.429001 0
16381 5020 3 0 12.28024 58.138 0
16382 5020 3 0 14.736288 55.301998 0
16383 5020 3 0 13.508265 56.011002 0
16384 5020 3 0 13.508265 57.429001 0
16385 5020 3 0 14.736288 58.138 0
16386 5020 3 0 17.192337 55.301998 0
16387 5020 3 0 15.964313 56.011002 0
16388 5020 3 0 15.964313 57.429001 0
16389 5020 3 0 17.192337 58.138 0
16390 5020 3 0 19.648384 55.301998 0
16391 5020 3 0 18.420361 56.011002 0
16392 5020 3 0 18.420361 57.429001 0
16393 5020 3 0 19.648384 58.138 0
16394 5020 3 0 22.104433 55.301998 0
16395 5020 3 0 20.876408 56.011002 0
16396 5020 3 0 20.876408 57.429001 0
16397 5020 3 0 22.104433 58.138 0
16398 5020 3 0 24.56048 55.301998 0
16399 5020 3 0 23.332457 56.011002 0
16400 5020 3 0 23.332457 57.429001 0
16401 5020 3 0 24.56048 58.138 0
16402 5020 3 0 27.016529 55.301998 0
16403 5020 3 0 25.788504 56.011002 0
16404 5020 3 0 25.788504 57.429001 0
16405 5020 3 0 27.016529 58.138 0
16406 5020 3 0 29.472576 55.301998 0
16407 5020 3 0 28.244553 56.011002 0
16408 5020 3 0 28.244553 57.429001 0
16409 5020 3 0 29.472576 58.138 0
16410 5020 3 0 31.928625 55.301998 0
16411 5020 3 0 30.7006 56.011002 0
16412 5020 3 0 30.7006 57.429001 0
16413 5020 3 0 31.928625 58.138 0
16414 5020 3 0 34.384674 55.301998 0
16415 5020 3 0 33.156647 56.011002 0
16416 5020 3 0 33.156647 57.429001 0
16417 5020 3 0 34.384674 58.138 0
16418 5020 3 0 36.840721 55.301998 0
16419 5020 3 0 35.612698 56.011002 0
16420 5020 3 0 35.612698 57.429001 0
16421 5020 3 0 36.840721 58.138 0
16422 5020 3 0 39.296768 55.301998 0
16423 5020 3 0 38.068745 56.011002 0
16424 5020 3 0 38.068745 57.429001 0
16425 5020 3 0 39.296768 58.138 0
16426 5020 3 0 41.752815 55.301998 0
16427 5020 3 0 40.524792 56.011002 0
16428 5020 3 0 40.524792 57.429001 0
16429 5020 3 0 41.752815 58.138 0
16430 5020 3 0 44.208866 55.301998 0
16431 5020 3 0 42.980843 56.011002 0
16432 5020 3 0 42.980843 57.429001 0
16433 5020 3 0 44.208866 58.138 0
16434 5020 3 0 46.664913 55.301998 0
16435 5020 3 0 45.43689 56.011002 0
16436 5020 3 0 45.43689 57.429001 0
16437 5020 3 0 46.664913 58.138 0
16438 5020 3 0 49.12096 55.301998 0
16439 5020 3 0 47.892937 56.011002 0
16440 5020 3 0 47.892937 57.429001 0
16441 5020 3 0 49.12096 58.138 0
16442 5020 3 0 51.577007 55.301998 0
16443 5020 3 0 50.348984 56.011002 0
16444 5020 3 0 50.348984 57.429001 0
16445 5020 3 0 51.577007 58.138 0
16446 5020 3 0 54.033058 55.301998 0
16447 5020 3 0 52.805035 56.011002 0
16448 5020 3 0 52.805035 57.429001 0
16449 5020 3 0 54.033058 58.138 0
16450 5020 3 0 56.489105 55.301998 0
16451 5020 3 0 55.261082 56.011002 0
16452 5020 3 0 55.261082 57.429001 0
16453 5020 3 0 56.489105 58.138 0
16454 5020 3 0 58.945152 55.301998 0
16455 5020 3 0 57.717129 56.011002 0
16456 5020 3 0 57.717129 57.429001 0
16457 5020 3 0 58.945152 58.138 0
16458 5020 3 0 0 59.556 0
16459 5020 3 0 -1.228024 60.264999 0
16460 5020 3 0 -1.228024 61.682999 0
16461 5020 3 0 0 62.391998 0
16462 5020 3 0 2.456048 59.556 0
16463 5020 3 0 1.228024 60.264999 0
16464 5020 3 0 1.228024 61.682999 0
16465 5020 3 0 2.456048 62.391998 0
16466 5020 3 0 4.912096 59.556 0
16467 5020 3 0 3.684072 60.264999 0
16468 5020 3 0 3.684072 61.682999 0
16469 5020 3 0 4.912096 62.391998 0
16470 5020 3 0 7.368144 59.556 0
16471 5020 3 0 6.14012 60.264999 0
16472 5020 3 0 6.14012 61.682999 0
16473 5020 3 0 7.368144 62.391998 0
16474 5020 3 0 9.824192 59.556 0
16475 5020 3 0 8.596169 60.264999 0
16476 5020 3 0 8.596169 61.682999 0
16477 5020 3 0 9.824192 62.391998 0
16478 5020 3 0 12.28024 59.556 0
16479 5020 3 0 11.052217 60.264999 0
16480 5020 3 0 11.052217 61.682999 0
16481 5020 3 0 12.28024 62.391998 0
16482 5020 3 0 14.736288 59.556 0
16483 5020 3 0 13.508265 60.264999 0
16484 5020 3 0 13.508265 61.682999 0
16485 5020 3 0 14.736288 62.391998 0
16486 5020 3 0 17.192337 59.556 0
16487 5020 3 0 15.964313 60.264999 0
16488 5020 3 0 15.964313 61.682999 0
16489 5020 3 0 17.192337 62.391998 0
16490 5020 3 0 19.648384 59.556 0
16491 5020 3 0 18.420361 60.264999 0
16492 5020 3 0 18.420361 61.682999 0
16493 5020 3 0 19.648384 62.391998 0
16494 5020 3 0 22.104433 59.556 0
16495 5020 3 0 20.876408 60.264999 0
16496 5020 3 0 20.876408 61.682999 0
16497 5020 3 0 22.104433 62.391998 0
16498 5020 3 0 24.56048 59.556 0
16499 5020 3 0 23.332457 60.264999 0
16500 5020 3 0 23.332457 61.682999 0
16501 5020 3 0 24.56048 62.391998 0
16502 5020 3 0 27.016529 59.556 0
16503 5020 3 0 25.788504 60.264999 0
16504 5020 3 0 25.788504 61.682999 0
16505 5020 3 0 27.016529 62.391998 0
16506 5020 3 0 29.472576 59.556 0
16507 5020 3 0 28.244553 60.264999 0
16508 5020 3 0 28.244553 61.682999 0
16509 5020 3 0 29.472576 62.391998 0
16510 5020 3 0 31.928625 59.556 0
16511 5020 3 0 30.7006 60.264999 0
16512 5020 3 0 30.7006 61.682999 0
16513 5020 3 0 31.928625 62.391998 0
16514 5020 3 0 34.384674 59.556 0
16515 5020 3 0 33.156647 60.264999 0
16516 5020 3 0 33.156647 61.682999 0
16517 5020 3 0 34.384674 62.391998 0
16518 5020 3 0 36.840721 59.556 0
16519 5020 3 0 35.612698 60.264999 0
16520 5020 3 0 35.612698 61.682999 0
16521 5020 3 0 36.840721 62.391998 0
16522 5020 3 0 39.296768 59.556 0
16523 5020 3 0 38.068745 60.264999 0
16524 5020 3 0 38.068745 61.682999 0
16525 5020 3 0 39.296768 62.391998 0
16526 5020 3 0 41.752815 59.556 0
16527 5020 3 0 40.524792 60.264999 0
16528 5020 3 0 40.524792 61.682999 0
16529 5020 3 0 41.752815 62.391998 0
16530 5020 3 0 44.208866 59.556 0
16531 5020 3 0 42.980843 60.264999 0
16532 5020 3 0 42.980843 61.682999 0
16533 5020 3 0 44.208866 62.391998 0
16534 5020 3 0 46.664913 59.556 0
16535 5020 3 0 45.43689 60.264999 0
16536 5020 3 0 45.43689 61.682999 0
16537 5020 3 0 46.664913 62.391998 0
16538 5020 3 0 49.12096 59.556 0
16539 5020 3 0 47.892937 60.264999 0
16540 5020 3 0 47.892937 61.682999 0
16541 5020 3 0 49.12096 62.391998 0
16542 5020 3 0 51.577007 59.556 0
16543 5020 3 0 50.348984 60.264999 0
16544 5020 3 0 50.348984 61.682999 0
16545 5020 3 0 51.577007 62.391998 0
16546 5020 3 0 54.033058 59.556 0
16547 5020 3 0 52.805035 60.264999 0
16548 5020 3 0 52.805035 61.682999 0
16549 5020 3 0 54.033058 62.391998 0
16550 5020 3 0 56.489105 59.556 0
16551 5020 3 0 55.261082 60.264999 0
16552 5020 3 0 55.261082 61.682999 0
16553 5020 3 0 56.489105 62.391998 0
16554 5020 3 0 58.945152 59.556 0
16555 5020 3 0 57.717129 60.264999 0
16556 5020 3 0 57.717129 61.682999 0
16557 5020 3 0 58.945152 62.391998 0
