9664 3222 3 0 0.1472944 2.157 -2.13122
9665 3222 4 0 0.8527056 2.157 0
9666 3222 4 0 2.3352944 3.814 0
9667 3222 3 0 3.0407056 3.814 -2.13122
9668 3222 3 0 0.1472944 5.471 -2.13122
9669 3222 4 0 0.8527056 5.471 0
9670 3222 4 0 2.3352944 7.128 0
9671 3222 3 0 3.0407056 7.128 -2.13122
9672 3222 3 0 0.1472944 8.785 -2.13122
9673 3222 4 0 0.8527056 8.785 0
9674 3222 4 0 2.3352944 10.442 0
9675 3222 3 0 3.0407056 10.442 -2.13122
9676 3222 3 0 0.1472944 12.099 -2.13122
9677 3222 4 0 0.8527056 12.099 0
9678 3222 4 0 2.3352944 13.756 0
9679 3222 3 0 3.0407056 13.756 -2.13122
9680 3222 3 0 0.1472944 15.413 -2.13122
9681 3222 4 0 0.8527056 15.413 0
9682 3222 4 0 2.3352944 17.07 0
9683 3222 3 0 3.0407056 17.07 -2.13122
9684 3222 3 0 0.1472944 18.727 -2.13122
9685 3222 4 0 0.8527056 18.727 0
9686 3222 4 0 2.3352944 20.384 0
9687 3222 3 0 3.0407056 20.384 -2.13122
9688 3222 3 0 0.1472944 22.041 -2.13122
9689 3222 4 0 0.8527056 22.041 0
9690 3222 4 0 2.3352944 23.698 0
9691 3222 3 0 3.0407056 23.698 -2.13122
9692 3222 3 0 0.1472944 25.355 -2.13122
9693 3222 4 0 0.8527056 25.355 0
9694 3222 4 0 2.3352944 27.012 0
9695 3222 3 0 3.0407056 27.012 -2.13122
9696 3222 3 0 0.1472944 28.669 -2.13122
9697 3222 4 0 0.8527056 28.669 0
9698 3222 4 0 2.3352944 30.326 0
9699 3222 3 0 3.0407056 30.326 -2.13122
9700 3222 3 0 0.1472944 31.983 -2.13122
9701 3222 4 0 0.8527056 31.983 0
9702 3222 4 0 2.3352944 33.64 0
9703 3222 3 0 3.0407056 33.64 -2.13122
9704 3222 3 0 0.1472944 35.297 -2.13122
9705 3222 4 0 0.8527056 35.297 0
9706 3222 4 0 2.3352944 36.954 0
9707 3222 3 0 3.0407056 36.954 -2.13122
9708 3222 3 0 0.1472944 38.611 -2.13122
9709 3222 4 0 0.8527056 38.611 0
9710 3222 4 0 2.3352944 40.268 0
9711 3222 3 0 3.0407056 40.268 -2.13122
9712 3222 3 0 0.1472944 41.925 -2.13122
9713 3222 4 0 0.8527056 41.925 0
9714 3222 4 0 2.3352944 43.582 0
9715 3222 3 0 3.0407056 43.582 -2.13122
9716 3222 3 0 0.1472944 45.239 -2.13122
9717 3222 4 0 0.8527056 45.239 0
9718 3222 4 0 2.3352944 46.896 0
9719 3222 3 0 3.0407056 46.896 -2.13122
9720 3222 3 0 0.1472944 48.553 -2.13122
9721 3222 4 0 0.8527056 48.553 0
9722 3222 4 0 2.3352944 50.21 0
9723 3222 3 0 3.0407056 50.21 -2.13122
9724 3222 3 0 0.1472944 51.867 -2.13122
9725 3222 4 0 0.8527056 51.867 0
9726 3222 4 0 2.3352944 53.524 0
9727 3222 3 0 3.0407056 53.524 -2.13122
9728 3222 3 0 0.1472944 55.181 -2.13122
9729 3222 4 0 0.8527056 55.181 0
9730 3222 4 0 2.3352944 56.838 0
9731 3222 3 0 3.0407056 56.838 -2.13122
9732 3222 3 0 0.1472944 58.495 -2.13122
9733 3222 4 0 0.8527056 58.495 0
9734 3222 4 0 2.3352944 60.152 0
9735 3222 3 0 3.0407056 60.152 -2.13122
9736 3222 3 0 4.5232944 2.157 -2.13122
9737 3222 4 0 5.2287056 2.157 0
9738 3222 4 0 6.7112944 3.814 0
9739 3222 3 0 7.4167056 3.814 -2.13122
9740 3222 3 0 4.5232944 5.471 -2.13122
9741 3222 4 0 5.2287056 5.471 0
9742 3222 4 0 6.7112944 7.128 0
9743 3222 3 0 7.4167056 7.128 -2.13122
9744 3222 3 0 4.5232944 8.785 -2.13122
9745 3222 4 0 5.2287056 8.785 0
9746 3222 4 0 6.7112944 10.442 0
9747 3222 3 0 7.4167056 10.442 -2.13122
9748 3222 3 0 4.5232944 12.099 -2.13122
9749 3222 4 0 5.2287056 12.099 0
9750 3222 4 0 6.7112944 13.756 0
9751 3222 3 0 7.4167056 13.756 -2.13122
9752 3222 3 0 4.5232944 15.413 -2.13122
9753 3222 4 0 5.2287056 15.413 0
9754 3222 4 0 6.7112944 17.07 0
9755 3222 3 0 7.4167056 17.07 -2.13122
9756 3222 3 0 4.5232944 18.727 -2.13122
9757 3222 4 0 5.2287056 18.727 0
9758 3222 4 0 6.7112944 20.384 0
9759 3222 3 0 7.4167056 20.384 -2.13122
9760 3222 3 0 4.5232944 22.041 -2.13122
9761 3222 4 0 5.2287056 22.041 0
9762 3222 4 0 6.7112944 23.698 0
9763 3222 3 0 7.4167056 23.698 -2.13122
9764 3222 3 0 4.5232944 25.355 -2.13122
9765 3222 4 0 5.2287056 25.355 0
9766 3222 4 0 6.7112944 27.012 0
9767 3222 3 0 7.4167056 27.012 -2.13122
9768 3222 3 0 4.5232944 28.669 -2.13122
9769 3222 4 0 5.2287056 28.669 0
9770 3222 4 0 6.7112944 30.326 0
9771 3222 3 0 7.4167056 30.326 -2.13122
9772 3222 3 0 4.5232944 31.983 -2.13122
9773 3222 4 0 5.2287056 31.983 0
9774 3222 4 0 6.7112944 33.64 0
9775 3222 3 0 7.4167056 33.64 -2.13122
9776 3222 3 0 4.5232944 35.297 -2.13122
9777 3222 4 0 5.2287056 35.297 0
9778 3222 4 0 6.7112944 36.954 0
9779 3222 3 0 7.4167056 36.954 -2.13122
9780 3222 3 0 4.5232944 38.611 -2.13122
9781 3222 4 0 5.2287056 38.611 0
9782 3222 4 0 6.7112944 40.268 0
9783 3222 3 0 7.4167056 40.268 -2.13122
9784 3222 3 0 4.5232944 41.925 -2.13122
9785 3222 4 0 5.2287056 41.925 0
9786 3222 4 0 6.7112944 43.582 0
9787 3222 3 0 7.4167056 43.582 -2.13122
9788 3222 3 0 4.5232944 45.239 -2.13122
9789 3222 4 0 5.2287056 45.239 0
9790 3222 4 0 6.7112944 46.896 0
9791 3222 3 0 7.4167056 46.896 -2.13122
9792 3222 3 0 4.5232944 48.553 -2.13122
9793 3222 4 0 5.2287056 48.553 0
9794 3222 4 0 6.7112944 50.21 0
9795 3222 3 0 7.4167056 50.21 -2.13122
9796 3222 3 0 4.5232944 51.867 -2.13122
9797 3222 4 0 5.2287056 51.867 0
9798 3222 4 0 6.7112944 53.524 0
9799 3222 3 0 7.4167056 53.524 -2.13122
9800 3222 3 0 4.5232944 55.181 -2.13122
9801 3222 4 0 5.2287056 55.181 0
9802 3222 4 0 6.7112944 56.838 0
9803 3222 3 0 7.4167056 56.838 -2.13122
9804 3222 3 0 4.5232944 58.495 -2.13122
9805 3222 4 0 5.2287056 58.495 0
9806 3222 4 0 6.7112944 60.152 0
9807 3222 3 0 7.4167056 60.152 -2.13122
9808 3222 3 0 8.8992944 2.157 -2.13122
9809 3222 4 0 9.6047056 2.157 0
9810 3222 4 0 11.0872944 3.814 0
9811 3222 3 0 11.7927056 3.814 -2.13122
9812 3222 3 0 8.8992944 5.471 -2.13122
9813 3222 4 0 9.6047056 5.471 0
9814 3222 4 0 11.0872944 7.128 0
9815 3222 3 0 11.7927056 7.128 -2.13122
9816 3222 3 0 8.8992944 8.785 -2.13122
9817 3222 4 0 9.6047056 8.785 0
9818 3222 4 0 11.0872944 10.442 0
9819 3222 3 0 11.7927056 10.442 -2.13122
9820 3222 3 0 8.8992944 12.099 -2.13122
9821 3222 4 0 9.6047056 12.099 0
9822 3222 4 0 11.0872944 13.756 0
9823 3222 3 0 11.7927056 13.756 -2.13122
9824 3222 3 0 8.8992944 15.413 -2.13122
9825 3222 4 0 9.6047056 15.413 0
9826 3222 4 0 11.0872944 17.07 0
9827 3222 3 0 11.7927056 17.07 -2.13122
9828 3222 3 0 8.8992944 18.727 -2.13122
9829 3222 4 0 9.6047056 18.727 0
9830 3222 4 0 11.0872944 20.384 0
9831 3222 3 0 11.7927056 20.384 -2.13122
9832 3222 3 0 8.8992944 22.041 -2.13122
9833 3222 4 0 9.6047056 22.041 0
9834 3222 4 0 11.0872944 23.698 0
9835 3222 3 0 11.7927056 23.698 -2.13122
9836 3222 3 0 8.8992944 25.355 -2.13122
9837 3222 4 0 9.6047056 25.355 0
9838 3222 4 0 11.0872944 27.012 0
9839 3222 3 0 11.7927056 27.012 -2.13122
9840 3222 3 0 8.8992944 28.669 -2.13122
9841 3222 4 0 9.6047056 28.669 0
9842 3222 4 0 11.0872944 30.326 0
9843 3222 3 0 11.7927056 30.326 -2.13122
9844 3222 3 0 8.8992944 31.983 -2.13122
9845 3222 4 0 9.6047056 31.983 0
9846 3222 4 0 11.0872944 33.64 0
9847 3222 3 0 11.7927056 33.64 -2.13122
9848 3222 3 0 8.8992944 35.297 -2.13122
9849 3222 4 0 9.6047056 35.297 0
9850 3222 4 0 11.0872944 36.954 0
9851 3222 3 0 11.7927056 36.954 -2.13122
9852 3222 3 0 8.8992944 38.611 -2.13122
9853 3222 4 0 9.6047056 38.611 0
9854 3222 4 0 11.0872944 40.268 0
9855 3222 3 0 11.7927056 40.268 -2.13122
9856 3222 3 0 8.8992944 41.925 -2.13122
9857 3222 4 0 9.6047056 41.925 0
9858 3222 4 0 11.0872944 43.582 0
9859 3222 3 0 11.7927056 43.582 -2.13122
9860 3222 3 0 8.8992944 45.239 -2.13122
9861 3222 4 0 9.6047056 45.239 0
9862 3222 4 0 11.0872944 46.896 0
9863 3222 3 0 11.7927056 46.896 -2.13122
9864 3222 3 0 8.8992944 48.553 -2.13122
9865 3222 4 0 9.6047056 48.553 0
9866 3222 4 0 11.0872944 50.21 0
9867 3222 3 0 11.7927056 50.21 -2.13122
9868 3222 3 0 8.8992944 51.867 -2.13122
9869 3222 4 0 9.6047056 51.867 0
9870 3222 4 0 11.0872944 53.524 0
9871 3222 3 0 11.7927056 53.524 -2.13122
9872 3222 3 0 8.8992944 55.181 -2.13122
9873 3222 4 0 9.6047056 55.181 0
9874 3222 4 0 11.0872944 56.838 0
9875 3222 3 0 11.7927056 56.838 -2.13122
9876 3222 3 0 8.8992944 58.495 -2.13122
9877 3222 4 0 9.6047056 58.495 0
9878 3222 4 0 11.0872944 60.152 0
9879 3222 3 0 11.7927056 60.152 -2.13122
9880 3222 3 0 13.2752944 2.157 -2.13122
9881 3222 4 0 13.9807056 2.157 0
9882 3222 4 0 15.4632944 3.814 0
9883 3222 3 0 16.1687056 3.814 -2.13122
9884 3222 3 0 13.2752944 5.471 -2.13122
9885 3222 4 0 13.9807056 5.471 0
9886 3222 4 0 15.4632944 7.128 0
9887 3222 3 0 16.1687056 7.128 -2.13122
9888 3222 3 0 13.2752944 8.785 -2.13122
9889 3222 4 0 13.9807056 8.785 0
9890 3222 4 0 15.4632944 10.442 0
9891 3222 3 0 16.1687056 10.442 -2.13122
9892 3222 3 0 13.2752944 12.099 -2.13122
9893 3222 4 0 13.9807056 12.099 0
9894 3222 4 0 15.4632944 13.756 0
9895 3222 3 0 16.1687056 13.756 -2.13122
9896 3222 3 0 13.2752944 15.413 -2.13122
9897 3222 4 0 13.9807056 15.413 0
9898 3222 4 0 15.4632944 17.07 0
9899 3222 3 0 16.1687056 17.07 -2.13122
9900 3222 3 0 13.2752944 18.727 -2.13122
9901 3222 4 0 13.9807056 18.727 0
9902 3222 4 0 15.4632944 20.384 0
9903 3222 3 0 16.1687056 20.384 -2.13122
9904 3222 3 0 13.2752944 22.041 -2.13122
9905 3222 4 0 13.9807056 22.041 0
9906 3222 4 0 15.4632944 23.698 0
9907 3222 3 0 16.1687056 23.698 -2.13122
9908 3222 3 0 13.2752944 25.355 -2.13122
9909 3222 4 0 13.9807056 25.355 0
9910 3222 4 0 15.4632944 27.012 0
9911 3222 3 0 16.1687056 27.012 -2.13122
9912 3222 3 0 13.2752944 28.669 -2.13122
9913 3222 4 0 13.9807056 28.669 0
9914 3222 4 0 15.4632944 30.326 0
9915 3222 3 0 16.1687056 30.326 -2.13122
9916 3222 3 0 13.2752944 31.983 -2.13122
9917 3222 4 0 13.9807056 31.983 0
9918 3222 4 0 15.4632944 33.64 0
9919 3222 3 0 16.1687056 33.64 -2.13122
9920 3222 3 0 13.2752944 35.297 -2.13122
9921 3222 4 0 13.9807056 35.297 0
9922 3222 4 0 15.4632944 36.954 0
9923 3222 3 0 16.1687056 36.954 -2.13122
9924 3222 3 0 13.2752944 38.611 -2.13122
9925 3222 4 0 13.9807056 38.611 0
9926 3222 4 0 15.4632944 40.268 0
9927 3222 3 0 16.1687056 40.268 -2.13122
9928 3222 3 0 13.2752944 41.925 -2.13122
9929 3222 4 0 13.9807056 41.925 0
9930 3222 4 0 15.4632944 43.582 0
9931 3222 3 0 16.1687056 43.582 -2.13122
9932 3222 3 0 13.2752944 45.239 -2.13122
9933 3222 4 0 13.9807056 45.239 0
9934 3222 4 0 15.4632944 46.896 0
9935 3222 3 0 16.1687056 46.896 -2.13122
9936 3222 3 0 13.2752944 48.553 -2.13122
9937 3222 4 0 13.9807056 48.553 0
9938 3222 4 0 15.4632944 50.21 0
9939 3222 3 0 16.1687056 50.21 -2.13122
9940 3222 3 0 13.2752944 51.867 -2.13122
9941 3222 4 0 13.9807056 51.867 0
9942 3222 4 0 15.4632944 53.524 0
9943 3222 3 0 16.1687056 53.524 -2.13122
9944 3222 3 0 13.2752944 55.181 -2.13122
9945 3222 4 0 13.9807056 55.181 0
9946 3222 4 0 15.4632944 56.838 0
9947 3222 3 0 16.1687056 56.838 -2.13122
9948 3222 3 0 13.2752944 58.495 -2.13122
9949 3222 4 0 13.9807056 58.495 0
9950 3222 4 0 15.4632944 60.152 0
9951 3222 3 0 16.1687056 60.152 -2.13122
9952 3222 3 0 17.6512944 2.157 -2.13122
9953 3222 4 0 18.3567056 2.157 0
9954 3222 4 0 19.8392944 3.814 0
9955 3222 3 0 20.5447056 3.814 -2.13122
9956 3222 3 0 17.6512944 5.471 -2.13122
9957 3222 4 0 18.3567056 5.471 0
9958 3222 4 0 19.8392944 7.128 0
9959 3222 3 0 20.5447056 7.128 -2.13122
9960 3222 3 0 17.6512944 8.785 -2.13122
9961 3222 4 0 18.3567056 8.785 0
9962 3222 4 0 19.8392944 10.442 0
9963 3222 3 0 20.5447056 10.442 -2.13122
9964 3222 3 0 17.6512944 12.099 -2.13122
9965 3222 4 0 18.3567056 12.099 0
9966 3222 4 0 19.8392944 13.756 0
9967 3222 3 0 20.5447056 13.756 -2.13122
9968 3222 3 0 17.6512944 15.413 -2.13122
9969 3222 4 0 18.3567056 15.413 0
9970 3222 4 0 19.8392944 17.07 0
9971 3222 3 0 20.5447056 17.07 -2.13122
9972 3222 3 0 17.6512944 18.727 -2.13122
9973 3222 4 0 18.3567056 18.727 0
9974 3222 4 0 19.8392944 20.384 0
9975 3222 3 0 20.5447056 20.384 -2.13122
9976 3222 3 0 17.6512944 22.041 -2.13122
9977 3222 4 0 18.3567056 22.041 0
9978 3222 4 0 19.8392944 23.698 0
9979 3222 3 0 20.5447056 23.698 -2.13122
9980 3222 3 0 17.6512944 25.355 -2.13122
9981 3222 4 0 18.3567056 25.355 0
9982 3222 4 0 19.8392944 27.012 0
9983 3222 3 0 20.5447056 27.012 -2.13122
9984 3222 3 0 17.6512944 28.669 -2.13122
9985 3222 4 0 18.3567056 28.669 0
9986 3222 4 0 19.8392944 30.326 0
9987 3222 3 0 20.5447056 30.326 -2.13122
9988 3222 3 0 17.6512944 31.983 -2.13122
9989 3222 4 0 18.3567056 31.983 0
9990 3222 4 0 19.8392944 33.64 0
9991 3222 3 0 20.5447056 33.64 -2.13122
9992 3222 3 0 17.6512944 35.297 -2.13122
9993 3222 4 0 18.3567056 35.297 0
9994 3222 4 0 19.8392944 36.954 0
9995 3222 3 0 20.5447056 36.954 -2.13122
9996 3222 3 0 17.6512944 38.611 -2.13122
9997 3222 4 0 18.3567056 38.611 0
9998 3222 4 0 19.8392944 40.268 0
9999 3222 3 0 20.5447056 40.268 -2.13122
10000 3222 3 0 17.6512944 41.925 -2.13122
10001 3222 4 0 18.3567056 41.925 0
10002 3222 4 0 19.8392944 43.582 0
10003 3222 3 0 20.5447056 43.582 -2.13122
10004 3222 3 0 17.6512944 45.239 -2.13122
10005 3222 4 0 18.3567056 45.239 0
10006 3222 4 0 19.8392944 46.896 0
10007 3222 3 0 20.5447056 46.896 -2.13122
10008 3222 3 0 17.6512944 48.553 -2.13122
10009 3222 4 0 18.3567056 48.553 0
10010 3222 4 0 19.8392944 50.21 0
10011 3222 3 0 20.5447056 50.21 -2.13122
10012 3222 3 0 17.6512944 51.867 -2.13122
10013 3222 4 0 18.3567056 51.867 0
10014 3222 4 0 19.8392944 53.524 0
10015 3222 3 0 20.5447056 53.524 -2.13122
10016 3222 3 0 17.6512944 55.181 -2.13122
10017 3222 4 0 18.3567056 55.181 0
10018 3222 4 0 19.8392944 56.838 0
10019 3222 3 0 20.5447056 56.838 -2.13122
10020 3222 3 0 17.6512944 58.495 -2.13122
10021 3222 4 0 18.3567056 58.495 0
10022 3222 4 0 19.8392944 60.152 0
10023 3222 3 0 20.5447056 60.152 -2.13122
10024 3222 3 0 22.0272944 2.157 -2.13122
10025 3222 4 0 22.7327056 2.157 0
10026 3222 4 0 24.2152944 3.814 0
10027 3222 3 0 24.9207056 3.814 -2.13122
10028 3222 3 0 22.0272944 5.471 -2.13122
10029 3222 4 0 22.7327056 5.471 0
10030 3222 4 0 24.2152944 7.128 0
10031 3222 3 0 24.9207056 7.128 -2.13122
10032 3222 3 0 22.0272944 8.785 -2.13122
10033 3222 4 0 22.7327056 8.785 0
10034 3222 4 0 24.2152944 10.442 0
10035 3222 3 0 24.9207056 10.442 -2.13122
10036 3222 3 0 22.0272944 12.099 -2.13122
10037 3222 4 0 22.7327056 12.099 0
10038 3222 4 0 24.2152944 13.756 0
10039 3222 3 0 24.9207056 13.756 -2.13122
10040 3222 3 0 22.0272944 15.413 -2.13122
10041 3222 4 0 22.7327056 15.413 0
10042 3222 4 0 24.2152944 17.07 0
10043 3222 3 0 24.9207056 17.07 -2.13122
10044 3222 3 0 22.0272944 18.727 -2.13122
10045 3222 4 0 22.7327056 18.727 0
10046 3222 4 0 24.2152944 20.384 0
10047 3222 3 0 24.9207056 20.384 -2.13122
10048 3222 3 0 22.0272944 22.041 -2.13122
10049 3222 4 0 22.7327056 22.041 0
10050 3222 4 0 24.2152944 23.698 0
10051 3222 3 0 24.9207056 23.698 -2.13122
10052 3222 3 0 22.0272944 25.355 -2.13122
10053 3222 4 0 22.7327056 25.355 0
10054 3222 4 0 24.2152944 27.012 0
10055 3222 3 0 24.9207056 27.012 -2.13122
10056 3222 3 0 22.0272944 28.669 -2.13122
10057 3222 4 0 22.7327056 28.669 0
10058 3222 4 0 24.2152944 30.326 0
10059 3222 3 0 24.9207056 30.326 -2.13122
10060 3222 3 0 22.0272944 31.983 -2.13122
10061 3222 4 0 22.7327056 31.983 0
10062 3222 4 0 24.2152944 33.64 0
10063 3222 3 0 24.9207056 33.64 -2.13122
10064 3222 3 0 22.0272944 35.297 -2.13122
10065 3222 4 0 22.7327056 35.297 0
10066 3222 4 0 24.2152944 36.954 0
10067 3222 3 0 24.9207056 36.954 -2.13122
10068 3222 3 0 22.0272944 38.611 -2.13122
10069 3222 4 0 22.7327056 38.611 0
10070 3222 4 0 24.2152944 40.268 0
10071 3222 3 0 24.9207056 40.268 -2.13122
10072 3222 3 0 22.0272944 41.925 -2.13122
10073 3222 4 0 22.7327056 41.925 0
10074 3222 4 0 24.2152944 43.582 0
10075 3222 3 0 24.9207056 43.582 -2.13122
10076 3222 3 0 22.0272944 45.239 -2.13122
10077 3222 4 0 22.7327056 45.239 0
10078 3222 4 0 24.2152944 46.896 0
10079 3222 3 0 24.9207056 46.896 -2.13122
10080 3222 3 0 22.0272944 48.553 -2.13122
10081 3222 4 0 22.7327056 48.553 0
10082 3222 4 0 24.2152944 50.21 0
10083 3222 3 0 24.9207056 50.21 -2.13122
10084 3222 3 0 22.0272944 51.867 -2.13122
10085 3222 4 0 22.7327056 51.867 0
10086 3222 4 0 24.2152944 53.524 0
10087 3222 3 0 24.9207056 53.524 -2.13122
10088 3222 3 0 22.0272944 55.181 -2.13122
10089 3222 4 0 22.7327056 55.181 0
10090 3222 4 0 24.2152944 56.838 0
10091 3222 3 0 24.9207056 56.838 -2.13122
10092 3222 3 0 22.0272944 58.495 -2.13122
10093 3222 4 0 22.7327056 58.495 0
10094 3222 4 0 24.2152944 60.152 0
10095 3222 3 0 24.9207056 60.152 -2.13122
10096 3222 3 0 26.4032944 2.157 -2.13122
10097 3222 4 0 27.1087056 2.157 0
10098 3222 4 0 28.5912944 3.814 0
10099 3222 3 0 29.2967056 3.814 -2.13122
10100 3222 3 0 26.4032944 5.471 -2.13122
10101 3222 4 0 27.1087056 5.471 0
10102 3222 4 0 28.5912944 7.128 0
10103 3222 3 0 29.2967056 7.128 -2.13122
10104 3222 3 0 26.4032944 8.785 -2.13122
10105 3222 4 0 27.1087056 8.785 0
10106 3222 4 0 28.5912944 10.442 0
10107 3222 3 0 29.2967056 10.442 -2.13122
10108 3222 3 0 26.4032944 12.099 -2.13122
10109 3222 4 0 27.1087056 12.099 0
10110 3222 4 0 28.5912944 13.756 0
10111 3222 3 0 29.2967056 13.756 -2.13122
10112 3222 3 0 26.4032944 15.413 -2.13122
10113 3222 4 0 27.1087056 15.413 0
10114 3222 4 0 28.5912944 17.07 0
10115 3222 3 0 29.2967056 17.07 -2.13122
10116 3222 3 0 26.4032944 18.727 -2.13122
10117 3222 4 0 27.1087056 18.727 0
10118 3222 4 0 28.5912944 20.384 0
10119 3222 3 0 29.2967056 20.384 -2.13122
10120 3222 3 0 26.4032944 22.041 -2.13122
10121 3222 4 0 27.1087056 22.041 0
10122 3222 4 0 28.5912944 23.698 0
10123 3222 3 0 29.2967056 23.698 -2.13122
10124 3222 3 0 26.4032944 25.355 -2.13122
10125 3222 4 0 27.1087056 25.355 0
10126 3222 4 0 28.5912944 27.012 0
10127 3222 3 0 29.2967056 27.012 -2.13122
10128 3222 3 0 26.4032944 28.669 -2.13122
10129 3222 4 0 27.1087056 28.669 0
10130 3222 4 0 28.5912944 30.326 0
10131 3222 3 0 29.2967056 30.326 -2.13122
10132 3222 3 0 26.4032944 31.983 -2.13122
10133 3222 4 0 27.1087056 31.983 0
10134 3222 4 0 28.5912944 33.64 0
10135 3222 3 0 29.2967056 33.64 -2.13122
10136 3222 3 0 26.4032944 35.297 -2.13122
10137 3222 4 0 27.1087056 35.297 0
10138 3222 4 0 28.5912944 36.954 0
10139 3222 3 0 29.2967056 36.954 -2.13122
10140 3222 3 0 26.4032944 38.611 -2.13122
10141 3222 4 0 27.1087056 38.611 0
10142 3222 4 0 28.5912944 40.268 0
10143 3222 3 0 29.2967056 40.268 -2.13122
10144 3222 3 0 26.4032944 41.925 -2.13122
10145 3222 4 0 27.1087056 41.925 0
10146 3222 4 0 28.5912944 43.582 0
10147 3222 3 0 29.2967056 43.582 -2.13122
10148 3222 3 0 26.4032944 45.239 -2.13122
10149 3222 4 0 27.1087056 45.239 0
10150 3222 4 0 28.5912944 46.896 0
10151 3222 3 0 29.2967056 46.896 -2.13122
10152 3222 3 0 26.4032944 48.553 -2.13122
10153 3222 4 0 27.1087056 48.553 0
10154 3222 4 0 28.5912944 50.21 0
10155 3222 3 0 29.2967056 50.21 -2.13122
10156 3222 3 0 26.4032944 51.867 -2.13122
10157 3222 4 0 27.1087056 51.867 0
10158 3222 4 0 28.5912944 53.524 0
10159 3222 3 0 29.2967056 53.524 -2.13122
10160 3222 3 0 26.4032944 55.181 -2.13122
10161 3222 4 0 27.1087056 55.181 0
10162 3222 4 0 28.5912944 56.838 0
10163 3222 3 0 29.2967056 56.838 -2.13122
10164 3222 3 0 26.4032944 58.495 -2.13122
10165 3222 4 0 27.1087056 58.495 0
10166 3222 4 0 28.5912944 60.152 0
10167 3222 3 0 29.2967056 60.152 -2.13122
10168 3222 3 0 30.7792944 2.157 -2.13122
10169 3222 4 0 31.4847056 2.157 0
10170 3222 4 0 32.9672944 3.814 0
10171 3222 3 0 33.6727056 3.814 -2.13122
10172 3222 3 0 30.7792944 5.471 -2.13122
10173 3222 4 0 31.4847056 5.471 0
10174 3222 4 0 32.9672944 7.128 0
10175 3222 3 0 33.6727056 7.128 -2.13122
10176 3222 3 0 30.7792944 8.785 -2.13122
10177 3222 4 0 31.4847056 8.785 0
10178 3222 4 0 32.9672944 10.442 0
10179 3222 3 0 33.6727056 10.442 -2.13122
10180 3222 3 0 30.7792944 12.099 -2.13122
10181 3222 4 0 31.4847056 12.099 0
10182 3222 4 0 32.9672944 13.756 0
10183 3222 3 0 33.6727056 13.756 -2.13122
10184 3222 3 0 30.7792944 15.413 -2.13122
10185 3222 4 0 31.4847056 15.413 0
10186 3222 4 0 32.9672944 17.07 0
10187 3222 3 0 33.6727056 17.07 -2.13122
10188 3222 3 0 30.7792944 18.727 -2.13122
10189 3222 4 0 31.4847056 18.727 0
10190 3222 4 0 32.9672944 20.384 0
10191 3222 3 0 33.6727056 20.384 -2.13122
10192 3222 3 0 30.7792944 22.041 -2.13122
10193 3222 4 0 31.4847056 22.041 0
10194 3222 4 0 32.9672944 23.698 0
10195 3222 3 0 33.6727056 23.698 -2.13122
10196 3222 3 0 30.7792944 25.355 -2.13122
10197 3222 4 0 31.4847056 25.355 0
10198 3222 4 0 32.9672944 27.012 0
10199 3222 3 0 33.6727056 27.012 -2.13122
10200 3222 3 0 30.7792944 28.669 -2.13122
10201 3222 4 0 31.4847056 28.669 0
10202 3222 4 0 32.9672944 30.326 0
10203 3222 3 0 33.6727056 30.326 -2.13122
10204 3222 3 0 30.7792944 31.983 -2.13122
10205 3222 4 0 31.4847056 31.983 0
10206 3222 4 0 32.9672944 33.64 0
10207 3222 3 0 33.6727056 33.64 -2.13122
10208 3222 3 0 30.7792944 35.297 -2.13122
10209 3222 4 0 31.4847056 35.297 0
10210 3222 4 0 32.9672944 36.954 0
10211 3222 3 0 33.6727056 36.954 -2.13122
10212 3222 3 0 30.7792944 38.611 -2.13122
10213 3222 4 0 31.4847056 38.611 0
10214 3222 4 0 32.9672944 40.268 0
10215 3222 3 0 33.6727056 40.268 -2.13122
10216 3222 3 0 30.7792944 41.925 -2.13122
10217 3222 4 0 31.4847056 41.925 0
10218 3222 4 0 32.9672944 43.582 0
10219 3222 3 0 33.6727056 43.582 -2.13122
10220 3222 3 0 30.7792944 45.239 -2.13122
10221 3222 4 0 31.4847056 45.239 0
10222 3222 4 0 32.9672944 46.896 0
10223 3222 3 0 33.6727056 46.896 -2.13122
10224 3222 3 0 30.7792944 48.553 -2.13122
10225 3222 4 0 31.4847056 48.553 0
10226 3222 4 0 32.9672944 50.21 0
10227 3222 3 0 33.6727056 50.21 -2.13122
10228 3222 3 0 30.7792944 51.867 -2.13122
10229 3222 4 0 31.4847056 51.867 0
10230 3222 4 0 32.9672944 53.524 0
10231 3222 3 0 33.6727056 53.524 -2.13122
10232 3222 3 0 30.7792944 55.181 -2.13122
10233 3222 4 0 31.4847056 55.181 0
10234 3222 4 0 32.9672944 56.838 0
10235 3222 3 0 33.6727056 56.838 -2.13122
10236 3222 3 0 30.7792944 58.495 -2.13122
10237 3222 4 0 31.4847056 58.495 0
10238 3222 4 0 32.9672944 60.152 0
10239 3222 3 0 33.6727056 60.152 -2.13122
10240 3222 3 0 35.1552944 2.157 -2.13122
10241 3222 4 0 35.8607056 2.157 0
10242 3222 4 0 37.3432944 3.814 0
10243 3222 3 0 38.0487056 3.814 -2.13122
10244 3222 3 0 35.1552944 5.471 -2.13122
10245 3222 4 0 35.8607056 5.471 0
10246 3222 4 0 37.3432944 7.128 0
10247 3222 3 0 38.0487056 7.128 -2.13122
10248 3222 3 0 35.1552944 8.785 -2.13122
10249 3222 4 0 35.8607056 8.785 0
10250 3222 4 0 37.3432944 10.442 0
10251 3222 3 0 38.0487056 10.442 -2.13122
10252 3222 3 0 35.1552944 12.099 -2.13122
10253 3222 4 0 35.8607056 12.099 0
10254 3222 4 0 37.3432944 13.756 0
10255 3222 3 0 38.0487056 13.756 -2.13122
10256 3222 3 0 35.1552944 15.413 -2.13122
10257 3222 4 0 35.8607056 15.413 0
10258 3222 4 0 37.3432944 17.07 0
10259 3222 3 0 38.0487056 17.07 -2.13122
10260 3222 3 0 35.1552944 18.727 -2.13122
10261 3222 4 0 35.8607056 18.727 0
10262 3222 4 0 37.3432944 20.384 0
10263 3222 3 0 38.0487056 20.384 -2.13122
10264 3222 3 0 35.1552944 22.041 -2.13122
10265 3222 4 0 35.8607056 22.041 0
10266 3222 4 0 37.3432944 23.698 0
10267 3222 3 0 38.0487056 23.698 -2.13122
10268 3222 3 0 35.1552944 25.355 -2.13122
10269 3222 4 0 35.8607056 25.355 0
10270 3222 4 0 37.3432944 27.012 0
10271 3222 3 0 38.0487056 27.012 -2.13122
10272 3222 3 0 35.1552944 28.669 -2.13122
10273 3222 4 0 35.8607056 28.669 0
10274 3222 4 0 37.3432944 30.326 0
10275 3222 3 0 38.0487056 30.326 -2.13122
10276 3222 3 0 35.1552944 31.983 -2.13122
10277 3222 4 0 35.8607056 31.983 0
10278 3222 4 0 37.3432944 33.64 0
10279 3222 3 0 38.0487056 33.64 -2.13122
10280 3222 3 0 35.1552944 35.297 -2.13122
10281 3222 4 0 35.8607056 35.297 0
10282 3222 4 0 37.3432944 36.954 0
10283 3222 3 0 38.0487056 36.954 -2.13122
10284 3222 3 0 35.1552944 38.611 -2.13122
10285 3222 4 0 35.8607056 38.611 0
10286 3222 4 0 37.3432944 40.268 0
10287 3222 3 0 38.0487056 40.268 -2.13122
10288 3222 3 0 35.1552944 41.925 -2.13122
10289 3222 4 0 35.8607056 41.925 0
10290 3222 4 0 37.3432944 43.582 0
10291 3222 3 0 38.0487056 43.582 -2.13122
10292 3222 3 0 35.1552944 45.239 -2.13122
10293 3222 4 0 35.8607056 45.239 0
10294 3222 4 0 37.3432944 46.896 0
10295 3222 3 0 38.0487056 46.896 -2.13122
10296 3222 3 0 35.1552944 48.553 -2.13122
10297 3222 4 0 35.8607056 48.553 0
10298 3222 4 0 37.3432944 50.21 0
10299 3222 3 0 38.0487056 50.21 -2.13122
10300 3222 3 0 35.1552944 51.867 -2.13122
10301 3222 4 0 35.8607056 51.867 0
10302 3222 4 0 37.3432944 53.524 0
10303 3222 3 0 38.0487056 53.524 -2.13122
10304 3222 3 0 35.1552944 55.181 -2.13122
10305 3222 4 0 35.8607056 55.181 0
10306 3222 4 0 37.3432944 56.838 0
10307 3222 3 0 38.0487056 56.838 -2.13122
10308 3222 3 0 35.1552944 58.495 -2.13122
10309 3222 4 0 35.8607056 58.495 0
10310 3222 4 0 37.3432944 60.152 0
10311 3222 3 0 38.0487056 60.152 -2.13122
10312 3222 3 0 39.5312944 2.157 -2.13122
10313 3222 4 0 40.2367056 2.157 0
10314 3222 4 0 41.7192944 3.814 0
10315 3222 3 0 42.4247056 3.814 -2.13122
10316 3222 3 0 39.5312944 5.471 -2.13122
10317 3222 4 0 40.2367056 5.471 0
10318 3222 4 0 41.7192944 7.128 0
10319 3222 3 0 42.4247056 7.128 -2.13122
10320 3222 3 0 39.5312944 8.785 -2.13122
10321 3222 4 0 40.2367056 8.785 0
10322 3222 4 0 41.7192944 10.442 0
10323 3222 3 0 42.4247056 10.442 -2.13122
10324 3222 3 0 39.5312944 12.099 -2.13122
10325 3222 4 0 40.2367056 12.099 0
10326 3222 4 0 41.7192944 13.756 0
10327 3222 3 0 42.4247056 13.756 -2.13122
10328 3222 3 0 39.5312944 15.413 -2.13122
10329 3222 4 0 40.2367056 15.413 0
10330 3222 4 0 41.7192944 17.07 0
10331 3222 3 0 42.4247056 17.07 -2.13122
10332 3222 3 0 39.5312944 18.727 -2.13122
10333 3222 4 0 40.2367056 18.727 0
10334 3222 4 0 41.7192944 20.384 0
10335 3222 3 0 42.4247056 20.384 -2.13122
10336 3222 3 0 39.5312944 22.041 -2.13122
10337 3222 4 0 40.2367056 22.041 0
10338 3222 4 0 41.7192944 23.698 0
10339 3222 3 0 42.4247056 23.698 -2.13122
10340 3222 3 0 39.5312944 25.355 -2.13122
10341 3222 4 0 40.2367056 25.355 0
10342 3222 4 0 41.7192944 27.012 0
10343 3222 3 0 42.4247056 27.012 -2.13122
10344 3222 3 0 39.5312944 28.669 -2.13122
10345 3222 4 0 40.2367056 28.669 0
10346 3222 4 0 41.7192944 30.326 0
10347 3222 3 0 42.4247056 30.326 -2.13122
10348 3222 3 0 39.5312944 31.983 -2.13122
10349 3222 4 0 40.2367056 31.983 0
10350 3222 4 0 41.7192944 33.64 0
10351 3222 3 0 42.4247056 33.64 -2.13122
10352 3222 3 0 39.5312944 35.297 -2.13122
10353 3222 4 0 40.2367056 35.297 0
10354 3222 4 0 41.7192944 36.954 0
10355 3222 3 0 42.4247056 36.954 -2.13122
10356 3222 3 0 39.5312944 38.611 -2.13122
10357 3222 4 0 40.2367056 38.611 0
10358 3222 4 0 41.7192944 40.268 0
10359 3222 3 0 42.4247056 40.268 -2.13122
10360 3222 3 0 39.5312944 41.925 -2.13122
10361 3222 4 0 40.2367056 41.925 0
10362 3222 4 0 41.7192944 43.582 0
10363 3222 3 0 42.4247056 43.582 -2.13122
10364 3222 3 0 39.5312944 45.239 -2.13122
10365 3222 4 0 40.2367056 45.239 0
10366 3222 4 0 41.7192944 46.896 0
10367 3222 3 0 42.4247056 46.896 -2.13122
10368 3222 3 0 39.5312944 48.553 -2.13122
10369 3222 4 0 40.2367056 48.553 0
10370 3222 4 0 41.7192944 50.21 0
10371 3222 3 0 42.4247056 50.21 -2.13122
10372 3222 3 0 39.5312944 51.867 -2.13122
10373 3222 4 0 40.2367056 51.867 0
10374 3222 4 0 41.7192944 53.524 0
10375 3222 3 0 42.4247056 53.524 -2.13122
10376 3222 3 0 39.5312944 55.181 -2.13122
10377 3222 4 0 40.2367056 55.181 0
10378 3222 4 0 41.7192944 56.838 0
10379 3222 3 0 42.4247056 56.838 -2.13122
10380 3222 3 0 39.5312944 58.495 -2.13122
10381 3222 4 0 40.2367056 58.495 0
10382 3222 4 0 41.7192944 60.152 0
10383 3222 3 0 42.4247056 60.152 -2.13122
10384 3222 3 0 43.9072944 2.157 -2.13122
10385 3222 4 0 44.6127056 2.157 0
10386 3222 4 0 46.0952944 3.814 0
10387 3222 3 0 46.8007056 3.814 -2.13122
10388 3222 3 0 43.9072944 5.471 -2.13122
10389 3222 4 0 44.6127056 5.471 0
10390 3222 4 0 46.0952944 7.128 0
10391 3222 3 0 46.8007056 7.128 -2.13122
10392 3222 3 0 43.9072944 8.785 -2.13122
10393 3222 4 0 44.6127056 8.785 0
10394 3222 4 0 46.0952944 10.442 0
10395 3222 3 0 46.8007056 10.442 -2.13122
10396 3222 3 0 43.9072944 12.099 -2.13122
10397 3222 4 0 44.6127056 12.099 0
10398 3222 4 0 46.0952944 13.756 0
10399 3222 3 0 46.8007056 13.756 -2.13122
10400 3222 3 0 43.9072944 15.413 -2.13122
10401 3222 4 0 44.6127056 15.413 0
10402 3222 4 0 46.0952944 17.07 0
10403 3222 3 0 46.8007056 17.07 -2.13122
10404 3222 3 0 43.9072944 18.727 -2.13122
10405 3222 4 0 44.6127056 18.727 0
10406 3222 4 0 46.0952944 20.384 0
10407 3222 3 0 46.8007056 20.384 -2.13122
10408 3222 3 0 43.9072944 22.041 -2.13122
10409 3222 4 0 44.6127056 22.041 0
10410 3222 4 0 46.0952944 23.698 0
10411 3222 3 0 46.8007056 23.698 -2.13122
10412 3222 3 0 43.9072944 25.355 -2.13122
10413 3222 4 0 44.6127056 25.355 0
10414 3222 4 0 46.0952944 27.012 0
10415 3222 3 0 46.8007056 27.012 -2.13122
10416 3222 3 0 43.9072944 28.669 -2.13122
10417 3222 4 0 44.6127056 28.669 0
10418 3222 4 0 46.0952944 30.326 0
10419 3222 3 0 46.8007056 30.326 -2.13122
10420 3222 3 0 43.9072944 31.983 -2.13122
10421 3222 4 0 44.6127056 31.983 0
10422 3222 4 0 46.0952944 33.64 0
10423 3222 3 0 46.8007056 33.64 -2.13122
10424 3222 3 0 43.9072944 35.297 -2.13122
10425 3222 4 0 44.6127056 35.297 0
10426 3222 4 0 46.0952944 36.954 0
10427 3222 3 0 46.8007056 36.954 -2.13122
10428 3222 3 0 43.9072944 38.611 -2.13122
10429 3222 4 0 44.6127056 38.611 0
10430 3222 4 0 46.0952944 40.268 0
10431 3222 3 0 46.8007056 40.268 -2.13122
10432 3222 3 0 43.9072944 41.925 -2.13122
10433 3222 4 0 44.6127056 41.925 0
10434 3222 4 0 46.0952944 43.582 0
10435 3222 3 0 46.8007056 43.582 -2.13122
10436 3222 3 0 43.9072944 45.239 -2.13122
10437 3222 4 0 44.6127056 45.239 0
10438 3222 4 0 46.0952944 46.896 0
10439 3222 3 0 46.8007056 46.896 -2.13122
10440 3222 3 0 43.9072944 48.553 -2.13122
10441 3222 4 0 44.6127056 48.553 0
10442 3222 4 0 46.0952944 50.21 0
10443 3222 3 0 46.8007056 50.21 -2.13122
10444 3222 3 0 43.9072944 51.867 -2.13122
10445 3222 4 0 44.6127056 51.867 0
10446 3222 4 0 46.0952944 53.524 0
10447 3222 3 0 46.8007056 53.524 -2.13122
10448 3222 3 0 43.9072944 55.181 -2.13122
10449 3222 4 0 44.6127056 55.181 0
10450 3222 4 0 46.0952944 56.838 0
10451 3222 3 0 46.8007056 56.838 -2.13122
10452 3222 3 0 43.9072944 58.495 -2.13122
10453 3222 4 0 44.6127056 58.495 0
10454 3222 4 0 46.0952944 60.152 0
10455 3222 3 0 46.8007056 60.152 -2.13122
10456 3222 3 0 48.2832944 2.157 -2.13122
10457 3222 4 0 48.9887056 2.157 0
10458 3222 4 0 50.4712944 3.814 0
10459 3222 3 0 51.1767056 3.814 -2.13122
10460 3222 3 0 48.2832944 5.471 -2.13122
10461 3222 4 0 48.9887056 5.471 0
10462 3222 4 0 50.4712944 7.128 0
10463 3222 3 0 51.1767056 7.128 -2.13122
10464 3222 3 0 48.2832944 8.785 -2.13122
10465 3222 4 0 48.9887056 8.785 0
10466 3222 4 0 50.4712944 10.442 0
10467 3222 3 0 51.1767056 10.442 -2.13122
10468 3222 3 0 48.2832944 12.099 -2.13122
10469 3222 4 0 48.9887056 12.099 0
10470 3222 4 0 50.4712944 13.756 0
10471 3222 3 0 51.1767056 13.756 -2.13122
10472 3222 3 0 48.2832944 15.413 -2.13122
10473 3222 4 0 48.9887056 15.413 0
10474 3222 4 0 50.4712944 17.07 0
10475 3222 3 0 51.1767056 17.07 -2.13122
10476 3222 3 0 48.2832944 18.727 -2.13122
10477 3222 4 0 48.9887056 18.727 0
10478 3222 4 0 50.4712944 20.384 0
10479 3222 3 0 51.1767056 20.384 -2.13122
10480 3222 3 0 48.2832944 22.041 -2.13122
10481 3222 4 0 48.9887056 22.041 0
10482 3222 4 0 50.4712944 23.698 0
10483 3222 3 0 51.1767056 23.698 -2.13122
10484 3222 3 0 48.2832944 25.355 -2.13122
10485 3222 4 0 48.9887056 25.355 0
10486 3222 4 0 50.4712944 27.012 0
10487 3222 3 0 51.1767056 27.012 -2.13122
10488 3222 3 0 48.2832944 28.669 -2.13122
10489 3222 4 0 48.9887056 28.669 0
10490 3222 4 0 50.4712944 30.326 0
10491 3222 3 0 51.1767056 30.326 -2.13122
10492 3222 3 0 48.2832944 31.983 -2.13122
10493 3222 4 0 48.9887056 31.983 0
10494 3222 4 0 50.4712944 33.64 0
10495 3222 3 0 51.1767056 33.64 -2.13122
10496 3222 3 0 48.2832944 35.297 -2.13122
10497 3222 4 0 48.9887056 35.297 0
10498 3222 4 0 50.4712944 36.954 0
10499 3222 3 0 51.1767056 36.954 -2.13122
10500 3222 3 0 48.2832944 38.611 -2.13122
10501 3222 4 0 48.9887056 38.611 0
10502 3222 4 0 50.4712944 40.268 0
10503 3222 3 0 51.1767056 40.268 -2.13122
10504 3222 3 0 48.2832944 41.925 -2.13122
10505 3222 4 0 48.9887056 41.925 0
10506 3222 4 0 50.4712944 43.582 0
10507 3222 3 0 51.1767056 43.582 -2.13122
10508 3222 3 0 48.2832944 45.239 -2.13122
10509 3222 4 0 48.9887056 45.239 0
10510 3222 4 0 50.4712944 46.896 0
10511 3222 3 0 51.1767056 46.896 -2.13122
10512 3222 3 0 48.2832944 48.553 -2.13122
10513 3222 4 0 48.9887056 48.553 0
10514 3222 4 0 50.4712944 50.21 0
10515 3222 3 0 51.1767056 50.21 -2.13122
10516 3222 3 0 48.2832944 51.867 -2.13122
10517 3222 4 0 48.9887056 51.867 0
10518 3222 4 0 50.4712944 53.524 0
10519 3222 3 0 51.1767056 53.524 -2.13122
10520 3222 3 0 48.2832944 55.181 -2.13122
10521 3222 4 0 48.9887056 55.181 0
10522 3222 4 0 50.4712944 56.838 0
10523 3222 3 0 51.1767056 56.838 -2.13122
10524 3222 3 0 48.2832944 58.495 -2.13122
10525 3222 4 0 48.9887056 58.495 0
10526 3222 4 0 50.4712944 60.152 0
10527 3222 3 0 51.1767056 60.152 -2.13122
10528 3222 3 0 52.6592944 2.157 -2.13122
10529 3222 4 0 53.3647056 2.157 0
10530 3222 4 0 54.8472944 3.814 0
10531 3222 3 0 55.5527056 3.814 -2.13122
10532 3222 3 0 52.6592944 5.471 -2.13122
10533 3222 4 0 53.3647056 5.471 0
10534 3222 4 0 54.8472944 7.128 0
10535 3222 3 0 55.5527056 7.128 -2.13122
10536 3222 3 0 52.6592944 8.785 -2.13122
10537 3222 4 0 53.3647056 8.785 0
10538 3222 4 0 54.8472944 10.442 0
10539 3222 3 0 55.5527056 10.442 -2.13122
10540 3222 3 0 52.6592944 12.099 -2.13122
10541 3222 4 0 53.3647056 12.099 0
10542 3222 4 0 54.8472944 13.756 0
10543 3222 3 0 55.5527056 13.756 -2.13122
10544 3222 3 0 52.6592944 15.413 -2.13122
10545 3222 4 0 53.3647056 15.413 0
10546 3222 4 0 54.8472944 17.07 0
10547 3222 3 0 55.5527056 17.07 -2.13122
10548 3222 3 0 52.6592944 18.727 -2.13122
10549 3222 4 0 53.3647056 18.727 0
10550 3222 4 0 54.8472944 20.384 0
10551 3222 3 0 55.5527056 20.384 -2.13122
10552 3222 3 0 52.6592944 22.041 -2.13122
10553 3222 4 0 53.3647056 22.041 0
10554 3222 4 0 54.8472944 23.698 0
10555 3222 3 0 55.5527056 23.698 -2.13122
10556 3222 3 0 52.6592944 25.355 -2.13122
10557 3222 4 0 53.3647056 25.355 0
10558 3222 4 0 54.8472944 27.012 0
10559 3222 3 0 55.5527056 27.012 -2.13122
10560 3222 3 0 52.6592944 28.669 -2.13122
10561 3222 4 0 53.3647056 28.669 0
10562 3222 4 0 54.8472944 30.326 0
10563 3222 3 0 55.5527056 30.326 -2.13122
10564 3222 3 0 52.6592944 31.983 -2.13122
10565 3222 4 0 53.3647056 31.983 0
10566 3222 4 0 54.8472944 33.64 0
10567 3222 3 0 55.5527056 33.64 -2.13122
10568 3222 3 0 52.6592944 35.297 -2.13122
10569 3222 4 0 53.3647056 35.297 0
10570 3222 4 0 54.8472944 36.954 0
10571 3222 3 0 55.5527056 36.954 -2.13122
10572 3222 3 0 52.6592944 38.611 -2.13122
10573 3222 4 0 53.3647056 38.611 0
10574 3222 4 0 54.8472944 40.268 0
10575 3222 3 0 55.5527056 40.268 -2.13122
10576 3222 3 0 52.6592944 41.925 -2.13122
10577 3222 4 0 53.3647056 41.925 0
10578 3222 4 0 54.8472944 43.582 0
10579 3222 3 0 55.5527056 43.582 -2.13122
10580 3222 3 0 52.6592944 45.239 -2.13122
10581 3222 4 0 53.3647056 45.239 0
10582 3222 4 0 54.8472944 46.896 0
10583 3222 3 0 55.5527056 46.896 -2.13122
10584 3222 3 0 52.6592944 48.553 -2.13122
10585 3222 4 0 53.3647056 48.553 0
10586 3222 4 0 54.8472944 50.21 0
10587 3222 3 0 55.5527056 50.21 -2.13122
10588 3222 3 0 52.6592944 51.867 -2.13122
10589 3222 4 0 53.3647056 51.867 0
10590 3222 4 0 54.8472944 53.524 0
10591 3222 3 0 55.5527056 53.524 -2.13122
10592 3222 3 0 52.6592944 55.181 -2.13122
10593 3222 4 0 53.3647056 55.181 0
10594 3222 4 0 54.8472944 56.838 0
10595 3222 3 0 55.5527056 56.838 -2.13122
10596 3222 3 0 52.6592944 58.495 -2.13122
10597 3222 4 0 53.3647056 58.495 0
10598 3222 4 0 54.8472944 60.152 0
10599 3222 3 0 55.5527056 60.152 -2.13122
