0.000000
-1.195115
-1.195115
0.000000
2.390230
1.195115
1.195115
2.390230
4.780460
3.585345
3.585345
4.780460
7.170691
5.975575
5.975575
7.170691
9.560921
8.365806
8.365806
9.560921
11.951151
10.756036
10.756036
11.951151
14.341381
13.146266
13.146266
14.341381
16.731611
15.536496
15.536496
16.731611
19.121841
17.926725
17.926725
19.121841
21.512072
20.316956
20.316956
21.512072
23.902302
22.707186
22.707186
23.902302
26.292532
25.097416
25.097416
26.292532
28.682762
27.487646
27.487646
28.682762
31.072992
29.877876
29.877876
31.072992
33.463223
32.268108
32.268108
33.463223
35.853451
34.658337
34.658337
35.853451
38.243683
37.048565
37.048565
38.243683
40.633911
39.438797
39.438797
40.633911
43.024143
41.829025
41.829025
43.024143
45.414371
44.219257
44.219257
45.414371
47.804604
46.609486
46.609486
47.804604
50.194832
48.999718
48.999718
50.194832
52.585064
51.389946
51.389946
52.585064
54.975292
53.780178
53.780178
54.975292
57.365524
56.170406
56.170406
57.365524
59.755753
58.560638
58.560638
59.755753
0.000000
-1.195115
-1.195115
0.000000
2.390230
1.195115
1.195115
2.390230
4.780460
3.585345
3.585345
4.780460
7.170691
5.975575
5.975575
7.170691
9.560921
8.365806
8.365806
9.560921
11.951151
10.756036
10.756036
11.951151
14.341381
13.146266
13.146266
14.341381
16.731611
15.536496
15.536496
16.731611
19.121841
17.926725
17.926725
19.121841
21.512072
20.316956
20.316956
21.512072
23.902302
22.707186
22.707186
23.902302
26.292532
25.097416
25.097416
26.292532
28.682762
27.487646
27.487646
28.682762
31.072992
29.877876
29.877876
31.072992
33.463223
32.268108
32.268108
33.463223
35.853451
34.658337
34.658337
35.853451
38.243683
37.048565
37.048565
38.243683
40.633911
39.438797
39.438797
40.633911
43.024143
41.829025
41.829025
43.024143
45.414371
44.219257
44.219257
45.414371
47.804604
46.609486
46.609486
47.804604
50.194832
48.999718
48.999718
50.194832
52.585064
51.389946
51.389946
52.585064
54.975292
53.780178
53.780178
54.975292
57.365524
56.170406
56.170406
57.365524
59.755753
58.560638
58.560638
59.755753
0.000000
-1.195115
-1.195115
0.000000
2.390230
1.195115
1.195115
2.390230
4.780460
3.585345
3.585345
4.780460
7.170691
5.975575
5.975575
7.170691
9.560921
8.365806
8.365806
9.560921
11.951151
10.756036
10.756036
11.951151
14.341381
13.146266
13.146266
14.341381
16.731611
15.536496
15.536496
16.731611
19.121841
17.926725
17.926725
19.121841
21.512072
20.316956
20.316956
21.512072
23.902302
22.707186
22.707186
23.902302
26.292532
25.097416
25.097416
26.292532
28.682762
27.487646
27.487646
28.682762
31.072992
29.877876
29.877876
31.072992
33.463223
32.268108
32.268108
33.463223
35.853451
34.658337
34.658337
35.853451
38.243683
37.048565
37.048565
38.243683
40.633911
39.438797
39.438797
40.633911
43.024143
41.829025
41.829025
43.024143
45.414371
44.219257
44.219257
45.414371
47.804604
46.609486
46.609486
47.804604
50.194832
48.999718
48.999718
50.194832
52.585064
51.389946
51.389946
52.585064
54.975292
53.780178
53.780178
54.975292
57.365524
56.170406
56.170406
57.365524
59.755753
58.560638
58.560638
59.755753
0.000000
-1.195115
-1.195115
0.000000
2.390230
1.195115
1.195115
2.390230
4.780460
3.585345
3.585345
4.780460
7.170691
5.975575
5.975575
7.170691
9.560921
8.365806
8.365806
9.560921
11.951151
10.756036
10.756036
11.951151
14.341381
13.146266
13.146266
14.341381
16.731611
15.536496
15.536496
16.731611
19.121841
17.926725
17.926725
19.121841
21.512072
20.316956
20.316956
21.512072
23.902302
22.707186
22.707186
23.902302
26.292532
25.097416
25.097416
26.292532
28.682762
27.487646
27.487646
28.682762
31.072992
29.877876
29.877876
31.072992
33.463223
32.268108
32.268108
33.463223
35.853451
34.658337
34.658337
35.853451
38.243683
37.048565
37.048565
38.243683
40.633911
39.438797
39.438797
40.633911
43.024143
41.829025
41.829025
43.024143
45.414371
44.219257
44.219257
45.414371
47.804604
46.609486
46.609486
47.804604
50.194832
48.999718
48.999718
50.194832
52.585064
51.389946
51.389946
52.585064
54.975292
53.780178
53.780178
54.975292
57.365524
56.170406
56.170406
57.365524
59.755753
58.560638
58.560638
59.755753
0.000000
-1.195115
-1.195115
0.000000
2.390230
1.195115
1.195115
2.390230
4.780460
3.585345
3.585345
4.780460
7.170691
5.975575
5.975575
7.170691
9.560921
8.365806
8.365806
9.560921
11.951151
10.756036
10.756036
11.951151
14.341381
13.146266
13.146266
14.341381
16.731611
15.536496
15.536496
16.731611
19.121841
17.926725
17.926725
19.121841
21.512072
20.316956
20.316956
21.512072
23.902302
22.707186
22.707186
23.902302
26.292532
25.097416
25.097416
26.292532
28.682762
27.487646
27.487646
28.682762
31.072992
29.877876
29.877876
31.072992
33.463223
32.268108
32.268108
33.463223
35.853451
34.658337
34.658337
35.853451
38.243683
37.048565
37.048565
38.243683
40.633911
39.438797
39.438797
40.633911
43.024143
41.829025
41.829025
43.024143
45.414371
44.219257
44.219257
45.414371
47.804604
46.609486
46.609486
47.804604
50.194832
48.999718
48.999718
50.194832
52.585064
51.389946
51.389946
52.585064
54.975292
53.780178
53.780178
54.975292
57.365524
56.170406
56.170406
57.365524
59.755753
58.560638
58.560638
59.755753
0.000000
-1.195115
-1.195115
0.000000
2.390230
1.195115
1.195115
2.390230
4.780460
3.585345
3.585345
4.780460
7.170691
5.975575
5.975575
7.170691
9.560921
8.365806
8.365806
9.560921
11.951151
10.756036
10.756036
11.951151
14.341381
13.146266
13.146266
14.341381
16.731611
15.536496
15.536496
16.731611
19.121841
17.926725
17.926725
19.121841
21.512072
20.316956
20.316956
21.512072
23.902302
22.707186
22.707186
23.902302
26.292532
25.097416
25.097416
26.292532
28.682762
27.487646
27.487646
28.682762
31.072992
29.877876
29.877876
31.072992
33.463223
32.268108
32.268108
33.463223
35.853451
34.658337
34.658337
35.853451
38.243683
37.048565
37.048565
38.243683
40.633911
39.438797
39.438797
40.633911
43.024143
41.829025
41.829025
43.024143
45.414371
44.219257
44.219257
45.414371
47.804604
46.609486
46.609486
47.804604
50.194832
48.999718
48.999718
50.194832
52.585064
51.389946
51.389946
52.585064
54.975292
53.780178
53.780178
54.975292
57.365524
56.170406
56.170406
57.365524
59.755753
58.560638
58.560638
59.755753
0.000000
-1.195115
-1.195115
0.000000
2.390230
1.195115
1.195115
2.390230
4.780460
3.585345
3.585345
4.780460
7.170691
5.975575
5.975575
7.170691
9.560921
8.365806
8.365806
9.560921
11.951151
10.756036
10.756036
11.951151
14.341381
13.146266
13.146266
14.341381
16.731611
15.536496
15.536496
16.731611
19.121841
17.926725
17.926725
19.121841
21.512072
20.316956
20.316956
21.512072
23.902302
22.707186
22.707186
23.902302
26.292532
25.097416
25.097416
26.292532
28.682762
27.487646
27.487646
28.682762
31.072992
29.877876
29.877876
31.072992
33.463223
32.268108
32.268108
33.463223
35.853451
34.658337
34.658337
35.853451
38.243683
37.048565
37.048565
38.243683
40.633911
39.438797
39.438797
40.633911
43.024143
41.829025
41.829025
43.024143
45.414371
44.219257
44.219257
45.414371
47.804604
46.609486
46.609486
47.804604
50.194832
48.999718
48.999718
50.194832
52.585064
51.389946
51.389946
52.585064
54.975292
53.780178
53.780178
54.975292
57.365524
56.170406
56.170406
57.365524
59.755753
58.560638
58.560638
59.755753
0.000000
-1.195115
-1.195115
0.000000
2.390230
1.195115
1.195115
2.390230
4.780460
3.585345
3.585345
4.780460
7.170691
5.975575
5.975575
7.170691
9.560921
8.365806
8.365806
9.560921
11.951151
10.756036
10.756036
11.951151
14.341381
13.146266
13.146266
14.341381
16.731611
15.536496
15.536496
16.731611
19.121841
17.926725
17.926725
19.121841
21.512072
20.316956
20.316956
21.512072
23.902302
22.707186
22.707186
23.902302
26.292532
25.097416
25.097416
26.292532
28.682762
27.487646
27.487646
28.682762
31.072992
29.877876
29.877876
31.072992
33.463223
32.268108
32.268108
33.463223
35.853451
34.658337
34.658337
35.853451
38.243683
37.048565
37.048565
38.243683
40.633911
39.438797
39.438797
40.633911
43.024143
41.829025
41.829025
43.024143
45.414371
44.219257
44.219257
45.414371
47.804604
46.609486
46.609486
47.804604
50.194832
48.999718
48.999718
50.194832
52.585064
51.389946
51.389946
52.585064
54.975292
53.780178
53.780178
54.975292
57.365524
56.170406
56.170406
57.365524
59.755753
58.560638
58.560638
59.755753
0.000000
-1.195115
-1.195115
0.000000
2.390230
1.195115
1.195115
2.390230
4.780460
3.585345
3.585345
4.780460
7.170691
5.975575
5.975575
7.170691
9.560921
8.365806
8.365806
9.560921
11.951151
10.756036
10.756036
11.951151
14.341381
13.146266
13.146266
14.341381
16.731611
15.536496
15.536496
16.731611
19.121841
17.926725
17.926725
19.121841
21.512072
20.316956
20.316956
21.512072
23.902302
22.707186
22.707186
23.902302
26.292532
25.097416
25.097416
26.292532
28.682762
27.487646
27.487646
28.682762
31.072992
29.877876
29.877876
31.072992
33.463223
32.268108
32.268108
33.463223
35.853451
34.658337
34.658337
35.853451
38.243683
37.048565
37.048565
38.243683
40.633911
39.438797
39.438797
40.633911
43.024143
41.829025
41.829025
43.024143
45.414371
44.219257
44.219257
45.414371
47.804604
46.609486
46.609486
47.804604
50.194832
48.999718
48.999718
50.194832
52.585064
51.389946
51.389946
52.585064
54.975292
53.780178
53.780178
54.975292
57.365524
56.170406
56.170406
57.365524
59.755753
58.560638
58.560638
59.755753
0.000000
-1.195115
-1.195115
0.000000
2.390230
1.195115
1.195115
2.390230
4.780460
3.585345
3.585345
4.780460
7.170691
5.975575
5.975575
7.170691
9.560921
8.365806
8.365806
9.560921
11.951151
10.756036
10.756036
11.951151
14.341381
13.146266
13.146266
14.341381
16.731611
15.536496
15.536496
16.731611
19.121841
17.926725
17.926725
19.121841
21.512072
20.316956
20.316956
21.512072
23.902302
22.707186
22.707186
23.902302
26.292532
25.097416
25.097416
26.292532
28.682762
27.487646
27.487646
28.682762
31.072992
29.877876
29.877876
31.072992
33.463223
32.268108
32.268108
33.463223
35.853451
34.658337
34.658337
35.853451
38.243683
37.048565
37.048565
38.243683
40.633911
39.438797
39.438797
40.633911
43.024143
41.829025
41.829025
43.024143
45.414371
44.219257
44.219257
45.414371
47.804604
46.609486
46.609486
47.804604
50.194832
48.999718
48.999718
50.194832
52.585064
51.389946
51.389946
52.585064
54.975292
53.780178
53.780178
54.975292
57.365524
56.170406
56.170406
57.365524
59.755753
58.560638
58.560638
59.755753
0.000000
-1.195115
-1.195115
0.000000
2.390230
1.195115
1.195115
2.390230
4.780460
3.585345
3.585345
4.780460
7.170691
5.975575
5.975575
7.170691
9.560921
8.365806
8.365806
9.560921
11.951151
10.756036
10.756036
11.951151
14.341381
13.146266
13.146266
14.341381
16.731611
15.536496
15.536496
16.731611
19.121841
17.926725
17.926725
19.121841
21.512072
20.316956
20.316956
21.512072
23.902302
22.707186
22.707186
23.902302
26.292532
25.097416
25.097416
26.292532
28.682762
27.487646
27.487646
28.682762
31.072992
29.877876
29.877876
31.072992
33.463223
32.268108
32.268108
33.463223
35.853451
34.658337
34.658337
35.853451
38.243683
37.048565
37.048565
38.243683
40.633911
39.438797
39.438797
40.633911
43.024143
41.829025
41.829025
43.024143
45.414371
44.219257
44.219257
45.414371
47.804604
46.609486
46.609486
47.804604
50.194832
48.999718
48.999718
50.194832
52.585064
51.389946
51.389946
52.585064
54.975292
53.780178
53.780178
54.975292
57.365524
56.170406
56.170406
57.365524
59.755753
58.560638
58.560638
59.755753
0.000000
-1.195115
-1.195115
0.000000
2.390230
1.195115
1.195115
2.390230
4.780460
3.585345
3.585345
4.780460
7.170691
5.975575
5.975575
7.170691
9.560921
8.365806
8.365806
9.560921
11.951151
10.756036
10.756036
11.951151
14.341381
13.146266
13.146266
14.341381
16.731611
15.536496
15.536496
16.731611
19.121841
17.926725
17.926725
19.121841
21.512072
20.316956
20.316956
21.512072
23.902302
22.707186
22.707186
23.902302
26.292532
25.097416
25.097416
26.292532
28.682762
27.487646
27.487646
28.682762
31.072992
29.877876
29.877876
31.072992
33.463223
32.268108
32.268108
33.463223
35.853451
34.658337
34.658337
35.853451
38.243683
37.048565
37.048565
38.243683
40.633911
39.438797
39.438797
40.633911
43.024143
41.829025
41.829025
43.024143
45.414371
44.219257
44.219257
45.414371
47.804604
46.609486
46.609486
47.804604
50.194832
48.999718
48.999718
50.194832
52.585064
51.389946
51.389946
52.585064
54.975292
53.780178
53.780178
54.975292
57.365524
56.170406
56.170406
57.365524
59.755753
58.560638
58.560638
59.755753
0.000000
-1.195115
-1.195115
0.000000
2.390230
1.195115
1.195115
2.390230
4.780460
3.585345
3.585345
4.780460
7.170691
5.975575
5.975575
7.170691
9.560921
8.365806
8.365806
9.560921
11.951151
10.756036
10.756036
11.951151
14.341381
13.146266
13.146266
14.341381
16.731611
15.536496
15.536496
16.731611
19.121841
17.926725
17.926725
19.121841
21.512072
20.316956
20.316956
21.512072
23.902302
22.707186
22.707186
23.902302
26.292532
25.097416
25.097416
26.292532
28.682762
27.487646
27.487646
28.682762
31.072992
29.877876
29.877876
31.072992
33.463223
32.268108
32.268108
33.463223
35.853451
34.658337
34.658337
35.853451
38.243683
37.048565
37.048565
38.243683
40.633911
39.438797
39.438797
40.633911
43.024143
41.829025
41.829025
43.024143
45.414371
44.219257
44.219257
45.414371
47.804604
46.609486
46.609486
47.804604
50.194832
48.999718
48.999718
50.194832
52.585064
51.389946
51.389946
52.585064
54.975292
53.780178
53.780178
54.975292
57.365524
56.170406
56.170406
57.365524
59.755753
58.560638
58.560638
59.755753
0.000000
-1.195115
-1.195115
0.000000
2.390230
1.195115
1.195115
2.390230
4.780460
3.585345
3.585345
4.780460
7.170691
5.975575
5.975575
7.170691
9.560921
8.365806
8.365806
9.560921
11.951151
10.756036
10.756036
11.951151
14.341381
13.146266
13.146266
14.341381
16.731611
15.536496
15.536496
16.731611
19.121841
17.926725
17.926725
19.121841
21.512072
20.316956
20.316956
21.512072
23.902302
22.707186
22.707186
23.902302
26.292532
25.097416
25.097416
26.292532
28.682762
27.487646
27.487646
28.682762
31.072992
29.877876
29.877876
31.072992
33.463223
32.268108
32.268108
33.463223
35.853451
34.658337
34.658337
35.853451
38.243683
37.048565
37.048565
38.243683
40.633911
39.438797
39.438797
40.633911
43.024143
41.829025
41.829025
43.024143
45.414371
44.219257
44.219257
45.414371
47.804604
46.609486
46.609486
47.804604
50.194832
48.999718
48.999718
50.194832
52.585064
51.389946
51.389946
52.585064
54.975292
53.780178
53.780178
54.975292
57.365524
56.170406
56.170406
57.365524
59.755753
58.560638
58.560638
59.755753
0.000000
-1.195115
-1.195115
0.000000
2.390230
1.195115
1.195115
2.390230
4.780460
3.585345
3.585345
4.780460
7.170691
5.975575
5.975575
7.170691
9.560921
8.365806
8.365806
9.560921
11.951151
10.756036
10.756036
11.951151
14.341381
13.146266
13.146266
14.341381
16.731611
15.536496
15.536496
16.731611
19.121841
17.926725
17.926725
19.121841
21.512072
20.316956
20.316956
21.512072
23.902302
22.707186
22.707186
23.902302
26.292532
25.097416
25.097416
26.292532
28.682762
27.487646
27.487646
28.682762
31.072992
29.877876
29.877876
31.072992
33.463223
32.268108
32.268108
33.463223
35.853451
34.658337
34.658337
35.853451
38.243683
37.048565
37.048565
38.243683
40.633911
39.438797
39.438797
40.633911
43.024143
41.829025
41.829025
43.024143
45.414371
44.219257
44.219257
45.414371
47.804604
46.609486
46.609486
47.804604
50.194832
48.999718
48.999718
50.194832
52.585064
51.389946
51.389946
52.585064
54.975292
53.780178
53.780178
54.975292
57.365524
56.170406
56.170406
57.365524
59.755753
58.560638
58.560638
59.755753
