 C         0.000000        0.000000        0.000000
 C        -1.195115        0.690000        0.000000
 C        -1.195115        2.070000        0.000000
 C         0.000000        2.760000        0.000000
 C         2.390230        0.000000        0.000000
 C         1.195115        0.690000        0.000000
 C         1.195115        2.070000        0.000000
 C         2.390230        2.760000        0.000000
 C         4.780460        0.000000        0.000000
 C         3.585345        0.690000        0.000000
 C         3.585345        2.070000        0.000000
 C         4.780460        2.760000        0.000000
 C         7.170691        0.000000        0.000000
 C         5.975575        0.690000        0.000000
 C         5.975575        2.070000        0.000000
 C         7.170691        2.760000        0.000000
 C         9.560921        0.000000        0.000000
 C         8.365806        0.690000        0.000000
 C         8.365806        2.070000        0.000000
 C         9.560921        2.760000        0.000000
 C        11.951151        0.000000        0.000000
 C        10.756036        0.690000        0.000000
 C        10.756036        2.070000        0.000000
 C        11.951151        2.760000        0.000000
 C        14.341381        0.000000        0.000000
 C        13.146266        0.690000        0.000000
 C        13.146266        2.070000        0.000000
 C        14.341381        2.760000        0.000000
 C        16.731611        0.000000        0.000000
 C        15.536496        0.690000        0.000000
 C        15.536496        2.070000        0.000000
 C        16.731611        2.760000        0.000000
 C        19.121841        0.000000        0.000000
 C        17.926725        0.690000        0.000000
 C        17.926725        2.070000        0.000000
 C        19.121841        2.760000        0.000000
 C        21.512072        0.000000        0.000000
 C        20.316956        0.690000        0.000000
 C        20.316956        2.070000        0.000000
 C        21.512072        2.760000        0.000000
 C        23.902302        0.000000        0.000000
 C        22.707186        0.690000        0.000000
 C        22.707186        2.070000        0.000000
 C        23.902302        2.760000        0.000000
 C        26.292532        0.000000        0.000000
 C        25.097416        0.690000        0.000000
 C        25.097416        2.070000        0.000000
 C        26.292532        2.760000        0.000000
 C        28.682762        0.000000        0.000000
 C        27.487646        0.690000        0.000000
 C        27.487646        2.070000        0.000000
 C        28.682762        2.760000        0.000000
 C        31.072992        0.000000        0.000000
 C        29.877876        0.690000        0.000000
 C        29.877876        2.070000        0.000000
 C        31.072992        2.760000        0.000000
 C        33.463223        0.000000        0.000000
 C        32.268108        0.690000        0.000000
 C        32.268108        2.070000        0.000000
 C        33.463223        2.760000        0.000000
 C        35.853451        0.000000        0.000000
 C        34.658337        0.690000        0.000000
 C        34.658337        2.070000        0.000000
 C        35.853451        2.760000        0.000000
 C        38.243683        0.000000        0.000000
 C        37.048565        0.690000        0.000000
 C        37.048565        2.070000        0.000000
 C        38.243683        2.760000        0.000000
 C        40.633911        0.000000        0.000000
 C        39.438797        0.690000        0.000000
 C        39.438797        2.070000        0.000000
 C        40.633911        2.760000        0.000000
 C        43.024143        0.000000        0.000000
 C        41.829025        0.690000        0.000000
 C        41.829025        2.070000        0.000000
 C        43.024143        2.760000        0.000000
 C        45.414371        0.000000        0.000000
 C        44.219257        0.690000        0.000000
 C        44.219257        2.070000        0.000000
 C        45.414371        2.760000        0.000000
 C        47.804604        0.000000        0.000000
 C        46.609486        0.690000        0.000000
 C        46.609486        2.070000        0.000000
 C        47.804604        2.760000        0.000000
 C        50.194832        0.000000        0.000000
 C        48.999718        0.690000        0.000000
 C        48.999718        2.070000        0.000000
 C        50.194832        2.760000        0.000000
 C        52.585064        0.000000        0.000000
 C        51.389946        0.690000        0.000000
 C        51.389946        2.070000        0.000000
 C        52.585064        2.760000        0.000000
 C        54.975292        0.000000        0.000000
 C        53.780178        0.690000        0.000000
 C        53.780178        2.070000        0.000000
 C        54.975292        2.760000        0.000000
 C        57.365524        0.000000        0.000000
 C        56.170406        0.690000        0.000000
 C        56.170406        2.070000        0.000000
 C        57.365524        2.760000        0.000000
 C        59.755753        0.000000        0.000000
 C        58.560638        0.690000        0.000000
 C        58.560638        2.070000        0.000000
 C        59.755753        2.760000        0.000000
 C         0.000000        4.140000        0.000000
 C        -1.195115        4.830000        0.000000
 C        -1.195115        6.210000        0.000000
 C         0.000000        6.900000        0.000000
 C         2.390230        4.140000        0.000000
 C         1.195115        4.830000        0.000000
 C         1.195115        6.210000        0.000000
 C         2.390230        6.900000        0.000000
 C         4.780460        4.140000        0.000000
 C         3.585345        4.830000        0.000000
 C         3.585345        6.210000        0.000000
 C         4.780460        6.900000        0.000000
 C         7.170691        4.140000        0.000000
 C         5.975575        4.830000        0.000000
 C         5.975575        6.210000        0.000000
 C         7.170691        6.900000        0.000000
 C         9.560921        4.140000        0.000000
 C         8.365806        4.830000        0.000000
 C         8.365806        6.210000        0.000000
 C         9.560921        6.900000        0.000000
 C        11.951151        4.140000        0.000000
 C        10.756036        4.830000        0.000000
 C        10.756036        6.210000        0.000000
 C        11.951151        6.900000        0.000000
 C        14.341381        4.140000        0.000000
 C        13.146266        4.830000        0.000000
 C        13.146266        6.210000        0.000000
 C        14.341381        6.900000        0.000000
 C        16.731611        4.140000        0.000000
 C        15.536496        4.830000        0.000000
 C        15.536496        6.210000        0.000000
 C        16.731611        6.900000        0.000000
 C        19.121841        4.140000        0.000000
 C        17.926725        4.830000        0.000000
 C        17.926725        6.210000        0.000000
 C        19.121841        6.900000        0.000000
 C        21.512072        4.140000        0.000000
 C        20.316956        4.830000        0.000000
 C        20.316956        6.210000        0.000000
 C        21.512072        6.900000        0.000000
 C        23.902302        4.140000        0.000000
 C        22.707186        4.830000        0.000000
 C        22.707186        6.210000        0.000000
 C        23.902302        6.900000        0.000000
 C        26.292532        4.140000        0.000000
 C        25.097416        4.830000        0.000000
 C        25.097416        6.210000        0.000000
 C        26.292532        6.900000        0.000000
 C        28.682762        4.140000        0.000000
 C        27.487646        4.830000        0.000000
 C        27.487646        6.210000        0.000000
 C        28.682762        6.900000        0.000000
 C        31.072992        4.140000        0.000000
 C        29.877876        4.830000        0.000000
 C        29.877876        6.210000        0.000000
 C        31.072992        6.900000        0.000000
 C        33.463223        4.140000        0.000000
 C        32.268108        4.830000        0.000000
 C        32.268108        6.210000        0.000000
 C        33.463223        6.900000        0.000000
 C        35.853451        4.140000        0.000000
 C        34.658337        4.830000        0.000000
 C        34.658337        6.210000        0.000000
 C        35.853451        6.900000        0.000000
 C        38.243683        4.140000        0.000000
 C        37.048565        4.830000        0.000000
 C        37.048565        6.210000        0.000000
 C        38.243683        6.900000        0.000000
 C        40.633911        4.140000        0.000000
 C        39.438797        4.830000        0.000000
 C        39.438797        6.210000        0.000000
 C        40.633911        6.900000        0.000000
 C        43.024143        4.140000        0.000000
 C        41.829025        4.830000        0.000000
 C        41.829025        6.210000        0.000000
 C        43.024143        6.900000        0.000000
 C        45.414371        4.140000        0.000000
 C        44.219257        4.830000        0.000000
 C        44.219257        6.210000        0.000000
 C        45.414371        6.900000        0.000000
 C        47.804604        4.140000        0.000000
 C        46.609486        4.830000        0.000000
 C        46.609486        6.210000        0.000000
 C        47.804604        6.900000        0.000000
 C        50.194832        4.140000        0.000000
 C        48.999718        4.830000        0.000000
 C        48.999718        6.210000        0.000000
 C        50.194832        6.900000        0.000000
 C        52.585064        4.140000        0.000000
 C        51.389946        4.830000        0.000000
 C        51.389946        6.210000        0.000000
 C        52.585064        6.900000        0.000000
 C        54.975292        4.140000        0.000000
 C        53.780178        4.830000        0.000000
 C        53.780178        6.210000        0.000000
 C        54.975292        6.900000        0.000000
 C        57.365524        4.140000        0.000000
 C        56.170406        4.830000        0.000000
 C        56.170406        6.210000        0.000000
 C        57.365524        6.900000        0.000000
 C        59.755753        4.140000        0.000000
 C        58.560638        4.830000        0.000000
 C        58.560638        6.210000        0.000000
 C        59.755753        6.900000        0.000000
 C         0.000000        8.280000        0.000000
 C        -1.195115        8.970000        0.000000
 C        -1.195115       10.350000        0.000000
 C         0.000000       11.040000        0.000000
 C         2.390230        8.280000        0.000000
 C         1.195115        8.970000        0.000000
 C         1.195115       10.350000        0.000000
 C         2.390230       11.040000        0.000000
 C         4.780460        8.280000        0.000000
 C         3.585345        8.970000        0.000000
 C         3.585345       10.350000        0.000000
 C         4.780460       11.040000        0.000000
 C         7.170691        8.280000        0.000000
 C         5.975575        8.970000        0.000000
 C         5.975575       10.350000        0.000000
 C         7.170691       11.040000        0.000000
 C         9.560921        8.280000        0.000000
 C         8.365806        8.970000        0.000000
 C         8.365806       10.350000        0.000000
 C         9.560921       11.040000        0.000000
 C        11.951151        8.280000        0.000000
 C        10.756036        8.970000        0.000000
 C        10.756036       10.350000        0.000000
 C        11.951151       11.040000        0.000000
 C        14.341381        8.280000        0.000000
 C        13.146266        8.970000        0.000000
 C        13.146266       10.350000        0.000000
 C        14.341381       11.040000        0.000000
 C        16.731611        8.280000        0.000000
 C        15.536496        8.970000        0.000000
 C        15.536496       10.350000        0.000000
 C        16.731611       11.040000        0.000000
 C        19.121841        8.280000        0.000000
 C        17.926725        8.970000        0.000000
 C        17.926725       10.350000        0.000000
 C        19.121841       11.040000        0.000000
 C        21.512072        8.280000        0.000000
 C        20.316956        8.970000        0.000000
 C        20.316956       10.350000        0.000000
 C        21.512072       11.040000        0.000000
 C        23.902302        8.280000        0.000000
 C        22.707186        8.970000        0.000000
 C        22.707186       10.350000        0.000000
 C        23.902302       11.040000        0.000000
 C        26.292532        8.280000        0.000000
 C        25.097416        8.970000        0.000000
 C        25.097416       10.350000        0.000000
 C        26.292532       11.040000        0.000000
 C        28.682762        8.280000        0.000000
 C        27.487646        8.970000        0.000000
 C        27.487646       10.350000        0.000000
 C        28.682762       11.040000        0.000000
 C        31.072992        8.280000        0.000000
 C        29.877876        8.970000        0.000000
 C        29.877876       10.350000        0.000000
 C        31.072992       11.040000        0.000000
 C        33.463223        8.280000        0.000000
 C        32.268108        8.970000        0.000000
 C        32.268108       10.350000        0.000000
 C        33.463223       11.040000        0.000000
 C        35.853451        8.280000        0.000000
 C        34.658337        8.970000        0.000000
 C        34.658337       10.350000        0.000000
 C        35.853451       11.040000        0.000000
 C        38.243683        8.280000        0.000000
 C        37.048565        8.970000        0.000000
 C        37.048565       10.350000        0.000000
 C        38.243683       11.040000        0.000000
 C        40.633911        8.280000        0.000000
 C        39.438797        8.970000        0.000000
 C        39.438797       10.350000        0.000000
 C        40.633911       11.040000        0.000000
 C        43.024143        8.280000        0.000000
 C        41.829025        8.970000        0.000000
 C        41.829025       10.350000        0.000000
 C        43.024143       11.040000        0.000000
 C        45.414371        8.280000        0.000000
 C        44.219257        8.970000        0.000000
 C        44.219257       10.350000        0.000000
 C        45.414371       11.040000        0.000000
 C        47.804604        8.280000        0.000000
 C        46.609486        8.970000        0.000000
 C        46.609486       10.350000        0.000000
 C        47.804604       11.040000        0.000000
 C        50.194832        8.280000        0.000000
 C        48.999718        8.970000        0.000000
 C        48.999718       10.350000        0.000000
 C        50.194832       11.040000        0.000000
 C        52.585064        8.280000        0.000000
 C        51.389946        8.970000        0.000000
 C        51.389946       10.350000        0.000000
 C        52.585064       11.040000        0.000000
 C        54.975292        8.280000        0.000000
 C        53.780178        8.970000        0.000000
 C        53.780178       10.350000        0.000000
 C        54.975292       11.040000        0.000000
 C        57.365524        8.280000        0.000000
 C        56.170406        8.970000        0.000000
 C        56.170406       10.350000        0.000000
 C        57.365524       11.040000        0.000000
 C        59.755753        8.280000        0.000000
 C        58.560638        8.970000        0.000000
 C        58.560638       10.350000        0.000000
 C        59.755753       11.040000        0.000000
 C         0.000000       12.420000        0.000000
 C        -1.195115       13.110000        0.000000
 C        -1.195115       14.490000        0.000000
 C         0.000000       15.180000        0.000000
 C         2.390230       12.420000        0.000000
 C         1.195115       13.110000        0.000000
 C         1.195115       14.490000        0.000000
 C         2.390230       15.180000        0.000000
 C         4.780460       12.420000        0.000000
 C         3.585345       13.110000        0.000000
 C         3.585345       14.490000        0.000000
 C         4.780460       15.180000        0.000000
 C         7.170691       12.420000        0.000000
 C         5.975575       13.110000        0.000000
 C         5.975575       14.490000        0.000000
 C         7.170691       15.180000        0.000000
 C         9.560921       12.420000        0.000000
 C         8.365806       13.110000        0.000000
 C         8.365806       14.490000        0.000000
 C         9.560921       15.180000        0.000000
 C        11.951151       12.420000        0.000000
 C        10.756036       13.110000        0.000000
 C        10.756036       14.490000        0.000000
 C        11.951151       15.180000        0.000000
 C        14.341381       12.420000        0.000000
 C        13.146266       13.110000        0.000000
 C        13.146266       14.490000        0.000000
 C        14.341381       15.180000        0.000000
 C        16.731611       12.420000        0.000000
 C        15.536496       13.110000        0.000000
 C        15.536496       14.490000        0.000000
 C        16.731611       15.180000        0.000000
 C        19.121841       12.420000        0.000000
 C        17.926725       13.110000        0.000000
 C        17.926725       14.490000        0.000000
 C        19.121841       15.180000        0.000000
 C        21.512072       12.420000        0.000000
 C        20.316956       13.110000        0.000000
 C        20.316956       14.490000        0.000000
 C        21.512072       15.180000        0.000000
 C        23.902302       12.420000        0.000000
 C        22.707186       13.110000        0.000000
 C        22.707186       14.490000        0.000000
 C        23.902302       15.180000        0.000000
 C        26.292532       12.420000        0.000000
 C        25.097416       13.110000        0.000000
 C        25.097416       14.490000        0.000000
 C        26.292532       15.180000        0.000000
 C        28.682762       12.420000        0.000000
 C        27.487646       13.110000        0.000000
 C        27.487646       14.490000        0.000000
 C        28.682762       15.180000        0.000000
 C        31.072992       12.420000        0.000000
 C        29.877876       13.110000        0.000000
 C        29.877876       14.490000        0.000000
 C        31.072992       15.180000        0.000000
 C        33.463223       12.420000        0.000000
 C        32.268108       13.110000        0.000000
 C        32.268108       14.490000        0.000000
 C        33.463223       15.180000        0.000000
 C        35.853451       12.420000        0.000000
 C        34.658337       13.110000        0.000000
 C        34.658337       14.490000        0.000000
 C        35.853451       15.180000        0.000000
 C        38.243683       12.420000        0.000000
 C        37.048565       13.110000        0.000000
 C        37.048565       14.490000        0.000000
 C        38.243683       15.180000        0.000000
 C        40.633911       12.420000        0.000000
 C        39.438797       13.110000        0.000000
 C        39.438797       14.490000        0.000000
 C        40.633911       15.180000        0.000000
 C        43.024143       12.420000        0.000000
 C        41.829025       13.110000        0.000000
 C        41.829025       14.490000        0.000000
 C        43.024143       15.180000        0.000000
 C        45.414371       12.420000        0.000000
 C        44.219257       13.110000        0.000000
 C        44.219257       14.490000        0.000000
 C        45.414371       15.180000        0.000000
 C        47.804604       12.420000        0.000000
 C        46.609486       13.110000        0.000000
 C        46.609486       14.490000        0.000000
 C        47.804604       15.180000        0.000000
 C        50.194832       12.420000        0.000000
 C        48.999718       13.110000        0.000000
 C        48.999718       14.490000        0.000000
 C        50.194832       15.180000        0.000000
 C        52.585064       12.420000        0.000000
 C        51.389946       13.110000        0.000000
 C        51.389946       14.490000        0.000000
 C        52.585064       15.180000        0.000000
 C        54.975292       12.420000        0.000000
 C        53.780178       13.110000        0.000000
 C        53.780178       14.490000        0.000000
 C        54.975292       15.180000        0.000000
 C        57.365524       12.420000        0.000000
 C        56.170406       13.110000        0.000000
 C        56.170406       14.490000        0.000000
 C        57.365524       15.180000        0.000000
 C        59.755753       12.420000        0.000000
 C        58.560638       13.110000        0.000000
 C        58.560638       14.490000        0.000000
 C        59.755753       15.180000        0.000000
 C         0.000000       16.559999        0.000000
 C        -1.195115       17.250000        0.000000
 C        -1.195115       18.629999        0.000000
 C         0.000000       19.320000        0.000000
 C         2.390230       16.559999        0.000000
 C         1.195115       17.250000        0.000000
 C         1.195115       18.629999        0.000000
 C         2.390230       19.320000        0.000000
 C         4.780460       16.559999        0.000000
 C         3.585345       17.250000        0.000000
 C         3.585345       18.629999        0.000000
 C         4.780460       19.320000        0.000000
 C         7.170691       16.559999        0.000000
 C         5.975575       17.250000        0.000000
 C         5.975575       18.629999        0.000000
 C         7.170691       19.320000        0.000000
 C         9.560921       16.559999        0.000000
 C         8.365806       17.250000        0.000000
 C         8.365806       18.629999        0.000000
 C         9.560921       19.320000        0.000000
 C        11.951151       16.559999        0.000000
 C        10.756036       17.250000        0.000000
 C        10.756036       18.629999        0.000000
 C        11.951151       19.320000        0.000000
 C        14.341381       16.559999        0.000000
 C        13.146266       17.250000        0.000000
 C        13.146266       18.629999        0.000000
 C        14.341381       19.320000        0.000000
 C        16.731611       16.559999        0.000000
 C        15.536496       17.250000        0.000000
 C        15.536496       18.629999        0.000000
 C        16.731611       19.320000        0.000000
 C        19.121841       16.559999        0.000000
 C        17.926725       17.250000        0.000000
 C        17.926725       18.629999        0.000000
 C        19.121841       19.320000        0.000000
 C        21.512072       16.559999        0.000000
 C        20.316956       17.250000        0.000000
 C        20.316956       18.629999        0.000000
 C        21.512072       19.320000        0.000000
 C        23.902302       16.559999        0.000000
 C        22.707186       17.250000        0.000000
 C        22.707186       18.629999        0.000000
 C        23.902302       19.320000        0.000000
 C        26.292532       16.559999        0.000000
 C        25.097416       17.250000        0.000000
 C        25.097416       18.629999        0.000000
 C        26.292532       19.320000        0.000000
 C        28.682762       16.559999        0.000000
 C        27.487646       17.250000        0.000000
 C        27.487646       18.629999        0.000000
 C        28.682762       19.320000        0.000000
 C        31.072992       16.559999        0.000000
 C        29.877876       17.250000        0.000000
 C        29.877876       18.629999        0.000000
 C        31.072992       19.320000        0.000000
 C        33.463223       16.559999        0.000000
 C        32.268108       17.250000        0.000000
 C        32.268108       18.629999        0.000000
 C        33.463223       19.320000        0.000000
 C        35.853451       16.559999        0.000000
 C        34.658337       17.250000        0.000000
 C        34.658337       18.629999        0.000000
 C        35.853451       19.320000        0.000000
 C        38.243683       16.559999        0.000000
 C        37.048565       17.250000        0.000000
 C        37.048565       18.629999        0.000000
 C        38.243683       19.320000        0.000000
 C        40.633911       16.559999        0.000000
 C        39.438797       17.250000        0.000000
 C        39.438797       18.629999        0.000000
 C        40.633911       19.320000        0.000000
 C        43.024143       16.559999        0.000000
 C        41.829025       17.250000        0.000000
 C        41.829025       18.629999        0.000000
 C        43.024143       19.320000        0.000000
 C        45.414371       16.559999        0.000000
 C        44.219257       17.250000        0.000000
 C        44.219257       18.629999        0.000000
 C        45.414371       19.320000        0.000000
 C        47.804604       16.559999        0.000000
 C        46.609486       17.250000        0.000000
 C        46.609486       18.629999        0.000000
 C        47.804604       19.320000        0.000000
 C        50.194832       16.559999        0.000000
 C        48.999718       17.250000        0.000000
 C        48.999718       18.629999        0.000000
 C        50.194832       19.320000        0.000000
 C        52.585064       16.559999        0.000000
 C        51.389946       17.250000        0.000000
 C        51.389946       18.629999        0.000000
 C        52.585064       19.320000        0.000000
 C        54.975292       16.559999        0.000000
 C        53.780178       17.250000        0.000000
 C        53.780178       18.629999        0.000000
 C        54.975292       19.320000        0.000000
 C        57.365524       16.559999        0.000000
 C        56.170406       17.250000        0.000000
 C        56.170406       18.629999        0.000000
 C        57.365524       19.320000        0.000000
 C        59.755753       16.559999        0.000000
 C        58.560638       17.250000        0.000000
 C        58.560638       18.629999        0.000000
 C        59.755753       19.320000        0.000000
 C         0.000000       20.700001        0.000000
 C        -1.195115       21.389999        0.000000
 C        -1.195115       22.770000        0.000000
 C         0.000000       23.459999        0.000000
 C         2.390230       20.700001        0.000000
 C         1.195115       21.389999        0.000000
 C         1.195115       22.770000        0.000000
 C         2.390230       23.459999        0.000000
 C         4.780460       20.700001        0.000000
 C         3.585345       21.389999        0.000000
 C         3.585345       22.770000        0.000000
 C         4.780460       23.459999        0.000000
 C         7.170691       20.700001        0.000000
 C         5.975575       21.389999        0.000000
 C         5.975575       22.770000        0.000000
 C         7.170691       23.459999        0.000000
 C         9.560921       20.700001        0.000000
 C         8.365806       21.389999        0.000000
 C         8.365806       22.770000        0.000000
 C         9.560921       23.459999        0.000000
 C        11.951151       20.700001        0.000000
 C        10.756036       21.389999        0.000000
 C        10.756036       22.770000        0.000000
 C        11.951151       23.459999        0.000000
 C        14.341381       20.700001        0.000000
 C        13.146266       21.389999        0.000000
 C        13.146266       22.770000        0.000000
 C        14.341381       23.459999        0.000000
 C        16.731611       20.700001        0.000000
 C        15.536496       21.389999        0.000000
 C        15.536496       22.770000        0.000000
 C        16.731611       23.459999        0.000000
 C        19.121841       20.700001        0.000000
 C        17.926725       21.389999        0.000000
 C        17.926725       22.770000        0.000000
 C        19.121841       23.459999        0.000000
 C        21.512072       20.700001        0.000000
 C        20.316956       21.389999        0.000000
 C        20.316956       22.770000        0.000000
 C        21.512072       23.459999        0.000000
 C        23.902302       20.700001        0.000000
 C        22.707186       21.389999        0.000000
 C        22.707186       22.770000        0.000000
 C        23.902302       23.459999        0.000000
 C        26.292532       20.700001        0.000000
 C        25.097416       21.389999        0.000000
 C        25.097416       22.770000        0.000000
 C        26.292532       23.459999        0.000000
 C        28.682762       20.700001        0.000000
 C        27.487646       21.389999        0.000000
 C        27.487646       22.770000        0.000000
 C        28.682762       23.459999        0.000000
 C        31.072992       20.700001        0.000000
 C        29.877876       21.389999        0.000000
 C        29.877876       22.770000        0.000000
 C        31.072992       23.459999        0.000000
 C        33.463223       20.700001        0.000000
 C        32.268108       21.389999        0.000000
 C        32.268108       22.770000        0.000000
 C        33.463223       23.459999        0.000000
 C        35.853451       20.700001        0.000000
 C        34.658337       21.389999        0.000000
 C        34.658337       22.770000        0.000000
 C        35.853451       23.459999        0.000000
 C        38.243683       20.700001        0.000000
 C        37.048565       21.389999        0.000000
 C        37.048565       22.770000        0.000000
 C        38.243683       23.459999        0.000000
 C        40.633911       20.700001        0.000000
 C        39.438797       21.389999        0.000000
 C        39.438797       22.770000        0.000000
 C        40.633911       23.459999        0.000000
 C        43.024143       20.700001        0.000000
 C        41.829025       21.389999        0.000000
 C        41.829025       22.770000        0.000000
 C        43.024143       23.459999        0.000000
 C        45.414371       20.700001        0.000000
 C        44.219257       21.389999        0.000000
 C        44.219257       22.770000        0.000000
 C        45.414371       23.459999        0.000000
 C        47.804604       20.700001        0.000000
 C        46.609486       21.389999        0.000000
 C        46.609486       22.770000        0.000000
 C        47.804604       23.459999        0.000000
 C        50.194832       20.700001        0.000000
 C        48.999718       21.389999        0.000000
 C        48.999718       22.770000        0.000000
 C        50.194832       23.459999        0.000000
 C        52.585064       20.700001        0.000000
 C        51.389946       21.389999        0.000000
 C        51.389946       22.770000        0.000000
 C        52.585064       23.459999        0.000000
 C        54.975292       20.700001        0.000000
 C        53.780178       21.389999        0.000000
 C        53.780178       22.770000        0.000000
 C        54.975292       23.459999        0.000000
 C        57.365524       20.700001        0.000000
 C        56.170406       21.389999        0.000000
 C        56.170406       22.770000        0.000000
 C        57.365524       23.459999        0.000000
 C        59.755753       20.700001        0.000000
 C        58.560638       21.389999        0.000000
 C        58.560638       22.770000        0.000000
 C        59.755753       23.459999        0.000000
 C         0.000000       24.840000        0.000000
 C        -1.195115       25.530001        0.000000
 C        -1.195115       26.910000        0.000000
 C         0.000000       27.600000        0.000000
 C         2.390230       24.840000        0.000000
 C         1.195115       25.530001        0.000000
 C         1.195115       26.910000        0.000000
 C         2.390230       27.600000        0.000000
 C         4.780460       24.840000        0.000000
 C         3.585345       25.530001        0.000000
 C         3.585345       26.910000        0.000000
 C         4.780460       27.600000        0.000000
 C         7.170691       24.840000        0.000000
 C         5.975575       25.530001        0.000000
 C         5.975575       26.910000        0.000000
 C         7.170691       27.600000        0.000000
 C         9.560921       24.840000        0.000000
 C         8.365806       25.530001        0.000000
 C         8.365806       26.910000        0.000000
 C         9.560921       27.600000        0.000000
 C        11.951151       24.840000        0.000000
 C        10.756036       25.530001        0.000000
 C        10.756036       26.910000        0.000000
 C        11.951151       27.600000        0.000000
 C        14.341381       24.840000        0.000000
 C        13.146266       25.530001        0.000000
 C        13.146266       26.910000        0.000000
 C        14.341381       27.600000        0.000000
 C        16.731611       24.840000        0.000000
 C        15.536496       25.530001        0.000000
 C        15.536496       26.910000        0.000000
 C        16.731611       27.600000        0.000000
 C        19.121841       24.840000        0.000000
 C        17.926725       25.530001        0.000000
 C        17.926725       26.910000        0.000000
 C        19.121841       27.600000        0.000000
 C        21.512072       24.840000        0.000000
 C        20.316956       25.530001        0.000000
 C        20.316956       26.910000        0.000000
 C        21.512072       27.600000        0.000000
 C        23.902302       24.840000        0.000000
 C        22.707186       25.530001        0.000000
 C        22.707186       26.910000        0.000000
 C        23.902302       27.600000        0.000000
 C        26.292532       24.840000        0.000000
 C        25.097416       25.530001        0.000000
 C        25.097416       26.910000        0.000000
 C        26.292532       27.600000        0.000000
 C        28.682762       24.840000        0.000000
 C        27.487646       25.530001        0.000000
 C        27.487646       26.910000        0.000000
 C        28.682762       27.600000        0.000000
 C        31.072992       24.840000        0.000000
 C        29.877876       25.530001        0.000000
 C        29.877876       26.910000        0.000000
 C        31.072992       27.600000        0.000000
 C        33.463223       24.840000        0.000000
 C        32.268108       25.530001        0.000000
 C        32.268108       26.910000        0.000000
 C        33.463223       27.600000        0.000000
 C        35.853451       24.840000        0.000000
 C        34.658337       25.530001        0.000000
 C        34.658337       26.910000        0.000000
 C        35.853451       27.600000        0.000000
 C        38.243683       24.840000        0.000000
 C        37.048565       25.530001        0.000000
 C        37.048565       26.910000        0.000000
 C        38.243683       27.600000        0.000000
 C        40.633911       24.840000        0.000000
 C        39.438797       25.530001        0.000000
 C        39.438797       26.910000        0.000000
 C        40.633911       27.600000        0.000000
 C        43.024143       24.840000        0.000000
 C        41.829025       25.530001        0.000000
 C        41.829025       26.910000        0.000000
 C        43.024143       27.600000        0.000000
 C        45.414371       24.840000        0.000000
 C        44.219257       25.530001        0.000000
 C        44.219257       26.910000        0.000000
 C        45.414371       27.600000        0.000000
 C        47.804604       24.840000        0.000000
 C        46.609486       25.530001        0.000000
 C        46.609486       26.910000        0.000000
 C        47.804604       27.600000        0.000000
 C        50.194832       24.840000        0.000000
 C        48.999718       25.530001        0.000000
 C        48.999718       26.910000        0.000000
 C        50.194832       27.600000        0.000000
 C        52.585064       24.840000        0.000000
 C        51.389946       25.530001        0.000000
 C        51.389946       26.910000        0.000000
 C        52.585064       27.600000        0.000000
 C        54.975292       24.840000        0.000000
 C        53.780178       25.530001        0.000000
 C        53.780178       26.910000        0.000000
 C        54.975292       27.600000        0.000000
 C        57.365524       24.840000        0.000000
 C        56.170406       25.530001        0.000000
 C        56.170406       26.910000        0.000000
 C        57.365524       27.600000        0.000000
 C        59.755753       24.840000        0.000000
 C        58.560638       25.530001        0.000000
 C        58.560638       26.910000        0.000000
 C        59.755753       27.600000        0.000000
 C         0.000000       28.980000        0.000000
 C        -1.195115       29.670000        0.000000
 C        -1.195115       31.049999        0.000000
 C         0.000000       31.740000        0.000000
 C         2.390230       28.980000        0.000000
 C         1.195115       29.670000        0.000000
 C         1.195115       31.049999        0.000000
 C         2.390230       31.740000        0.000000
 C         4.780460       28.980000        0.000000
 C         3.585345       29.670000        0.000000
 C         3.585345       31.049999        0.000000
 C         4.780460       31.740000        0.000000
 C         7.170691       28.980000        0.000000
 C         5.975575       29.670000        0.000000
 C         5.975575       31.049999        0.000000
 C         7.170691       31.740000        0.000000
 C         9.560921       28.980000        0.000000
 C         8.365806       29.670000        0.000000
 C         8.365806       31.049999        0.000000
 C         9.560921       31.740000        0.000000
 C        11.951151       28.980000        0.000000
 C        10.756036       29.670000        0.000000
 C        10.756036       31.049999        0.000000
 C        11.951151       31.740000        0.000000
 C        14.341381       28.980000        0.000000
 C        13.146266       29.670000        0.000000
 C        13.146266       31.049999        0.000000
 C        14.341381       31.740000        0.000000
 C        16.731611       28.980000        0.000000
 C        15.536496       29.670000        0.000000
 C        15.536496       31.049999        0.000000
 C        16.731611       31.740000        0.000000
 C        19.121841       28.980000        0.000000
 C        17.926725       29.670000        0.000000
 C        17.926725       31.049999        0.000000
 C        19.121841       31.740000        0.000000
 C        21.512072       28.980000        0.000000
 C        20.316956       29.670000        0.000000
 C        20.316956       31.049999        0.000000
 C        21.512072       31.740000        0.000000
 C        23.902302       28.980000        0.000000
 C        22.707186       29.670000        0.000000
 C        22.707186       31.049999        0.000000
 C        23.902302       31.740000        0.000000
 C        26.292532       28.980000        0.000000
 C        25.097416       29.670000        0.000000
 C        25.097416       31.049999        0.000000
 C        26.292532       31.740000        0.000000
 C        28.682762       28.980000        0.000000
 C        27.487646       29.670000        0.000000
 C        27.487646       31.049999        0.000000
 C        28.682762       31.740000        0.000000
 C        31.072992       28.980000        0.000000
 C        29.877876       29.670000        0.000000
 C        29.877876       31.049999        0.000000
 C        31.072992       31.740000        0.000000
 C        33.463223       28.980000        0.000000
 C        32.268108       29.670000        0.000000
 C        32.268108       31.049999        0.000000
 C        33.463223       31.740000        0.000000
 C        35.853451       28.980000        0.000000
 C        34.658337       29.670000        0.000000
 C        34.658337       31.049999        0.000000
 C        35.853451       31.740000        0.000000
 C        38.243683       28.980000        0.000000
 C        37.048565       29.670000        0.000000
 C        37.048565       31.049999        0.000000
 C        38.243683       31.740000        0.000000
 C        40.633911       28.980000        0.000000
 C        39.438797       29.670000        0.000000
 C        39.438797       31.049999        0.000000
 C        40.633911       31.740000        0.000000
 C        43.024143       28.980000        0.000000
 C        41.829025       29.670000        0.000000
 C        41.829025       31.049999        0.000000
 C        43.024143       31.740000        0.000000
 C        45.414371       28.980000        0.000000
 C        44.219257       29.670000        0.000000
 C        44.219257       31.049999        0.000000
 C        45.414371       31.740000        0.000000
 C        47.804604       28.980000        0.000000
 C        46.609486       29.670000        0.000000
 C        46.609486       31.049999        0.000000
 C        47.804604       31.740000        0.000000
 C        50.194832       28.980000        0.000000
 C        48.999718       29.670000        0.000000
 C        48.999718       31.049999        0.000000
 C        50.194832       31.740000        0.000000
 C        52.585064       28.980000        0.000000
 C        51.389946       29.670000        0.000000
 C        51.389946       31.049999        0.000000
 C        52.585064       31.740000        0.000000
 C        54.975292       28.980000        0.000000
 C        53.780178       29.670000        0.000000
 C        53.780178       31.049999        0.000000
 C        54.975292       31.740000        0.000000
 C        57.365524       28.980000        0.000000
 C        56.170406       29.670000        0.000000
 C        56.170406       31.049999        0.000000
 C        57.365524       31.740000        0.000000
 C        59.755753       28.980000        0.000000
 C        58.560638       29.670000        0.000000
 C        58.560638       31.049999        0.000000
 C        59.755753       31.740000        0.000000
 C         0.000000       33.119999        0.000000
 C        -1.195115       33.810001        0.000000
 C        -1.195115       35.189999        0.000000
 C         0.000000       35.880001        0.000000
 C         2.390230       33.119999        0.000000
 C         1.195115       33.810001        0.000000
 C         1.195115       35.189999        0.000000
 C         2.390230       35.880001        0.000000
 C         4.780460       33.119999        0.000000
 C         3.585345       33.810001        0.000000
 C         3.585345       35.189999        0.000000
 C         4.780460       35.880001        0.000000
 C         7.170691       33.119999        0.000000
 C         5.975575       33.810001        0.000000
 C         5.975575       35.189999        0.000000
 C         7.170691       35.880001        0.000000
 C         9.560921       33.119999        0.000000
 C         8.365806       33.810001        0.000000
 C         8.365806       35.189999        0.000000
 C         9.560921       35.880001        0.000000
 C        11.951151       33.119999        0.000000
 C        10.756036       33.810001        0.000000
 C        10.756036       35.189999        0.000000
 C        11.951151       35.880001        0.000000
 C        14.341381       33.119999        0.000000
 C        13.146266       33.810001        0.000000
 C        13.146266       35.189999        0.000000
 C        14.341381       35.880001        0.000000
 C        16.731611       33.119999        0.000000
 C        15.536496       33.810001        0.000000
 C        15.536496       35.189999        0.000000
 C        16.731611       35.880001        0.000000
 C        19.121841       33.119999        0.000000
 C        17.926725       33.810001        0.000000
 C        17.926725       35.189999        0.000000
 C        19.121841       35.880001        0.000000
 C        21.512072       33.119999        0.000000
 C        20.316956       33.810001        0.000000
 C        20.316956       35.189999        0.000000
 C        21.512072       35.880001        0.000000
 C        23.902302       33.119999        0.000000
 C        22.707186       33.810001        0.000000
 C        22.707186       35.189999        0.000000
 C        23.902302       35.880001        0.000000
 C        26.292532       33.119999        0.000000
 C        25.097416       33.810001        0.000000
 C        25.097416       35.189999        0.000000
 C        26.292532       35.880001        0.000000
 C        28.682762       33.119999        0.000000
 C        27.487646       33.810001        0.000000
 C        27.487646       35.189999        0.000000
 C        28.682762       35.880001        0.000000
 C        31.072992       33.119999        0.000000
 C        29.877876       33.810001        0.000000
 C        29.877876       35.189999        0.000000
 C        31.072992       35.880001        0.000000
 C        33.463223       33.119999        0.000000
 C        32.268108       33.810001        0.000000
 C        32.268108       35.189999        0.000000
 C        33.463223       35.880001        0.000000
 C        35.853451       33.119999        0.000000
 C        34.658337       33.810001        0.000000
 C        34.658337       35.189999        0.000000
 C        35.853451       35.880001        0.000000
 C        38.243683       33.119999        0.000000
 C        37.048565       33.810001        0.000000
 C        37.048565       35.189999        0.000000
 C        38.243683       35.880001        0.000000
 C        40.633911       33.119999        0.000000
 C        39.438797       33.810001        0.000000
 C        39.438797       35.189999        0.000000
 C        40.633911       35.880001        0.000000
 C        43.024143       33.119999        0.000000
 C        41.829025       33.810001        0.000000
 C        41.829025       35.189999        0.000000
 C        43.024143       35.880001        0.000000
 C        45.414371       33.119999        0.000000
 C        44.219257       33.810001        0.000000
 C        44.219257       35.189999        0.000000
 C        45.414371       35.880001        0.000000
 C        47.804604       33.119999        0.000000
 C        46.609486       33.810001        0.000000
 C        46.609486       35.189999        0.000000
 C        47.804604       35.880001        0.000000
 C        50.194832       33.119999        0.000000
 C        48.999718       33.810001        0.000000
 C        48.999718       35.189999        0.000000
 C        50.194832       35.880001        0.000000
 C        52.585064       33.119999        0.000000
 C        51.389946       33.810001        0.000000
 C        51.389946       35.189999        0.000000
 C        52.585064       35.880001        0.000000
 C        54.975292       33.119999        0.000000
 C        53.780178       33.810001        0.000000
 C        53.780178       35.189999        0.000000
 C        54.975292       35.880001        0.000000
 C        57.365524       33.119999        0.000000
 C        56.170406       33.810001        0.000000
 C        56.170406       35.189999        0.000000
 C        57.365524       35.880001        0.000000
 C        59.755753       33.119999        0.000000
 C        58.560638       33.810001        0.000000
 C        58.560638       35.189999        0.000000
 C        59.755753       35.880001        0.000000
 C         0.000000       37.259998        0.000000
 C        -1.195115       37.950001        0.000000
 C        -1.195115       39.330002        0.000000
 C         0.000000       40.020000        0.000000
 C         2.390230       37.259998        0.000000
 C         1.195115       37.950001        0.000000
 C         1.195115       39.330002        0.000000
 C         2.390230       40.020000        0.000000
 C         4.780460       37.259998        0.000000
 C         3.585345       37.950001        0.000000
 C         3.585345       39.330002        0.000000
 C         4.780460       40.020000        0.000000
 C         7.170691       37.259998        0.000000
 C         5.975575       37.950001        0.000000
 C         5.975575       39.330002        0.000000
 C         7.170691       40.020000        0.000000
 C         9.560921       37.259998        0.000000
 C         8.365806       37.950001        0.000000
 C         8.365806       39.330002        0.000000
 C         9.560921       40.020000        0.000000
 C        11.951151       37.259998        0.000000
 C        10.756036       37.950001        0.000000
 C        10.756036       39.330002        0.000000
 C        11.951151       40.020000        0.000000
 C        14.341381       37.259998        0.000000
 C        13.146266       37.950001        0.000000
 C        13.146266       39.330002        0.000000
 C        14.341381       40.020000        0.000000
 C        16.731611       37.259998        0.000000
 C        15.536496       37.950001        0.000000
 C        15.536496       39.330002        0.000000
 C        16.731611       40.020000        0.000000
 C        19.121841       37.259998        0.000000
 C        17.926725       37.950001        0.000000
 C        17.926725       39.330002        0.000000
 C        19.121841       40.020000        0.000000
 C        21.512072       37.259998        0.000000
 C        20.316956       37.950001        0.000000
 C        20.316956       39.330002        0.000000
 C        21.512072       40.020000        0.000000
 C        23.902302       37.259998        0.000000
 C        22.707186       37.950001        0.000000
 C        22.707186       39.330002        0.000000
 C        23.902302       40.020000        0.000000
 C        26.292532       37.259998        0.000000
 C        25.097416       37.950001        0.000000
 C        25.097416       39.330002        0.000000
 C        26.292532       40.020000        0.000000
 C        28.682762       37.259998        0.000000
 C        27.487646       37.950001        0.000000
 C        27.487646       39.330002        0.000000
 C        28.682762       40.020000        0.000000
 C        31.072992       37.259998        0.000000
 C        29.877876       37.950001        0.000000
 C        29.877876       39.330002        0.000000
 C        31.072992       40.020000        0.000000
 C        33.463223       37.259998        0.000000
 C        32.268108       37.950001        0.000000
 C        32.268108       39.330002        0.000000
 C        33.463223       40.020000        0.000000
 C        35.853451       37.259998        0.000000
 C        34.658337       37.950001        0.000000
 C        34.658337       39.330002        0.000000
 C        35.853451       40.020000        0.000000
 C        38.243683       37.259998        0.000000
 C        37.048565       37.950001        0.000000
 C        37.048565       39.330002        0.000000
 C        38.243683       40.020000        0.000000
 C        40.633911       37.259998        0.000000
 C        39.438797       37.950001        0.000000
 C        39.438797       39.330002        0.000000
 C        40.633911       40.020000        0.000000
 C        43.024143       37.259998        0.000000
 C        41.829025       37.950001        0.000000
 C        41.829025       39.330002        0.000000
 C        43.024143       40.020000        0.000000
 C        45.414371       37.259998        0.000000
 C        44.219257       37.950001        0.000000
 C        44.219257       39.330002        0.000000
 C        45.414371       40.020000        0.000000
 C        47.804604       37.259998        0.000000
 C        46.609486       37.950001        0.000000
 C        46.609486       39.330002        0.000000
 C        47.804604       40.020000        0.000000
 C        50.194832       37.259998        0.000000
 C        48.999718       37.950001        0.000000
 C        48.999718       39.330002        0.000000
 C        50.194832       40.020000        0.000000
 C        52.585064       37.259998        0.000000
 C        51.389946       37.950001        0.000000
 C        51.389946       39.330002        0.000000
 C        52.585064       40.020000        0.000000
 C        54.975292       37.259998        0.000000
 C        53.780178       37.950001        0.000000
 C        53.780178       39.330002        0.000000
 C        54.975292       40.020000        0.000000
 C        57.365524       37.259998        0.000000
 C        56.170406       37.950001        0.000000
 C        56.170406       39.330002        0.000000
 C        57.365524       40.020000        0.000000
 C        59.755753       37.259998        0.000000
 C        58.560638       37.950001        0.000000
 C        58.560638       39.330002        0.000000
 C        59.755753       40.020000        0.000000
 C         0.000000       41.400002        0.000000
 C        -1.195115       42.090000        0.000000
 C        -1.195115       43.470001        0.000000
 C         0.000000       44.160000        0.000000
 C         2.390230       41.400002        0.000000
 C         1.195115       42.090000        0.000000
 C         1.195115       43.470001        0.000000
 C         2.390230       44.160000        0.000000
 C         4.780460       41.400002        0.000000
 C         3.585345       42.090000        0.000000
 C         3.585345       43.470001        0.000000
 C         4.780460       44.160000        0.000000
 C         7.170691       41.400002        0.000000
 C         5.975575       42.090000        0.000000
 C         5.975575       43.470001        0.000000
 C         7.170691       44.160000        0.000000
 C         9.560921       41.400002        0.000000
 C         8.365806       42.090000        0.000000
 C         8.365806       43.470001        0.000000
 C         9.560921       44.160000        0.000000
 C        11.951151       41.400002        0.000000
 C        10.756036       42.090000        0.000000
 C        10.756036       43.470001        0.000000
 C        11.951151       44.160000        0.000000
 C        14.341381       41.400002        0.000000
 C        13.146266       42.090000        0.000000
 C        13.146266       43.470001        0.000000
 C        14.341381       44.160000        0.000000
 C        16.731611       41.400002        0.000000
 C        15.536496       42.090000        0.000000
 C        15.536496       43.470001        0.000000
 C        16.731611       44.160000        0.000000
 C        19.121841       41.400002        0.000000
 C        17.926725       42.090000        0.000000
 C        17.926725       43.470001        0.000000
 C        19.121841       44.160000        0.000000
 C        21.512072       41.400002        0.000000
 C        20.316956       42.090000        0.000000
 C        20.316956       43.470001        0.000000
 C        21.512072       44.160000        0.000000
 C        23.902302       41.400002        0.000000
 C        22.707186       42.090000        0.000000
 C        22.707186       43.470001        0.000000
 C        23.902302       44.160000        0.000000
 C        26.292532       41.400002        0.000000
 C        25.097416       42.090000        0.000000
 C        25.097416       43.470001        0.000000
 C        26.292532       44.160000        0.000000
 C        28.682762       41.400002        0.000000
 C        27.487646       42.090000        0.000000
 C        27.487646       43.470001        0.000000
 C        28.682762       44.160000        0.000000
 C        31.072992       41.400002        0.000000
 C        29.877876       42.090000        0.000000
 C        29.877876       43.470001        0.000000
 C        31.072992       44.160000        0.000000
 C        33.463223       41.400002        0.000000
 C        32.268108       42.090000        0.000000
 C        32.268108       43.470001        0.000000
 C        33.463223       44.160000        0.000000
 C        35.853451       41.400002        0.000000
 C        34.658337       42.090000        0.000000
 C        34.658337       43.470001        0.000000
 C        35.853451       44.160000        0.000000
 C        38.243683       41.400002        0.000000
 C        37.048565       42.090000        0.000000
 C        37.048565       43.470001        0.000000
 C        38.243683       44.160000        0.000000
 C        40.633911       41.400002        0.000000
 C        39.438797       42.090000        0.000000
 C        39.438797       43.470001        0.000000
 C        40.633911       44.160000        0.000000
 C        43.024143       41.400002        0.000000
 C        41.829025       42.090000        0.000000
 C        41.829025       43.470001        0.000000
 C        43.024143       44.160000        0.000000
 C        45.414371       41.400002        0.000000
 C        44.219257       42.090000        0.000000
 C        44.219257       43.470001        0.000000
 C        45.414371       44.160000        0.000000
 C        47.804604       41.400002        0.000000
 C        46.609486       42.090000        0.000000
 C        46.609486       43.470001        0.000000
 C        47.804604       44.160000        0.000000
 C        50.194832       41.400002        0.000000
 C        48.999718       42.090000        0.000000
 C        48.999718       43.470001        0.000000
 C        50.194832       44.160000        0.000000
 C        52.585064       41.400002        0.000000
 C        51.389946       42.090000        0.000000
 C        51.389946       43.470001        0.000000
 C        52.585064       44.160000        0.000000
 C        54.975292       41.400002        0.000000
 C        53.780178       42.090000        0.000000
 C        53.780178       43.470001        0.000000
 C        54.975292       44.160000        0.000000
 C        57.365524       41.400002        0.000000
 C        56.170406       42.090000        0.000000
 C        56.170406       43.470001        0.000000
 C        57.365524       44.160000        0.000000
 C        59.755753       41.400002        0.000000
 C        58.560638       42.090000        0.000000
 C        58.560638       43.470001        0.000000
 C        59.755753       44.160000        0.000000
 C         0.000000       45.540001        0.000000
 C        -1.195115       46.230000        0.000000
 C        -1.195115       47.610001        0.000000
 C         0.000000       48.299999        0.000000
 C         2.390230       45.540001        0.000000
 C         1.195115       46.230000        0.000000
 C         1.195115       47.610001        0.000000
 C         2.390230       48.299999        0.000000
 C         4.780460       45.540001        0.000000
 C         3.585345       46.230000        0.000000
 C         3.585345       47.610001        0.000000
 C         4.780460       48.299999        0.000000
 C         7.170691       45.540001        0.000000
 C         5.975575       46.230000        0.000000
 C         5.975575       47.610001        0.000000
 C         7.170691       48.299999        0.000000
 C         9.560921       45.540001        0.000000
 C         8.365806       46.230000        0.000000
 C         8.365806       47.610001        0.000000
 C         9.560921       48.299999        0.000000
 C        11.951151       45.540001        0.000000
 C        10.756036       46.230000        0.000000
 C        10.756036       47.610001        0.000000
 C        11.951151       48.299999        0.000000
 C        14.341381       45.540001        0.000000
 C        13.146266       46.230000        0.000000
 C        13.146266       47.610001        0.000000
 C        14.341381       48.299999        0.000000
 C        16.731611       45.540001        0.000000
 C        15.536496       46.230000        0.000000
 C        15.536496       47.610001        0.000000
 C        16.731611       48.299999        0.000000
 C        19.121841       45.540001        0.000000
 C        17.926725       46.230000        0.000000
 C        17.926725       47.610001        0.000000
 C        19.121841       48.299999        0.000000
 C        21.512072       45.540001        0.000000
 C        20.316956       46.230000        0.000000
 C        20.316956       47.610001        0.000000
 C        21.512072       48.299999        0.000000
 C        23.902302       45.540001        0.000000
 C        22.707186       46.230000        0.000000
 C        22.707186       47.610001        0.000000
 C        23.902302       48.299999        0.000000
 C        26.292532       45.540001        0.000000
 C        25.097416       46.230000        0.000000
 C        25.097416       47.610001        0.000000
 C        26.292532       48.299999        0.000000
 C        28.682762       45.540001        0.000000
 C        27.487646       46.230000        0.000000
 C        27.487646       47.610001        0.000000
 C        28.682762       48.299999        0.000000
 C        31.072992       45.540001        0.000000
 C        29.877876       46.230000        0.000000
 C        29.877876       47.610001        0.000000
 C        31.072992       48.299999        0.000000
 C        33.463223       45.540001        0.000000
 C        32.268108       46.230000        0.000000
 C        32.268108       47.610001        0.000000
 C        33.463223       48.299999        0.000000
 C        35.853451       45.540001        0.000000
 C        34.658337       46.230000        0.000000
 C        34.658337       47.610001        0.000000
 C        35.853451       48.299999        0.000000
 C        38.243683       45.540001        0.000000
 C        37.048565       46.230000        0.000000
 C        37.048565       47.610001        0.000000
 C        38.243683       48.299999        0.000000
 C        40.633911       45.540001        0.000000
 C        39.438797       46.230000        0.000000
 C        39.438797       47.610001        0.000000
 C        40.633911       48.299999        0.000000
 C        43.024143       45.540001        0.000000
 C        41.829025       46.230000        0.000000
 C        41.829025       47.610001        0.000000
 C        43.024143       48.299999        0.000000
 C        45.414371       45.540001        0.000000
 C        44.219257       46.230000        0.000000
 C        44.219257       47.610001        0.000000
 C        45.414371       48.299999        0.000000
 C        47.804604       45.540001        0.000000
 C        46.609486       46.230000        0.000000
 C        46.609486       47.610001        0.000000
 C        47.804604       48.299999        0.000000
 C        50.194832       45.540001        0.000000
 C        48.999718       46.230000        0.000000
 C        48.999718       47.610001        0.000000
 C        50.194832       48.299999        0.000000
 C        52.585064       45.540001        0.000000
 C        51.389946       46.230000        0.000000
 C        51.389946       47.610001        0.000000
 C        52.585064       48.299999        0.000000
 C        54.975292       45.540001        0.000000
 C        53.780178       46.230000        0.000000
 C        53.780178       47.610001        0.000000
 C        54.975292       48.299999        0.000000
 C        57.365524       45.540001        0.000000
 C        56.170406       46.230000        0.000000
 C        56.170406       47.610001        0.000000
 C        57.365524       48.299999        0.000000
 C        59.755753       45.540001        0.000000
 C        58.560638       46.230000        0.000000
 C        58.560638       47.610001        0.000000
 C        59.755753       48.299999        0.000000
 C         0.000000       49.680000        0.000000
 C        -1.195115       50.369999        0.000000
 C        -1.195115       51.750000        0.000000
 C         0.000000       52.439999        0.000000
 C         2.390230       49.680000        0.000000
 C         1.195115       50.369999        0.000000
 C         1.195115       51.750000        0.000000
 C         2.390230       52.439999        0.000000
 C         4.780460       49.680000        0.000000
 C         3.585345       50.369999        0.000000
 C         3.585345       51.750000        0.000000
 C         4.780460       52.439999        0.000000
 C         7.170691       49.680000        0.000000
 C         5.975575       50.369999        0.000000
 C         5.975575       51.750000        0.000000
 C         7.170691       52.439999        0.000000
 C         9.560921       49.680000        0.000000
 C         8.365806       50.369999        0.000000
 C         8.365806       51.750000        0.000000
 C         9.560921       52.439999        0.000000
 C        11.951151       49.680000        0.000000
 C        10.756036       50.369999        0.000000
 C        10.756036       51.750000        0.000000
 C        11.951151       52.439999        0.000000
 C        14.341381       49.680000        0.000000
 C        13.146266       50.369999        0.000000
 C        13.146266       51.750000        0.000000
 C        14.341381       52.439999        0.000000
 C        16.731611       49.680000        0.000000
 C        15.536496       50.369999        0.000000
 C        15.536496       51.750000        0.000000
 C        16.731611       52.439999        0.000000
 C        19.121841       49.680000        0.000000
 C        17.926725       50.369999        0.000000
 C        17.926725       51.750000        0.000000
 C        19.121841       52.439999        0.000000
 C        21.512072       49.680000        0.000000
 C        20.316956       50.369999        0.000000
 C        20.316956       51.750000        0.000000
 C        21.512072       52.439999        0.000000
 C        23.902302       49.680000        0.000000
 C        22.707186       50.369999        0.000000
 C        22.707186       51.750000        0.000000
 C        23.902302       52.439999        0.000000
 C        26.292532       49.680000        0.000000
 C        25.097416       50.369999        0.000000
 C        25.097416       51.750000        0.000000
 C        26.292532       52.439999        0.000000
 C        28.682762       49.680000        0.000000
 C        27.487646       50.369999        0.000000
 C        27.487646       51.750000        0.000000
 C        28.682762       52.439999        0.000000
 C        31.072992       49.680000        0.000000
 C        29.877876       50.369999        0.000000
 C        29.877876       51.750000        0.000000
 C        31.072992       52.439999        0.000000
 C        33.463223       49.680000        0.000000
 C        32.268108       50.369999        0.000000
 C        32.268108       51.750000        0.000000
 C        33.463223       52.439999        0.000000
 C        35.853451       49.680000        0.000000
 C        34.658337       50.369999        0.000000
 C        34.658337       51.750000        0.000000
 C        35.853451       52.439999        0.000000
 C        38.243683       49.680000        0.000000
 C        37.048565       50.369999        0.000000
 C        37.048565       51.750000        0.000000
 C        38.243683       52.439999        0.000000
 C        40.633911       49.680000        0.000000
 C        39.438797       50.369999        0.000000
 C        39.438797       51.750000        0.000000
 C        40.633911       52.439999        0.000000
 C        43.024143       49.680000        0.000000
 C        41.829025       50.369999        0.000000
 C        41.829025       51.750000        0.000000
 C        43.024143       52.439999        0.000000
 C        45.414371       49.680000        0.000000
 C        44.219257       50.369999        0.000000
 C        44.219257       51.750000        0.000000
 C        45.414371       52.439999        0.000000
 C        47.804604       49.680000        0.000000
 C        46.609486       50.369999        0.000000
 C        46.609486       51.750000        0.000000
 C        47.804604       52.439999        0.000000
 C        50.194832       49.680000        0.000000
 C        48.999718       50.369999        0.000000
 C        48.999718       51.750000        0.000000
 C        50.194832       52.439999        0.000000
 C        52.585064       49.680000        0.000000
 C        51.389946       50.369999        0.000000
 C        51.389946       51.750000        0.000000
 C        52.585064       52.439999        0.000000
 C        54.975292       49.680000        0.000000
 C        53.780178       50.369999        0.000000
 C        53.780178       51.750000        0.000000
 C        54.975292       52.439999        0.000000
 C        57.365524       49.680000        0.000000
 C        56.170406       50.369999        0.000000
 C        56.170406       51.750000        0.000000
 C        57.365524       52.439999        0.000000
 C        59.755753       49.680000        0.000000
 C        58.560638       50.369999        0.000000
 C        58.560638       51.750000        0.000000
 C        59.755753       52.439999        0.000000
 C         0.000000       53.820000        0.000000
 C        -1.195115       54.509998        0.000000
 C        -1.195115       55.889999        0.000000
 C         0.000000       56.580002        0.000000
 C         2.390230       53.820000        0.000000
 C         1.195115       54.509998        0.000000
 C         1.195115       55.889999        0.000000
 C         2.390230       56.580002        0.000000
 C         4.780460       53.820000        0.000000
 C         3.585345       54.509998        0.000000
 C         3.585345       55.889999        0.000000
 C         4.780460       56.580002        0.000000
 C         7.170691       53.820000        0.000000
 C         5.975575       54.509998        0.000000
 C         5.975575       55.889999        0.000000
 C         7.170691       56.580002        0.000000
 C         9.560921       53.820000        0.000000
 C         8.365806       54.509998        0.000000
 C         8.365806       55.889999        0.000000
 C         9.560921       56.580002        0.000000
 C        11.951151       53.820000        0.000000
 C        10.756036       54.509998        0.000000
 C        10.756036       55.889999        0.000000
 C        11.951151       56.580002        0.000000
 C        14.341381       53.820000        0.000000
 C        13.146266       54.509998        0.000000
 C        13.146266       55.889999        0.000000
 C        14.341381       56.580002        0.000000
 C        16.731611       53.820000        0.000000
 C        15.536496       54.509998        0.000000
 C        15.536496       55.889999        0.000000
 C        16.731611       56.580002        0.000000
 C        19.121841       53.820000        0.000000
 C        17.926725       54.509998        0.000000
 C        17.926725       55.889999        0.000000
 C        19.121841       56.580002        0.000000
 C        21.512072       53.820000        0.000000
 C        20.316956       54.509998        0.000000
 C        20.316956       55.889999        0.000000
 C        21.512072       56.580002        0.000000
 C        23.902302       53.820000        0.000000
 C        22.707186       54.509998        0.000000
 C        22.707186       55.889999        0.000000
 C        23.902302       56.580002        0.000000
 C        26.292532       53.820000        0.000000
 C        25.097416       54.509998        0.000000
 C        25.097416       55.889999        0.000000
 C        26.292532       56.580002        0.000000
 C        28.682762       53.820000        0.000000
 C        27.487646       54.509998        0.000000
 C        27.487646       55.889999        0.000000
 C        28.682762       56.580002        0.000000
 C        31.072992       53.820000        0.000000
 C        29.877876       54.509998        0.000000
 C        29.877876       55.889999        0.000000
 C        31.072992       56.580002        0.000000
 C        33.463223       53.820000        0.000000
 C        32.268108       54.509998        0.000000
 C        32.268108       55.889999        0.000000
 C        33.463223       56.580002        0.000000
 C        35.853451       53.820000        0.000000
 C        34.658337       54.509998        0.000000
 C        34.658337       55.889999        0.000000
 C        35.853451       56.580002        0.000000
 C        38.243683       53.820000        0.000000
 C        37.048565       54.509998        0.000000
 C        37.048565       55.889999        0.000000
 C        38.243683       56.580002        0.000000
 C        40.633911       53.820000        0.000000
 C        39.438797       54.509998        0.000000
 C        39.438797       55.889999        0.000000
 C        40.633911       56.580002        0.000000
 C        43.024143       53.820000        0.000000
 C        41.829025       54.509998        0.000000
 C        41.829025       55.889999        0.000000
 C        43.024143       56.580002        0.000000
 C        45.414371       53.820000        0.000000
 C        44.219257       54.509998        0.000000
 C        44.219257       55.889999        0.000000
 C        45.414371       56.580002        0.000000
 C        47.804604       53.820000        0.000000
 C        46.609486       54.509998        0.000000
 C        46.609486       55.889999        0.000000
 C        47.804604       56.580002        0.000000
 C        50.194832       53.820000        0.000000
 C        48.999718       54.509998        0.000000
 C        48.999718       55.889999        0.000000
 C        50.194832       56.580002        0.000000
 C        52.585064       53.820000        0.000000
 C        51.389946       54.509998        0.000000
 C        51.389946       55.889999        0.000000
 C        52.585064       56.580002        0.000000
 C        54.975292       53.820000        0.000000
 C        53.780178       54.509998        0.000000
 C        53.780178       55.889999        0.000000
 C        54.975292       56.580002        0.000000
 C        57.365524       53.820000        0.000000
 C        56.170406       54.509998        0.000000
 C        56.170406       55.889999        0.000000
 C        57.365524       56.580002        0.000000
 C        59.755753       53.820000        0.000000
 C        58.560638       54.509998        0.000000
 C        58.560638       55.889999        0.000000
 C        59.755753       56.580002        0.000000
 C         0.000000       57.959999        0.000000
 C        -1.195115       58.650002        0.000000
 C        -1.195115       60.029999        0.000000
 C         0.000000       60.720001        0.000000
 C         2.390230       57.959999        0.000000
 C         1.195115       58.650002        0.000000
 C         1.195115       60.029999        0.000000
 C         2.390230       60.720001        0.000000
 C         4.780460       57.959999        0.000000
 C         3.585345       58.650002        0.000000
 C         3.585345       60.029999        0.000000
 C         4.780460       60.720001        0.000000
 C         7.170691       57.959999        0.000000
 C         5.975575       58.650002        0.000000
 C         5.975575       60.029999        0.000000
 C         7.170691       60.720001        0.000000
 C         9.560921       57.959999        0.000000
 C         8.365806       58.650002        0.000000
 C         8.365806       60.029999        0.000000
 C         9.560921       60.720001        0.000000
 C        11.951151       57.959999        0.000000
 C        10.756036       58.650002        0.000000
 C        10.756036       60.029999        0.000000
 C        11.951151       60.720001        0.000000
 C        14.341381       57.959999        0.000000
 C        13.146266       58.650002        0.000000
 C        13.146266       60.029999        0.000000
 C        14.341381       60.720001        0.000000
 C        16.731611       57.959999        0.000000
 C        15.536496       58.650002        0.000000
 C        15.536496       60.029999        0.000000
 C        16.731611       60.720001        0.000000
 C        19.121841       57.959999        0.000000
 C        17.926725       58.650002        0.000000
 C        17.926725       60.029999        0.000000
 C        19.121841       60.720001        0.000000
 C        21.512072       57.959999        0.000000
 C        20.316956       58.650002        0.000000
 C        20.316956       60.029999        0.000000
 C        21.512072       60.720001        0.000000
 C        23.902302       57.959999        0.000000
 C        22.707186       58.650002        0.000000
 C        22.707186       60.029999        0.000000
 C        23.902302       60.720001        0.000000
 C        26.292532       57.959999        0.000000
 C        25.097416       58.650002        0.000000
 C        25.097416       60.029999        0.000000
 C        26.292532       60.720001        0.000000
 C        28.682762       57.959999        0.000000
 C        27.487646       58.650002        0.000000
 C        27.487646       60.029999        0.000000
 C        28.682762       60.720001        0.000000
 C        31.072992       57.959999        0.000000
 C        29.877876       58.650002        0.000000
 C        29.877876       60.029999        0.000000
 C        31.072992       60.720001        0.000000
 C        33.463223       57.959999        0.000000
 C        32.268108       58.650002        0.000000
 C        32.268108       60.029999        0.000000
 C        33.463223       60.720001        0.000000
 C        35.853451       57.959999        0.000000
 C        34.658337       58.650002        0.000000
 C        34.658337       60.029999        0.000000
 C        35.853451       60.720001        0.000000
 C        38.243683       57.959999        0.000000
 C        37.048565       58.650002        0.000000
 C        37.048565       60.029999        0.000000
 C        38.243683       60.720001        0.000000
 C        40.633911       57.959999        0.000000
 C        39.438797       58.650002        0.000000
 C        39.438797       60.029999        0.000000
 C        40.633911       60.720001        0.000000
 C        43.024143       57.959999        0.000000
 C        41.829025       58.650002        0.000000
 C        41.829025       60.029999        0.000000
 C        43.024143       60.720001        0.000000
 C        45.414371       57.959999        0.000000
 C        44.219257       58.650002        0.000000
 C        44.219257       60.029999        0.000000
 C        45.414371       60.720001        0.000000
 C        47.804604       57.959999        0.000000
 C        46.609486       58.650002        0.000000
 C        46.609486       60.029999        0.000000
 C        47.804604       60.720001        0.000000
 C        50.194832       57.959999        0.000000
 C        48.999718       58.650002        0.000000
 C        48.999718       60.029999        0.000000
 C        50.194832       60.720001        0.000000
 C        52.585064       57.959999        0.000000
 C        51.389946       58.650002        0.000000
 C        51.389946       60.029999        0.000000
 C        52.585064       60.720001        0.000000
 C        54.975292       57.959999        0.000000
 C        53.780178       58.650002        0.000000
 C        53.780178       60.029999        0.000000
 C        54.975292       60.720001        0.000000
 C        57.365524       57.959999        0.000000
 C        56.170406       58.650002        0.000000
 C        56.170406       60.029999        0.000000
 C        57.365524       60.720001        0.000000
 C        59.755753       57.959999        0.000000
 C        58.560638       58.650002        0.000000
 C        58.560638       60.029999        0.000000
 C        59.755753       60.720001        0.000000
