11293	3765	3	0	0	0	0
11294	3765	3	0	-1.228024	0.709	0
11295	3765	3	0	-1.228024	2.127	0
11296	3765	3	0	0	2.836	0
11297	3765	3	0	2.456048	0	0
11298	3765	3	0	1.228024	0.709	0
11299	3765	3	0	1.228024	2.127	0
11300	3765	3	0	2.456048	2.836	0
11301	3765	3	0	4.912096	0	0
11302	3765	3	0	3.684072	0.709	0
11303	3765	3	0	3.684072	2.127	0
11304	3765	3	0	4.912096	2.836	0
11305	3765	3	0	7.368144	0	0
11306	3765	3	0	6.14012	0.709	0
11307	3765	3	0	6.14012	2.127	0
11308	3765	3	0	7.368144	2.836	0
11309	3765	3	0	9.824192	0	0
11310	3765	3	0	8.596169	0.709	0
11311	3765	3	0	8.596169	2.127	0
11312	3765	3	0	9.824192	2.836	0
11313	3765	3	0	12.28024	0	0
11314	3765	3	0	11.052217	0.709	0
11315	3765	3	0	11.052217	2.127	0
11316	3765	3	0	12.28024	2.836	0
11317	3765	3	0	14.736288	0	0
11318	3765	3	0	13.508265	0.709	0
11319	3765	3	0	13.508265	2.127	0
11320	3765	3	0	14.736288	2.836	0
11321	3765	3	0	17.192337	0	0
11322	3765	3	0	15.964313	0.709	0
11323	3765	3	0	15.964313	2.127	0
11324	3765	3	0	17.192337	2.836	0
11325	3765	3	0	19.648384	0	0
11326	3765	3	0	18.420361	0.709	0
11327	3765	3	0	18.420361	2.127	0
11328	3765	3	0	19.648384	2.836	0
11329	3765	3	0	22.104433	0	0
11330	3765	3	0	20.876408	0.709	0
11331	3765	3	0	20.876408	2.127	0
11332	3765	3	0	22.104433	2.836	0
11333	3765	3	0	24.56048	0	0
11334	3765	3	0	23.332457	0.709	0
11335	3765	3	0	23.332457	2.127	0
11336	3765	3	0	24.56048	2.836	0
11337	3765	3	0	27.016529	0	0
11338	3765	3	0	25.788504	0.709	0
11339	3765	3	0	25.788504	2.127	0
11340	3765	3	0	27.016529	2.836	0
11341	3765	3	0	29.472576	0	0
11342	3765	3	0	28.244553	0.709	0
11343	3765	3	0	28.244553	2.127	0
11344	3765	3	0	29.472576	2.836	0
11345	3765	3	0	31.928625	0	0
11346	3765	3	0	30.7006	0.709	0
11347	3765	3	0	30.7006	2.127	0
11348	3765	3	0	31.928625	2.836	0
11349	3765	3	0	34.384674	0	0
11350	3765	3	0	33.156647	0.709	0
11351	3765	3	0	33.156647	2.127	0
11352	3765	3	0	34.384674	2.836	0
11353	3765	3	0	36.840721	0	0
11354	3765	3	0	35.612698	0.709	0
11355	3765	3	0	35.612698	2.127	0
11356	3765	3	0	36.840721	2.836	0
11357	3765	3	0	39.296768	0	0
11358	3765	3	0	38.068745	0.709	0
11359	3765	3	0	38.068745	2.127	0
11360	3765	3	0	39.296768	2.836	0
11361	3765	3	0	41.752815	0	0
11362	3765	3	0	40.524792	0.709	0
11363	3765	3	0	40.524792	2.127	0
11364	3765	3	0	41.752815	2.836	0
11365	3765	3	0	44.208866	0	0
11366	3765	3	0	42.980843	0.709	0
11367	3765	3	0	42.980843	2.127	0
11368	3765	3	0	44.208866	2.836	0
11369	3765	3	0	46.664913	0	0
11370	3765	3	0	45.43689	0.709	0
11371	3765	3	0	45.43689	2.127	0
11372	3765	3	0	46.664913	2.836	0
11373	3765	3	0	49.12096	0	0
11374	3765	3	0	47.892937	0.709	0
11375	3765	3	0	47.892937	2.127	0
11376	3765	3	0	49.12096	2.836	0
11377	3765	3	0	51.577007	0	0
11378	3765	3	0	50.348984	0.709	0
11379	3765	3	0	50.348984	2.127	0
11380	3765	3	0	51.577007	2.836	0
11381	3765	3	0	54.033058	0	0
11382	3765	3	0	52.805035	0.709	0
11383	3765	3	0	52.805035	2.127	0
11384	3765	3	0	54.033058	2.836	0
11385	3765	3	0	56.489105	0	0
11386	3765	3	0	55.261082	0.709	0
11387	3765	3	0	55.261082	2.127	0
11388	3765	3	0	56.489105	2.836	0
11389	3765	3	0	58.945152	0	0
11390	3765	3	0	57.717129	0.709	0
11391	3765	3	0	57.717129	2.127	0
11392	3765	3	0	58.945152	2.836	0
11393	3765	3	0	0	4.254	0
11394	3765	3	0	-1.228024	4.963	0
11395	3765	3	0	-1.228024	6.381	0
11396	3765	3	0	0	7.09	0
11397	3765	3	0	2.456048	4.254	0
11398	3765	3	0	1.228024	4.963	0
11399	3765	3	0	1.228024	6.381	0
11400	3765	3	0	2.456048	7.09	0
11401	3765	3	0	4.912096	4.254	0
11402	3765	3	0	3.684072	4.963	0
11403	3765	3	0	3.684072	6.381	0
11404	3765	3	0	4.912096	7.09	0
11405	3765	3	0	7.368144	4.254	0
11406	3765	3	0	6.14012	4.963	0
11407	3765	3	0	6.14012	6.381	0
11408	3765	3	0	7.368144	7.09	0
11409	3765	3	0	9.824192	4.254	0
11410	3765	3	0	8.596169	4.963	0
11411	3765	3	0	8.596169	6.381	0
11412	3765	3	0	9.824192	7.09	0
11413	3765	3	0	12.28024	4.254	0
11414	3765	3	0	11.052217	4.963	0
11415	3765	3	0	11.052217	6.381	0
11416	3765	3	0	12.28024	7.09	0
11417	3765	3	0	14.736288	4.254	0
11418	3765	3	0	13.508265	4.963	0
11419	3765	3	0	13.508265	6.381	0
11420	3765	3	0	14.736288	7.09	0
11421	3765	3	0	17.192337	4.254	0
11422	3765	3	0	15.964313	4.963	0
11423	3765	3	0	15.964313	6.381	0
11424	3765	3	0	17.192337	7.09	0
11425	3765	3	0	19.648384	4.254	0
11426	3765	3	0	18.420361	4.963	0
11427	3765	3	0	18.420361	6.381	0
11428	3765	3	0	19.648384	7.09	0
11429	3765	3	0	22.104433	4.254	0
11430	3765	3	0	20.876408	4.963	0
11431	3765	3	0	20.876408	6.381	0
11432	3765	3	0	22.104433	7.09	0
11433	3765	3	0	24.56048	4.254	0
11434	3765	3	0	23.332457	4.963	0
11435	3765	3	0	23.332457	6.381	0
11436	3765	3	0	24.56048	7.09	0
11437	3765	3	0	27.016529	4.254	0
11438	3765	3	0	25.788504	4.963	0
11439	3765	3	0	25.788504	6.381	0
11440	3765	3	0	27.016529	7.09	0
11441	3765	3	0	29.472576	4.254	0
11442	3765	3	0	28.244553	4.963	0
11443	3765	3	0	28.244553	6.381	0
11444	3765	3	0	29.472576	7.09	0
11445	3765	3	0	31.928625	4.254	0
11446	3765	3	0	30.7006	4.963	0
11447	3765	3	0	30.7006	6.381	0
11448	3765	3	0	31.928625	7.09	0
11449	3765	3	0	34.384674	4.254	0
11450	3765	3	0	33.156647	4.963	0
11451	3765	3	0	33.156647	6.381	0
11452	3765	3	0	34.384674	7.09	0
11453	3765	3	0	36.840721	4.254	0
11454	3765	3	0	35.612698	4.963	0
11455	3765	3	0	35.612698	6.381	0
11456	3765	3	0	36.840721	7.09	0
11457	3765	3	0	39.296768	4.254	0
11458	3765	3	0	38.068745	4.963	0
11459	3765	3	0	38.068745	6.381	0
11460	3765	3	0	39.296768	7.09	0
11461	3765	3	0	41.752815	4.254	0
11462	3765	3	0	40.524792	4.963	0
11463	3765	3	0	40.524792	6.381	0
11464	3765	3	0	41.752815	7.09	0
11465	3765	3	0	44.208866	4.254	0
11466	3765	3	0	42.980843	4.963	0
11467	3765	3	0	42.980843	6.381	0
11468	3765	3	0	44.208866	7.09	0
11469	3765	3	0	46.664913	4.254	0
11470	3765	3	0	45.43689	4.963	0
11471	3765	3	0	45.43689	6.381	0
11472	3765	3	0	46.664913	7.09	0
11473	3765	3	0	49.12096	4.254	0
11474	3765	3	0	47.892937	4.963	0
11475	3765	3	0	47.892937	6.381	0
11476	3765	3	0	49.12096	7.09	0
11477	3765	3	0	51.577007	4.254	0
11478	3765	3	0	50.348984	4.963	0
11479	3765	3	0	50.348984	6.381	0
11480	3765	3	0	51.577007	7.09	0
11481	3765	3	0	54.033058	4.254	0
11482	3765	3	0	52.805035	4.963	0
11483	3765	3	0	52.805035	6.381	0
11484	3765	3	0	54.033058	7.09	0
11485	3765	3	0	56.489105	4.254	0
11486	3765	3	0	55.261082	4.963	0
11487	3765	3	0	55.261082	6.381	0
11488	3765	3	0	56.489105	7.09	0
11489	3765	3	0	58.945152	4.254	0
11490	3765	3	0	57.717129	4.963	0
11491	3765	3	0	57.717129	6.381	0
11492	3765	3	0	58.945152	7.09	0
11493	3765	3	0	0	8.508	0
11494	3765	3	0	-1.228024	9.217	0
11495	3765	3	0	-1.228024	10.635	0
11496	3765	3	0	0	11.344	0
11497	3765	3	0	2.456048	8.508	0
11498	3765	3	0	1.228024	9.217	0
11499	3765	3	0	1.228024	10.635	0
11500	3765	3	0	2.456048	11.344	0
11501	3765	3	0	4.912096	8.508	0
11502	3765	3	0	3.684072	9.217	0
11503	3765	3	0	3.684072	10.635	0
11504	3765	3	0	4.912096	11.344	0
11505	3765	3	0	7.368144	8.508	0
11506	3765	3	0	6.14012	9.217	0
11507	3765	3	0	6.14012	10.635	0
11508	3765	3	0	7.368144	11.344	0
11509	3765	3	0	9.824192	8.508	0
11510	3765	3	0	8.596169	9.217	0
11511	3765	3	0	8.596169	10.635	0
11512	3765	3	0	9.824192	11.344	0
11513	3765	3	0	12.28024	8.508	0
11514	3765	3	0	11.052217	9.217	0
11515	3765	3	0	11.052217	10.635	0
11516	3765	3	0	12.28024	11.344	0
11517	3765	3	0	14.736288	8.508	0
11518	3765	3	0	13.508265	9.217	0
11519	3765	3	0	13.508265	10.635	0
11520	3765	3	0	14.736288	11.344	0
11521	3765	3	0	17.192337	8.508	0
11522	3765	3	0	15.964313	9.217	0
11523	3765	3	0	15.964313	10.635	0
11524	3765	3	0	17.192337	11.344	0
11525	3765	3	0	19.648384	8.508	0
11526	3765	3	0	18.420361	9.217	0
11527	3765	3	0	18.420361	10.635	0
11528	3765	3	0	19.648384	11.344	0
11529	3765	3	0	22.104433	8.508	0
11530	3765	3	0	20.876408	9.217	0
11531	3765	3	0	20.876408	10.635	0
11532	3765	3	0	22.104433	11.344	0
11533	3765	3	0	24.56048	8.508	0
11534	3765	3	0	23.332457	9.217	0
11535	3765	3	0	23.332457	10.635	0
11536	3765	3	0	24.56048	11.344	0
11537	3765	3	0	27.016529	8.508	0
11538	3765	3	0	25.788504	9.217	0
11539	3765	3	0	25.788504	10.635	0
11540	3765	3	0	27.016529	11.344	0
11541	3765	3	0	29.472576	8.508	0
11542	3765	3	0	28.244553	9.217	0
11543	3765	3	0	28.244553	10.635	0
11544	3765	3	0	29.472576	11.344	0
11545	3765	3	0	31.928625	8.508	0
11546	3765	3	0	30.7006	9.217	0
11547	3765	3	0	30.7006	10.635	0
11548	3765	3	0	31.928625	11.344	0
11549	3765	3	0	34.384674	8.508	0
11550	3765	3	0	33.156647	9.217	0
11551	3765	3	0	33.156647	10.635	0
11552	3765	3	0	34.384674	11.344	0
11553	3765	3	0	36.840721	8.508	0
11554	3765	3	0	35.612698	9.217	0
11555	3765	3	0	35.612698	10.635	0
11556	3765	3	0	36.840721	11.344	0
11557	3765	3	0	39.296768	8.508	0
11558	3765	3	0	38.068745	9.217	0
11559	3765	3	0	38.068745	10.635	0
11560	3765	3	0	39.296768	11.344	0
11561	3765	3	0	41.752815	8.508	0
11562	3765	3	0	40.524792	9.217	0
11563	3765	3	0	40.524792	10.635	0
11564	3765	3	0	41.752815	11.344	0
11565	3765	3	0	44.208866	8.508	0
11566	3765	3	0	42.980843	9.217	0
11567	3765	3	0	42.980843	10.635	0
11568	3765	3	0	44.208866	11.344	0
11569	3765	3	0	46.664913	8.508	0
11570	3765	3	0	45.43689	9.217	0
11571	3765	3	0	45.43689	10.635	0
11572	3765	3	0	46.664913	11.344	0
11573	3765	3	0	49.12096	8.508	0
11574	3765	3	0	47.892937	9.217	0
11575	3765	3	0	47.892937	10.635	0
11576	3765	3	0	49.12096	11.344	0
11577	3765	3	0	51.577007	8.508	0
11578	3765	3	0	50.348984	9.217	0
11579	3765	3	0	50.348984	10.635	0
11580	3765	3	0	51.577007	11.344	0
11581	3765	3	0	54.033058	8.508	0
11582	3765	3	0	52.805035	9.217	0
11583	3765	3	0	52.805035	10.635	0
11584	3765	3	0	54.033058	11.344	0
11585	3765	3	0	56.489105	8.508	0
11586	3765	3	0	55.261082	9.217	0
11587	3765	3	0	55.261082	10.635	0
11588	3765	3	0	56.489105	11.344	0
11589	3765	3	0	58.945152	8.508	0
11590	3765	3	0	57.717129	9.217	0
11591	3765	3	0	57.717129	10.635	0
11592	3765	3	0	58.945152	11.344	0
11593	3765	3	0	0	12.762	0
11594	3765	3	0	-1.228024	13.471	0
11595	3765	3	0	-1.228024	14.889	0
11596	3765	3	0	0	15.598	0
11597	3765	3	0	2.456048	12.762	0
11598	3765	3	0	1.228024	13.471	0
11599	3765	3	0	1.228024	14.889	0
11600	3765	3	0	2.456048	15.598	0
11601	3765	3	0	4.912096	12.762	0
11602	3765	3	0	3.684072	13.471	0
11603	3765	3	0	3.684072	14.889	0
11604	3765	3	0	4.912096	15.598	0
11605	3765	3	0	7.368144	12.762	0
11606	3765	3	0	6.14012	13.471	0
11607	3765	3	0	6.14012	14.889	0
11608	3765	3	0	7.368144	15.598	0
11609	3765	3	0	9.824192	12.762	0
11610	3765	3	0	8.596169	13.471	0
11611	3765	3	0	8.596169	14.889	0
11612	3765	3	0	9.824192	15.598	0
11613	3765	3	0	12.28024	12.762	0
11614	3765	3	0	11.052217	13.471	0
11615	3765	3	0	11.052217	14.889	0
11616	3765	3	0	12.28024	15.598	0
11617	3765	3	0	14.736288	12.762	0
11618	3765	3	0	13.508265	13.471	0
11619	3765	3	0	13.508265	14.889	0
11620	3765	3	0	14.736288	15.598	0
11621	3765	3	0	17.192337	12.762	0
11622	3765	3	0	15.964313	13.471	0
11623	3765	3	0	15.964313	14.889	0
11624	3765	3	0	17.192337	15.598	0
11625	3765	3	0	19.648384	12.762	0
11626	3765	3	0	18.420361	13.471	0
11627	3765	3	0	18.420361	14.889	0
11628	3765	3	0	19.648384	15.598	0
11629	3765	3	0	22.104433	12.762	0
11630	3765	3	0	20.876408	13.471	0
11631	3765	3	0	20.876408	14.889	0
11632	3765	3	0	22.104433	15.598	0
11633	3765	3	0	24.56048	12.762	0
11634	3765	3	0	23.332457	13.471	0
11635	3765	3	0	23.332457	14.889	0
11636	3765	3	0	24.56048	15.598	0
11637	3765	3	0	27.016529	12.762	0
11638	3765	3	0	25.788504	13.471	0
11639	3765	3	0	25.788504	14.889	0
11640	3765	3	0	27.016529	15.598	0
11641	3765	3	0	29.472576	12.762	0
11642	3765	3	0	28.244553	13.471	0
11643	3765	3	0	28.244553	14.889	0
11644	3765	3	0	29.472576	15.598	0
11645	3765	3	0	31.928625	12.762	0
11646	3765	3	0	30.7006	13.471	0
11647	3765	3	0	30.7006	14.889	0
11648	3765	3	0	31.928625	15.598	0
11649	3765	3	0	34.384674	12.762	0
11650	3765	3	0	33.156647	13.471	0
11651	3765	3	0	33.156647	14.889	0
11652	3765	3	0	34.384674	15.598	0
11653	3765	3	0	36.840721	12.762	0
11654	3765	3	0	35.612698	13.471	0
11655	3765	3	0	35.612698	14.889	0
11656	3765	3	0	36.840721	15.598	0
11657	3765	3	0	39.296768	12.762	0
11658	3765	3	0	38.068745	13.471	0
11659	3765	3	0	38.068745	14.889	0
11660	3765	3	0	39.296768	15.598	0
11661	3765	3	0	41.752815	12.762	0
11662	3765	3	0	40.524792	13.471	0
11663	3765	3	0	40.524792	14.889	0
11664	3765	3	0	41.752815	15.598	0
11665	3765	3	0	44.208866	12.762	0
11666	3765	3	0	42.980843	13.471	0
11667	3765	3	0	42.980843	14.889	0
11668	3765	3	0	44.208866	15.598	0
11669	3765	3	0	46.664913	12.762	0
11670	3765	3	0	45.43689	13.471	0
11671	3765	3	0	45.43689	14.889	0
11672	3765	3	0	46.664913	15.598	0
11673	3765	3	0	49.12096	12.762	0
11674	3765	3	0	47.892937	13.471	0
11675	3765	3	0	47.892937	14.889	0
11676	3765	3	0	49.12096	15.598	0
11677	3765	3	0	51.577007	12.762	0
11678	3765	3	0	50.348984	13.471	0
11679	3765	3	0	50.348984	14.889	0
11680	3765	3	0	51.577007	15.598	0
11681	3765	3	0	54.033058	12.762	0
11682	3765	3	0	52.805035	13.471	0
11683	3765	3	0	52.805035	14.889	0
11684	3765	3	0	54.033058	15.598	0
11685	3765	3	0	56.489105	12.762	0
11686	3765	3	0	55.261082	13.471	0
11687	3765	3	0	55.261082	14.889	0
11688	3765	3	0	56.489105	15.598	0
11689	3765	3	0	58.945152	12.762	0
11690	3765	3	0	57.717129	13.471	0
11691	3765	3	0	57.717129	14.889	0
11692	3765	3	0	58.945152	15.598	0
11693	3765	3	0	0	17.016001	0
11694	3765	3	0	-1.228024	17.725	0
11695	3765	3	0	-1.228024	19.143	0
11696	3765	3	0	0	19.851999	0
11697	3765	3	0	2.456048	17.016001	0
11698	3765	3	0	1.228024	17.725	0
11699	3765	3	0	1.228024	19.143	0
11700	3765	3	0	2.456048	19.851999	0
11701	3765	3	0	4.912096	17.016001	0
11702	3765	3	0	3.684072	17.725	0
11703	3765	3	0	3.684072	19.143	0
11704	3765	3	0	4.912096	19.851999	0
11705	3765	3	0	7.368144	17.016001	0
11706	3765	3	0	6.14012	17.725	0
11707	3765	3	0	6.14012	19.143	0
11708	3765	3	0	7.368144	19.851999	0
11709	3765	3	0	9.824192	17.016001	0
11710	3765	3	0	8.596169	17.725	0
11711	3765	3	0	8.596169	19.143	0
11712	3765	3	0	9.824192	19.851999	0
11713	3765	3	0	12.28024	17.016001	0
11714	3765	3	0	11.052217	17.725	0
11715	3765	3	0	11.052217	19.143	0
11716	3765	3	0	12.28024	19.851999	0
11717	3765	3	0	14.736288	17.016001	0
11718	3765	3	0	13.508265	17.725	0
11719	3765	3	0	13.508265	19.143	0
11720	3765	3	0	14.736288	19.851999	0
11721	3765	3	0	17.192337	17.016001	0
11722	3765	3	0	15.964313	17.725	0
11723	3765	3	0	15.964313	19.143	0
11724	3765	3	0	17.192337	19.851999	0
11725	3765	3	0	19.648384	17.016001	0
11726	3765	3	0	18.420361	17.725	0
11727	3765	3	0	18.420361	19.143	0
11728	3765	3	0	19.648384	19.851999	0
11729	3765	3	0	22.104433	17.016001	0
11730	3765	3	0	20.876408	17.725	0
11731	3765	3	0	20.876408	19.143	0
11732	3765	3	0	22.104433	19.851999	0
11733	3765	3	0	24.56048	17.016001	0
11734	3765	3	0	23.332457	17.725	0
11735	3765	3	0	23.332457	19.143	0
11736	3765	3	0	24.56048	19.851999	0
11737	3765	3	0	27.016529	17.016001	0
11738	3765	3	0	25.788504	17.725	0
11739	3765	3	0	25.788504	19.143	0
11740	3765	3	0	27.016529	19.851999	0
11741	3765	3	0	29.472576	17.016001	0
11742	3765	3	0	28.244553	17.725	0
11743	3765	3	0	28.244553	19.143	0
11744	3765	3	0	29.472576	19.851999	0
11745	3765	3	0	31.928625	17.016001	0
11746	3765	3	0	30.7006	17.725	0
11747	3765	3	0	30.7006	19.143	0
11748	3765	3	0	31.928625	19.851999	0
11749	3765	3	0	34.384674	17.016001	0
11750	3765	3	0	33.156647	17.725	0
11751	3765	3	0	33.156647	19.143	0
11752	3765	3	0	34.384674	19.851999	0
11753	3765	3	0	36.840721	17.016001	0
11754	3765	3	0	35.612698	17.725	0
11755	3765	3	0	35.612698	19.143	0
11756	3765	3	0	36.840721	19.851999	0
11757	3765	3	0	39.296768	17.016001	0
11758	3765	3	0	38.068745	17.725	0
11759	3765	3	0	38.068745	19.143	0
11760	3765	3	0	39.296768	19.851999	0
11761	3765	3	0	41.752815	17.016001	0
11762	3765	3	0	40.524792	17.725	0
11763	3765	3	0	40.524792	19.143	0
11764	3765	3	0	41.752815	19.851999	0
11765	3765	3	0	44.208866	17.016001	0
11766	3765	3	0	42.980843	17.725	0
11767	3765	3	0	42.980843	19.143	0
11768	3765	3	0	44.208866	19.851999	0
11769	3765	3	0	46.664913	17.016001	0
11770	3765	3	0	45.43689	17.725	0
11771	3765	3	0	45.43689	19.143	0
11772	3765	3	0	46.664913	19.851999	0
11773	3765	3	0	49.12096	17.016001	0
11774	3765	3	0	47.892937	17.725	0
11775	3765	3	0	47.892937	19.143	0
11776	3765	3	0	49.12096	19.851999	0
11777	3765	3	0	51.577007	17.016001	0
11778	3765	3	0	50.348984	17.725	0
11779	3765	3	0	50.348984	19.143	0
11780	3765	3	0	51.577007	19.851999	0
11781	3765	3	0	54.033058	17.016001	0
11782	3765	3	0	52.805035	17.725	0
11783	3765	3	0	52.805035	19.143	0
11784	3765	3	0	54.033058	19.851999	0
11785	3765	3	0	56.489105	17.016001	0
11786	3765	3	0	55.261082	17.725	0
11787	3765	3	0	55.261082	19.143	0
11788	3765	3	0	56.489105	19.851999	0
11789	3765	3	0	58.945152	17.016001	0
11790	3765	3	0	57.717129	17.725	0
11791	3765	3	0	57.717129	19.143	0
11792	3765	3	0	58.945152	19.851999	0
11793	3765	3	0	0	21.27	0
11794	3765	3	0	-1.228024	21.979	0
11795	3765	3	0	-1.228024	23.396999	0
11796	3765	3	0	0	24.106001	0
11797	3765	3	0	2.456048	21.27	0
11798	3765	3	0	1.228024	21.979	0
11799	3765	3	0	1.228024	23.396999	0
11800	3765	3	0	2.456048	24.106001	0
11801	3765	3	0	4.912096	21.27	0
11802	3765	3	0	3.684072	21.979	0
11803	3765	3	0	3.684072	23.396999	0
11804	3765	3	0	4.912096	24.106001	0
11805	3765	3	0	7.368144	21.27	0
11806	3765	3	0	6.14012	21.979	0
11807	3765	3	0	6.14012	23.396999	0
11808	3765	3	0	7.368144	24.106001	0
11809	3765	3	0	9.824192	21.27	0
11810	3765	3	0	8.596169	21.979	0
11811	3765	3	0	8.596169	23.396999	0
11812	3765	3	0	9.824192	24.106001	0
11813	3765	3	0	12.28024	21.27	0
11814	3765	3	0	11.052217	21.979	0
11815	3765	3	0	11.052217	23.396999	0
11816	3765	3	0	12.28024	24.106001	0
11817	3765	3	0	14.736288	21.27	0
11818	3765	3	0	13.508265	21.979	0
11819	3765	3	0	13.508265	23.396999	0
11820	3765	3	0	14.736288	24.106001	0
11821	3765	3	0	17.192337	21.27	0
11822	3765	3	0	15.964313	21.979	0
11823	3765	3	0	15.964313	23.396999	0
11824	3765	3	0	17.192337	24.106001	0
11825	3765	3	0	19.648384	21.27	0
11826	3765	3	0	18.420361	21.979	0
11827	3765	3	0	18.420361	23.396999	0
11828	3765	3	0	19.648384	24.106001	0
11829	3765	3	0	22.104433	21.27	0
11830	3765	3	0	20.876408	21.979	0
11831	3765	3	0	20.876408	23.396999	0
11832	3765	3	0	22.104433	24.106001	0
11833	3765	3	0	24.56048	21.27	0
11834	3765	3	0	23.332457	21.979	0
11835	3765	3	0	23.332457	23.396999	0
11836	3765	3	0	24.56048	24.106001	0
11837	3765	3	0	27.016529	21.27	0
11838	3765	3	0	25.788504	21.979	0
11839	3765	3	0	25.788504	23.396999	0
11840	3765	3	0	27.016529	24.106001	0
11841	3765	3	0	29.472576	21.27	0
11842	3765	3	0	28.244553	21.979	0
11843	3765	3	0	28.244553	23.396999	0
11844	3765	3	0	29.472576	24.106001	0
11845	3765	3	0	31.928625	21.27	0
11846	3765	3	0	30.7006	21.979	0
11847	3765	3	0	30.7006	23.396999	0
11848	3765	3	0	31.928625	24.106001	0
11849	3765	3	0	34.384674	21.27	0
11850	3765	3	0	33.156647	21.979	0
11851	3765	3	0	33.156647	23.396999	0
11852	3765	3	0	34.384674	24.106001	0
11853	3765	3	0	36.840721	21.27	0
11854	3765	3	0	35.612698	21.979	0
11855	3765	3	0	35.612698	23.396999	0
11856	3765	3	0	36.840721	24.106001	0
11857	3765	3	0	39.296768	21.27	0
11858	3765	3	0	38.068745	21.979	0
11859	3765	3	0	38.068745	23.396999	0
11860	3765	3	0	39.296768	24.106001	0
11861	3765	3	0	41.752815	21.27	0
11862	3765	3	0	40.524792	21.979	0
11863	3765	3	0	40.524792	23.396999	0
11864	3765	3	0	41.752815	24.106001	0
11865	3765	3	0	44.208866	21.27	0
11866	3765	3	0	42.980843	21.979	0
11867	3765	3	0	42.980843	23.396999	0
11868	3765	3	0	44.208866	24.106001	0
11869	3765	3	0	46.664913	21.27	0
11870	3765	3	0	45.43689	21.979	0
11871	3765	3	0	45.43689	23.396999	0
11872	3765	3	0	46.664913	24.106001	0
11873	3765	3	0	49.12096	21.27	0
11874	3765	3	0	47.892937	21.979	0
11875	3765	3	0	47.892937	23.396999	0
11876	3765	3	0	49.12096	24.106001	0
11877	3765	3	0	51.577007	21.27	0
11878	3765	3	0	50.348984	21.979	0
11879	3765	3	0	50.348984	23.396999	0
11880	3765	3	0	51.577007	24.106001	0
11881	3765	3	0	54.033058	21.27	0
11882	3765	3	0	52.805035	21.979	0
11883	3765	3	0	52.805035	23.396999	0
11884	3765	3	0	54.033058	24.106001	0
11885	3765	3	0	56.489105	21.27	0
11886	3765	3	0	55.261082	21.979	0
11887	3765	3	0	55.261082	23.396999	0
11888	3765	3	0	56.489105	24.106001	0
11889	3765	3	0	58.945152	21.27	0
11890	3765	3	0	57.717129	21.979	0
11891	3765	3	0	57.717129	23.396999	0
11892	3765	3	0	58.945152	24.106001	0
11893	3765	3	0	0	25.524	0
11894	3765	3	0	-1.228024	26.233	0
11895	3765	3	0	-1.228024	27.650999	0
11896	3765	3	0	0	28.360001	0
11897	3765	3	0	2.456048	25.524	0
11898	3765	3	0	1.228024	26.233	0
11899	3765	3	0	1.228024	27.650999	0
11900	3765	3	0	2.456048	28.360001	0
11901	3765	3	0	4.912096	25.524	0
11902	3765	3	0	3.684072	26.233	0
11903	3765	3	0	3.684072	27.650999	0
11904	3765	3	0	4.912096	28.360001	0
11905	3765	3	0	7.368144	25.524	0
11906	3765	3	0	6.14012	26.233	0
11907	3765	3	0	6.14012	27.650999	0
11908	3765	3	0	7.368144	28.360001	0
11909	3765	3	0	9.824192	25.524	0
11910	3765	3	0	8.596169	26.233	0
11911	3765	3	0	8.596169	27.650999	0
11912	3765	3	0	9.824192	28.360001	0
11913	3765	3	0	12.28024	25.524	0
11914	3765	3	0	11.052217	26.233	0
11915	3765	3	0	11.052217	27.650999	0
11916	3765	3	0	12.28024	28.360001	0
11917	3765	3	0	14.736288	25.524	0
11918	3765	3	0	13.508265	26.233	0
11919	3765	3	0	13.508265	27.650999	0
11920	3765	3	0	14.736288	28.360001	0
11921	3765	3	0	17.192337	25.524	0
11922	3765	3	0	15.964313	26.233	0
11923	3765	3	0	15.964313	27.650999	0
11924	3765	3	0	17.192337	28.360001	0
11925	3765	3	0	19.648384	25.524	0
11926	3765	3	0	18.420361	26.233	0
11927	3765	3	0	18.420361	27.650999	0
11928	3765	3	0	19.648384	28.360001	0
11929	3765	3	0	22.104433	25.524	0
11930	3765	3	0	20.876408	26.233	0
11931	3765	3	0	20.876408	27.650999	0
11932	3765	3	0	22.104433	28.360001	0
11933	3765	3	0	24.56048	25.524	0
11934	3765	3	0	23.332457	26.233	0
11935	3765	3	0	23.332457	27.650999	0
11936	3765	3	0	24.56048	28.360001	0
11937	3765	3	0	27.016529	25.524	0
11938	3765	3	0	25.788504	26.233	0
11939	3765	3	0	25.788504	27.650999	0
11940	3765	3	0	27.016529	28.360001	0
11941	3765	3	0	29.472576	25.524	0
11942	3765	3	0	28.244553	26.233	0
11943	3765	3	0	28.244553	27.650999	0
11944	3765	3	0	29.472576	28.360001	0
11945	3765	3	0	31.928625	25.524	0
11946	3765	3	0	30.7006	26.233	0
11947	3765	3	0	30.7006	27.650999	0
11948	3765	3	0	31.928625	28.360001	0
11949	3765	3	0	34.384674	25.524	0
11950	3765	3	0	33.156647	26.233	0
11951	3765	3	0	33.156647	27.650999	0
11952	3765	3	0	34.384674	28.360001	0
11953	3765	3	0	36.840721	25.524	0
11954	3765	3	0	35.612698	26.233	0
11955	3765	3	0	35.612698	27.650999	0
11956	3765	3	0	36.840721	28.360001	0
11957	3765	3	0	39.296768	25.524	0
11958	3765	3	0	38.068745	26.233	0
11959	3765	3	0	38.068745	27.650999	0
11960	3765	3	0	39.296768	28.360001	0
11961	3765	3	0	41.752815	25.524	0
11962	3765	3	0	40.524792	26.233	0
11963	3765	3	0	40.524792	27.650999	0
11964	3765	3	0	41.752815	28.360001	0
11965	3765	3	0	44.208866	25.524	0
11966	3765	3	0	42.980843	26.233	0
11967	3765	3	0	42.980843	27.650999	0
11968	3765	3	0	44.208866	28.360001	0
11969	3765	3	0	46.664913	25.524	0
11970	3765	3	0	45.43689	26.233	0
11971	3765	3	0	45.43689	27.650999	0
11972	3765	3	0	46.664913	28.360001	0
11973	3765	3	0	49.12096	25.524	0
11974	3765	3	0	47.892937	26.233	0
11975	3765	3	0	47.892937	27.650999	0
11976	3765	3	0	49.12096	28.360001	0
11977	3765	3	0	51.577007	25.524	0
11978	3765	3	0	50.348984	26.233	0
11979	3765	3	0	50.348984	27.650999	0
11980	3765	3	0	51.577007	28.360001	0
11981	3765	3	0	54.033058	25.524	0
11982	3765	3	0	52.805035	26.233	0
11983	3765	3	0	52.805035	27.650999	0
11984	3765	3	0	54.033058	28.360001	0
11985	3765	3	0	56.489105	25.524	0
11986	3765	3	0	55.261082	26.233	0
11987	3765	3	0	55.261082	27.650999	0
11988	3765	3	0	56.489105	28.360001	0
11989	3765	3	0	58.945152	25.524	0
11990	3765	3	0	57.717129	26.233	0
11991	3765	3	0	57.717129	27.650999	0
11992	3765	3	0	58.945152	28.360001	0
11993	3765	3	0	0	29.778	0
11994	3765	3	0	-1.228024	30.487	0
11995	3765	3	0	-1.228024	31.905001	0
11996	3765	3	0	0	32.613998	0
11997	3765	3	0	2.456048	29.778	0
11998	3765	3	0	1.228024	30.487	0
11999	3765	3	0	1.228024	31.905001	0
12000	3765	3	0	2.456048	32.613998	0
12001	3765	3	0	4.912096	29.778	0
12002	3765	3	0	3.684072	30.487	0
12003	3765	3	0	3.684072	31.905001	0
12004	3765	3	0	4.912096	32.613998	0
12005	3765	3	0	7.368144	29.778	0
12006	3765	3	0	6.14012	30.487	0
12007	3765	3	0	6.14012	31.905001	0
12008	3765	3	0	7.368144	32.613998	0
12009	3765	3	0	9.824192	29.778	0
12010	3765	3	0	8.596169	30.487	0
12011	3765	3	0	8.596169	31.905001	0
12012	3765	3	0	9.824192	32.613998	0
12013	3765	3	0	12.28024	29.778	0
12014	3765	3	0	11.052217	30.487	0
12015	3765	3	0	11.052217	31.905001	0
12016	3765	3	0	12.28024	32.613998	0
12017	3765	3	0	14.736288	29.778	0
12018	3765	3	0	13.508265	30.487	0
12019	3765	3	0	13.508265	31.905001	0
12020	3765	3	0	14.736288	32.613998	0
12021	3765	3	0	17.192337	29.778	0
12022	3765	3	0	15.964313	30.487	0
12023	3765	3	0	15.964313	31.905001	0
12024	3765	3	0	17.192337	32.613998	0
12025	3765	3	0	19.648384	29.778	0
12026	3765	3	0	18.420361	30.487	0
12027	3765	3	0	18.420361	31.905001	0
12028	3765	3	0	19.648384	32.613998	0
12029	3765	3	0	22.104433	29.778	0
12030	3765	3	0	20.876408	30.487	0
12031	3765	3	0	20.876408	31.905001	0
12032	3765	3	0	22.104433	32.613998	0
12033	3765	3	0	24.56048	29.778	0
12034	3765	3	0	23.332457	30.487	0
12035	3765	3	0	23.332457	31.905001	0
12036	3765	3	0	24.56048	32.613998	0
12037	3765	3	0	27.016529	29.778	0
12038	3765	3	0	25.788504	30.487	0
12039	3765	3	0	25.788504	31.905001	0
12040	3765	3	0	27.016529	32.613998	0
12041	3765	3	0	29.472576	29.778	0
12042	3765	3	0	28.244553	30.487	0
12043	3765	3	0	28.244553	31.905001	0
12044	3765	3	0	29.472576	32.613998	0
12045	3765	3	0	31.928625	29.778	0
12046	3765	3	0	30.7006	30.487	0
12047	3765	3	0	30.7006	31.905001	0
12048	3765	3	0	31.928625	32.613998	0
12049	3765	3	0	34.384674	29.778	0
12050	3765	3	0	33.156647	30.487	0
12051	3765	3	0	33.156647	31.905001	0
12052	3765	3	0	34.384674	32.613998	0
12053	3765	3	0	36.840721	29.778	0
12054	3765	3	0	35.612698	30.487	0
12055	3765	3	0	35.612698	31.905001	0
12056	3765	3	0	36.840721	32.613998	0
12057	3765	3	0	39.296768	29.778	0
12058	3765	3	0	38.068745	30.487	0
12059	3765	3	0	38.068745	31.905001	0
12060	3765	3	0	39.296768	32.613998	0
12061	3765	3	0	41.752815	29.778	0
12062	3765	3	0	40.524792	30.487	0
12063	3765	3	0	40.524792	31.905001	0
12064	3765	3	0	41.752815	32.613998	0
12065	3765	3	0	44.208866	29.778	0
12066	3765	3	0	42.980843	30.487	0
12067	3765	3	0	42.980843	31.905001	0
12068	3765	3	0	44.208866	32.613998	0
12069	3765	3	0	46.664913	29.778	0
12070	3765	3	0	45.43689	30.487	0
12071	3765	3	0	45.43689	31.905001	0
12072	3765	3	0	46.664913	32.613998	0
12073	3765	3	0	49.12096	29.778	0
12074	3765	3	0	47.892937	30.487	0
12075	3765	3	0	47.892937	31.905001	0
12076	3765	3	0	49.12096	32.613998	0
12077	3765	3	0	51.577007	29.778	0
12078	3765	3	0	50.348984	30.487	0
12079	3765	3	0	50.348984	31.905001	0
12080	3765	3	0	51.577007	32.613998	0
12081	3765	3	0	54.033058	29.778	0
12082	3765	3	0	52.805035	30.487	0
12083	3765	3	0	52.805035	31.905001	0
12084	3765	3	0	54.033058	32.613998	0
12085	3765	3	0	56.489105	29.778	0
12086	3765	3	0	55.261082	30.487	0
12087	3765	3	0	55.261082	31.905001	0
12088	3765	3	0	56.489105	32.613998	0
12089	3765	3	0	58.945152	29.778	0
12090	3765	3	0	57.717129	30.487	0
12091	3765	3	0	57.717129	31.905001	0
12092	3765	3	0	58.945152	32.613998	0
12093	3765	3	0	0	34.032001	0
12094	3765	3	0	-1.228024	34.741001	0
12095	3765	3	0	-1.228024	36.159	0
12096	3765	3	0	0	36.868	0
12097	3765	3	0	2.456048	34.032001	0
12098	3765	3	0	1.228024	34.741001	0
12099	3765	3	0	1.228024	36.159	0
12100	3765	3	0	2.456048	36.868	0
12101	3765	3	0	4.912096	34.032001	0
12102	3765	3	0	3.684072	34.741001	0
12103	3765	3	0	3.684072	36.159	0
12104	3765	3	0	4.912096	36.868	0
12105	3765	3	0	7.368144	34.032001	0
12106	3765	3	0	6.14012	34.741001	0
12107	3765	3	0	6.14012	36.159	0
12108	3765	3	0	7.368144	36.868	0
12109	3765	3	0	9.824192	34.032001	0
12110	3765	3	0	8.596169	34.741001	0
12111	3765	3	0	8.596169	36.159	0
12112	3765	3	0	9.824192	36.868	0
12113	3765	3	0	12.28024	34.032001	0
12114	3765	3	0	11.052217	34.741001	0
12115	3765	3	0	11.052217	36.159	0
12116	3765	3	0	12.28024	36.868	0
12117	3765	3	0	14.736288	34.032001	0
12118	3765	3	0	13.508265	34.741001	0
12119	3765	3	0	13.508265	36.159	0
12120	3765	3	0	14.736288	36.868	0
12121	3765	3	0	17.192337	34.032001	0
12122	3765	3	0	15.964313	34.741001	0
12123	3765	3	0	15.964313	36.159	0
12124	3765	3	0	17.192337	36.868	0
12125	3765	3	0	19.648384	34.032001	0
12126	3765	3	0	18.420361	34.741001	0
12127	3765	3	0	18.420361	36.159	0
12128	3765	3	0	19.648384	36.868	0
12129	3765	3	0	22.104433	34.032001	0
12130	3765	3	0	20.876408	34.741001	0
12131	3765	3	0	20.876408	36.159	0
12132	3765	3	0	22.104433	36.868	0
12133	3765	3	0	24.56048	34.032001	0
12134	3765	3	0	23.332457	34.741001	0
12135	3765	3	0	23.332457	36.159	0
12136	3765	3	0	24.56048	36.868	0
12137	3765	3	0	27.016529	34.032001	0
12138	3765	3	0	25.788504	34.741001	0
12139	3765	3	0	25.788504	36.159	0
12140	3765	3	0	27.016529	36.868	0
12141	3765	3	0	29.472576	34.032001	0
12142	3765	3	0	28.244553	34.741001	0
12143	3765	3	0	28.244553	36.159	0
12144	3765	3	0	29.472576	36.868	0
12145	3765	3	0	31.928625	34.032001	0
12146	3765	3	0	30.7006	34.741001	0
12147	3765	3	0	30.7006	36.159	0
12148	3765	3	0	31.928625	36.868	0
12149	3765	3	0	34.384674	34.032001	0
12150	3765	3	0	33.156647	34.741001	0
12151	3765	3	0	33.156647	36.159	0
12152	3765	3	0	34.384674	36.868	0
12153	3765	3	0	36.840721	34.032001	0
12154	3765	3	0	35.612698	34.741001	0
12155	3765	3	0	35.612698	36.159	0
12156	3765	3	0	36.840721	36.868	0
12157	3765	3	0	39.296768	34.032001	0
12158	3765	3	0	38.068745	34.741001	0
12159	3765	3	0	38.068745	36.159	0
12160	3765	3	0	39.296768	36.868	0
12161	3765	3	0	41.752815	34.032001	0
12162	3765	3	0	40.524792	34.741001	0
12163	3765	3	0	40.524792	36.159	0
12164	3765	3	0	41.752815	36.868	0
12165	3765	3	0	44.208866	34.032001	0
12166	3765	3	0	42.980843	34.741001	0
12167	3765	3	0	42.980843	36.159	0
12168	3765	3	0	44.208866	36.868	0
12169	3765	3	0	46.664913	34.032001	0
12170	3765	3	0	45.43689	34.741001	0
12171	3765	3	0	45.43689	36.159	0
12172	3765	3	0	46.664913	36.868	0
12173	3765	3	0	49.12096	34.032001	0
12174	3765	3	0	47.892937	34.741001	0
12175	3765	3	0	47.892937	36.159	0
12176	3765	3	0	49.12096	36.868	0
12177	3765	3	0	51.577007	34.032001	0
12178	3765	3	0	50.348984	34.741001	0
12179	3765	3	0	50.348984	36.159	0
12180	3765	3	0	51.577007	36.868	0
12181	3765	3	0	54.033058	34.032001	0
12182	3765	3	0	52.805035	34.741001	0
12183	3765	3	0	52.805035	36.159	0
12184	3765	3	0	54.033058	36.868	0
12185	3765	3	0	56.489105	34.032001	0
12186	3765	3	0	55.261082	34.741001	0
12187	3765	3	0	55.261082	36.159	0
12188	3765	3	0	56.489105	36.868	0
12189	3765	3	0	58.945152	34.032001	0
12190	3765	3	0	57.717129	34.741001	0
12191	3765	3	0	57.717129	36.159	0
12192	3765	3	0	58.945152	36.868	0
12193	3765	3	0	0	38.285999	0
12194	3765	3	0	-1.228024	38.994999	0
12195	3765	3	0	-1.228024	40.412998	0
12196	3765	3	0	0	41.122002	0
12197	3765	3	0	2.456048	38.285999	0
12198	3765	3	0	1.228024	38.994999	0
12199	3765	3	0	1.228024	40.412998	0
12200	3765	3	0	2.456048	41.122002	0
12201	3765	3	0	4.912096	38.285999	0
12202	3765	3	0	3.684072	38.994999	0
12203	3765	3	0	3.684072	40.412998	0
12204	3765	3	0	4.912096	41.122002	0
12205	3765	3	0	7.368144	38.285999	0
12206	3765	3	0	6.14012	38.994999	0
12207	3765	3	0	6.14012	40.412998	0
12208	3765	3	0	7.368144	41.122002	0
12209	3765	3	0	9.824192	38.285999	0
12210	3765	3	0	8.596169	38.994999	0
12211	3765	3	0	8.596169	40.412998	0
12212	3765	3	0	9.824192	41.122002	0
12213	3765	3	0	12.28024	38.285999	0
12214	3765	3	0	11.052217	38.994999	0
12215	3765	3	0	11.052217	40.412998	0
12216	3765	3	0	12.28024	41.122002	0
12217	3765	3	0	14.736288	38.285999	0
12218	3765	3	0	13.508265	38.994999	0
12219	3765	3	0	13.508265	40.412998	0
12220	3765	3	0	14.736288	41.122002	0
12221	3765	3	0	17.192337	38.285999	0
12222	3765	3	0	15.964313	38.994999	0
12223	3765	3	0	15.964313	40.412998	0
12224	3765	3	0	17.192337	41.122002	0
12225	3765	3	0	19.648384	38.285999	0
12226	3765	3	0	18.420361	38.994999	0
12227	3765	3	0	18.420361	40.412998	0
12228	3765	3	0	19.648384	41.122002	0
12229	3765	3	0	22.104433	38.285999	0
12230	3765	3	0	20.876408	38.994999	0
12231	3765	3	0	20.876408	40.412998	0
12232	3765	3	0	22.104433	41.122002	0
12233	3765	3	0	24.56048	38.285999	0
12234	3765	3	0	23.332457	38.994999	0
12235	3765	3	0	23.332457	40.412998	0
12236	3765	3	0	24.56048	41.122002	0
12237	3765	3	0	27.016529	38.285999	0
12238	3765	3	0	25.788504	38.994999	0
12239	3765	3	0	25.788504	40.412998	0
12240	3765	3	0	27.016529	41.122002	0
12241	3765	3	0	29.472576	38.285999	0
12242	3765	3	0	28.244553	38.994999	0
12243	3765	3	0	28.244553	40.412998	0
12244	3765	3	0	29.472576	41.122002	0
12245	3765	3	0	31.928625	38.285999	0
12246	3765	3	0	30.7006	38.994999	0
12247	3765	3	0	30.7006	40.412998	0
12248	3765	3	0	31.928625	41.122002	0
12249	3765	3	0	34.384674	38.285999	0
12250	3765	3	0	33.156647	38.994999	0
12251	3765	3	0	33.156647	40.412998	0
12252	3765	3	0	34.384674	41.122002	0
12253	3765	3	0	36.840721	38.285999	0
12254	3765	3	0	35.612698	38.994999	0
12255	3765	3	0	35.612698	40.412998	0
12256	3765	3	0	36.840721	41.122002	0
12257	3765	3	0	39.296768	38.285999	0
12258	3765	3	0	38.068745	38.994999	0
12259	3765	3	0	38.068745	40.412998	0
12260	3765	3	0	39.296768	41.122002	0
12261	3765	3	0	41.752815	38.285999	0
12262	3765	3	0	40.524792	38.994999	0
12263	3765	3	0	40.524792	40.412998	0
12264	3765	3	0	41.752815	41.122002	0
12265	3765	3	0	44.208866	38.285999	0
12266	3765	3	0	42.980843	38.994999	0
12267	3765	3	0	42.980843	40.412998	0
12268	3765	3	0	44.208866	41.122002	0
12269	3765	3	0	46.664913	38.285999	0
12270	3765	3	0	45.43689	38.994999	0
12271	3765	3	0	45.43689	40.412998	0
12272	3765	3	0	46.664913	41.122002	0
12273	3765	3	0	49.12096	38.285999	0
12274	3765	3	0	47.892937	38.994999	0
12275	3765	3	0	47.892937	40.412998	0
12276	3765	3	0	49.12096	41.122002	0
12277	3765	3	0	51.577007	38.285999	0
12278	3765	3	0	50.348984	38.994999	0
12279	3765	3	0	50.348984	40.412998	0
12280	3765	3	0	51.577007	41.122002	0
12281	3765	3	0	54.033058	38.285999	0
12282	3765	3	0	52.805035	38.994999	0
12283	3765	3	0	52.805035	40.412998	0
12284	3765	3	0	54.033058	41.122002	0
12285	3765	3	0	56.489105	38.285999	0
12286	3765	3	0	55.261082	38.994999	0
12287	3765	3	0	55.261082	40.412998	0
12288	3765	3	0	56.489105	41.122002	0
12289	3765	3	0	58.945152	38.285999	0
12290	3765	3	0	57.717129	38.994999	0
12291	3765	3	0	57.717129	40.412998	0
12292	3765	3	0	58.945152	41.122002	0
12293	3765	3	0	0	42.540001	0
12294	3765	3	0	-1.228024	43.249001	0
12295	3765	3	0	-1.228024	44.667	0
12296	3765	3	0	0	45.375999	0
12297	3765	3	0	2.456048	42.540001	0
12298	3765	3	0	1.228024	43.249001	0
12299	3765	3	0	1.228024	44.667	0
12300	3765	3	0	2.456048	45.375999	0
12301	3765	3	0	4.912096	42.540001	0
12302	3765	3	0	3.684072	43.249001	0
12303	3765	3	0	3.684072	44.667	0
12304	3765	3	0	4.912096	45.375999	0
12305	3765	3	0	7.368144	42.540001	0
12306	3765	3	0	6.14012	43.249001	0
12307	3765	3	0	6.14012	44.667	0
12308	3765	3	0	7.368144	45.375999	0
12309	3765	3	0	9.824192	42.540001	0
12310	3765	3	0	8.596169	43.249001	0
12311	3765	3	0	8.596169	44.667	0
12312	3765	3	0	9.824192	45.375999	0
12313	3765	3	0	12.28024	42.540001	0
12314	3765	3	0	11.052217	43.249001	0
12315	3765	3	0	11.052217	44.667	0
12316	3765	3	0	12.28024	45.375999	0
12317	3765	3	0	14.736288	42.540001	0
12318	3765	3	0	13.508265	43.249001	0
12319	3765	3	0	13.508265	44.667	0
12320	3765	3	0	14.736288	45.375999	0
12321	3765	3	0	17.192337	42.540001	0
12322	3765	3	0	15.964313	43.249001	0
12323	3765	3	0	15.964313	44.667	0
12324	3765	3	0	17.192337	45.375999	0
12325	3765	3	0	19.648384	42.540001	0
12326	3765	3	0	18.420361	43.249001	0
12327	3765	3	0	18.420361	44.667	0
12328	3765	3	0	19.648384	45.375999	0
12329	3765	3	0	22.104433	42.540001	0
12330	3765	3	0	20.876408	43.249001	0
12331	3765	3	0	20.876408	44.667	0
12332	3765	3	0	22.104433	45.375999	0
12333	3765	3	0	24.56048	42.540001	0
12334	3765	3	0	23.332457	43.249001	0
12335	3765	3	0	23.332457	44.667	0
12336	3765	3	0	24.56048	45.375999	0
12337	3765	3	0	27.016529	42.540001	0
12338	3765	3	0	25.788504	43.249001	0
12339	3765	3	0	25.788504	44.667	0
12340	3765	3	0	27.016529	45.375999	0
12341	3765	3	0	29.472576	42.540001	0
12342	3765	3	0	28.244553	43.249001	0
12343	3765	3	0	28.244553	44.667	0
12344	3765	3	0	29.472576	45.375999	0
12345	3765	3	0	31.928625	42.540001	0
12346	3765	3	0	30.7006	43.249001	0
12347	3765	3	0	30.7006	44.667	0
12348	3765	3	0	31.928625	45.375999	0
12349	3765	3	0	34.384674	42.540001	0
12350	3765	3	0	33.156647	43.249001	0
12351	3765	3	0	33.156647	44.667	0
12352	3765	3	0	34.384674	45.375999	0
12353	3765	3	0	36.840721	42.540001	0
12354	3765	3	0	35.612698	43.249001	0
12355	3765	3	0	35.612698	44.667	0
12356	3765	3	0	36.840721	45.375999	0
12357	3765	3	0	39.296768	42.540001	0
12358	3765	3	0	38.068745	43.249001	0
12359	3765	3	0	38.068745	44.667	0
12360	3765	3	0	39.296768	45.375999	0
12361	3765	3	0	41.752815	42.540001	0
12362	3765	3	0	40.524792	43.249001	0
12363	3765	3	0	40.524792	44.667	0
12364	3765	3	0	41.752815	45.375999	0
12365	3765	3	0	44.208866	42.540001	0
12366	3765	3	0	42.980843	43.249001	0
12367	3765	3	0	42.980843	44.667	0
12368	3765	3	0	44.208866	45.375999	0
12369	3765	3	0	46.664913	42.540001	0
12370	3765	3	0	45.43689	43.249001	0
12371	3765	3	0	45.43689	44.667	0
12372	3765	3	0	46.664913	45.375999	0
12373	3765	3	0	49.12096	42.540001	0
12374	3765	3	0	47.892937	43.249001	0
12375	3765	3	0	47.892937	44.667	0
12376	3765	3	0	49.12096	45.375999	0
12377	3765	3	0	51.577007	42.540001	0
12378	3765	3	0	50.348984	43.249001	0
12379	3765	3	0	50.348984	44.667	0
12380	3765	3	0	51.577007	45.375999	0
12381	3765	3	0	54.033058	42.540001	0
12382	3765	3	0	52.805035	43.249001	0
12383	3765	3	0	52.805035	44.667	0
12384	3765	3	0	54.033058	45.375999	0
12385	3765	3	0	56.489105	42.540001	0
12386	3765	3	0	55.261082	43.249001	0
12387	3765	3	0	55.261082	44.667	0
12388	3765	3	0	56.489105	45.375999	0
12389	3765	3	0	58.945152	42.540001	0
12390	3765	3	0	57.717129	43.249001	0
12391	3765	3	0	57.717129	44.667	0
12392	3765	3	0	58.945152	45.375999	0
12393	3765	3	0	0	46.793999	0
12394	3765	3	0	-1.228024	47.502998	0
12395	3765	3	0	-1.228024	48.921001	0
12396	3765	3	0	0	49.630001	0
12397	3765	3	0	2.456048	46.793999	0
12398	3765	3	0	1.228024	47.502998	0
12399	3765	3	0	1.228024	48.921001	0
12400	3765	3	0	2.456048	49.630001	0
12401	3765	3	0	4.912096	46.793999	0
12402	3765	3	0	3.684072	47.502998	0
12403	3765	3	0	3.684072	48.921001	0
12404	3765	3	0	4.912096	49.630001	0
12405	3765	3	0	7.368144	46.793999	0
12406	3765	3	0	6.14012	47.502998	0
12407	3765	3	0	6.14012	48.921001	0
12408	3765	3	0	7.368144	49.630001	0
12409	3765	3	0	9.824192	46.793999	0
12410	3765	3	0	8.596169	47.502998	0
12411	3765	3	0	8.596169	48.921001	0
12412	3765	3	0	9.824192	49.630001	0
12413	3765	3	0	12.28024	46.793999	0
12414	3765	3	0	11.052217	47.502998	0
12415	3765	3	0	11.052217	48.921001	0
12416	3765	3	0	12.28024	49.630001	0
12417	3765	3	0	14.736288	46.793999	0
12418	3765	3	0	13.508265	47.502998	0
12419	3765	3	0	13.508265	48.921001	0
12420	3765	3	0	14.736288	49.630001	0
12421	3765	3	0	17.192337	46.793999	0
12422	3765	3	0	15.964313	47.502998	0
12423	3765	3	0	15.964313	48.921001	0
12424	3765	3	0	17.192337	49.630001	0
12425	3765	3	0	19.648384	46.793999	0
12426	3765	3	0	18.420361	47.502998	0
12427	3765	3	0	18.420361	48.921001	0
12428	3765	3	0	19.648384	49.630001	0
12429	3765	3	0	22.104433	46.793999	0
12430	3765	3	0	20.876408	47.502998	0
12431	3765	3	0	20.876408	48.921001	0
12432	3765	3	0	22.104433	49.630001	0
12433	3765	3	0	24.56048	46.793999	0
12434	3765	3	0	23.332457	47.502998	0
12435	3765	3	0	23.332457	48.921001	0
12436	3765	3	0	24.56048	49.630001	0
12437	3765	3	0	27.016529	46.793999	0
12438	3765	3	0	25.788504	47.502998	0
12439	3765	3	0	25.788504	48.921001	0
12440	3765	3	0	27.016529	49.630001	0
12441	3765	3	0	29.472576	46.793999	0
12442	3765	3	0	28.244553	47.502998	0
12443	3765	3	0	28.244553	48.921001	0
12444	3765	3	0	29.472576	49.630001	0
12445	3765	3	0	31.928625	46.793999	0
12446	3765	3	0	30.7006	47.502998	0
12447	3765	3	0	30.7006	48.921001	0
12448	3765	3	0	31.928625	49.630001	0
12449	3765	3	0	34.384674	46.793999	0
12450	3765	3	0	33.156647	47.502998	0
12451	3765	3	0	33.156647	48.921001	0
12452	3765	3	0	34.384674	49.630001	0
12453	3765	3	0	36.840721	46.793999	0
12454	3765	3	0	35.612698	47.502998	0
12455	3765	3	0	35.612698	48.921001	0
12456	3765	3	0	36.840721	49.630001	0
12457	3765	3	0	39.296768	46.793999	0
12458	3765	3	0	38.068745	47.502998	0
12459	3765	3	0	38.068745	48.921001	0
12460	3765	3	0	39.296768	49.630001	0
12461	3765	3	0	41.752815	46.793999	0
12462	3765	3	0	40.524792	47.502998	0
12463	3765	3	0	40.524792	48.921001	0
12464	3765	3	0	41.752815	49.630001	0
12465	3765	3	0	44.208866	46.793999	0
12466	3765	3	0	42.980843	47.502998	0
12467	3765	3	0	42.980843	48.921001	0
12468	3765	3	0	44.208866	49.630001	0
12469	3765	3	0	46.664913	46.793999	0
12470	3765	3	0	45.43689	47.502998	0
12471	3765	3	0	45.43689	48.921001	0
12472	3765	3	0	46.664913	49.630001	0
12473	3765	3	0	49.12096	46.793999	0
12474	3765	3	0	47.892937	47.502998	0
12475	3765	3	0	47.892937	48.921001	0
12476	3765	3	0	49.12096	49.630001	0
12477	3765	3	0	51.577007	46.793999	0
12478	3765	3	0	50.348984	47.502998	0
12479	3765	3	0	50.348984	48.921001	0
12480	3765	3	0	51.577007	49.630001	0
12481	3765	3	0	54.033058	46.793999	0
12482	3765	3	0	52.805035	47.502998	0
12483	3765	3	0	52.805035	48.921001	0
12484	3765	3	0	54.033058	49.630001	0
12485	3765	3	0	56.489105	46.793999	0
12486	3765	3	0	55.261082	47.502998	0
12487	3765	3	0	55.261082	48.921001	0
12488	3765	3	0	56.489105	49.630001	0
12489	3765	3	0	58.945152	46.793999	0
12490	3765	3	0	57.717129	47.502998	0
12491	3765	3	0	57.717129	48.921001	0
12492	3765	3	0	58.945152	49.630001	0
12493	3765	3	0	0	51.048	0
12494	3765	3	0	-1.228024	51.757	0
12495	3765	3	0	-1.228024	53.174999	0
12496	3765	3	0	0	53.883999	0
12497	3765	3	0	2.456048	51.048	0
12498	3765	3	0	1.228024	51.757	0
12499	3765	3	0	1.228024	53.174999	0
12500	3765	3	0	2.456048	53.883999	0
12501	3765	3	0	4.912096	51.048	0
12502	3765	3	0	3.684072	51.757	0
12503	3765	3	0	3.684072	53.174999	0
12504	3765	3	0	4.912096	53.883999	0
12505	3765	3	0	7.368144	51.048	0
12506	3765	3	0	6.14012	51.757	0
12507	3765	3	0	6.14012	53.174999	0
12508	3765	3	0	7.368144	53.883999	0
12509	3765	3	0	9.824192	51.048	0
12510	3765	3	0	8.596169	51.757	0
12511	3765	3	0	8.596169	53.174999	0
12512	3765	3	0	9.824192	53.883999	0
12513	3765	3	0	12.28024	51.048	0
12514	3765	3	0	11.052217	51.757	0
12515	3765	3	0	11.052217	53.174999	0
12516	3765	3	0	12.28024	53.883999	0
12517	3765	3	0	14.736288	51.048	0
12518	3765	3	0	13.508265	51.757	0
12519	3765	3	0	13.508265	53.174999	0
12520	3765	3	0	14.736288	53.883999	0
12521	3765	3	0	17.192337	51.048	0
12522	3765	3	0	15.964313	51.757	0
12523	3765	3	0	15.964313	53.174999	0
12524	3765	3	0	17.192337	53.883999	0
12525	3765	3	0	19.648384	51.048	0
12526	3765	3	0	18.420361	51.757	0
12527	3765	3	0	18.420361	53.174999	0
12528	3765	3	0	19.648384	53.883999	0
12529	3765	3	0	22.104433	51.048	0
12530	3765	3	0	20.876408	51.757	0
12531	3765	3	0	20.876408	53.174999	0
12532	3765	3	0	22.104433	53.883999	0
12533	3765	3	0	24.56048	51.048	0
12534	3765	3	0	23.332457	51.757	0
12535	3765	3	0	23.332457	53.174999	0
12536	3765	3	0	24.56048	53.883999	0
12537	3765	3	0	27.016529	51.048	0
12538	3765	3	0	25.788504	51.757	0
12539	3765	3	0	25.788504	53.174999	0
12540	3765	3	0	27.016529	53.883999	0
12541	3765	3	0	29.472576	51.048	0
12542	3765	3	0	28.244553	51.757	0
12543	3765	3	0	28.244553	53.174999	0
12544	3765	3	0	29.472576	53.883999	0
12545	3765	3	0	31.928625	51.048	0
12546	3765	3	0	30.7006	51.757	0
12547	3765	3	0	30.7006	53.174999	0
12548	3765	3	0	31.928625	53.883999	0
12549	3765	3	0	34.384674	51.048	0
12550	3765	3	0	33.156647	51.757	0
12551	3765	3	0	33.156647	53.174999	0
12552	3765	3	0	34.384674	53.883999	0
12553	3765	3	0	36.840721	51.048	0
12554	3765	3	0	35.612698	51.757	0
12555	3765	3	0	35.612698	53.174999	0
12556	3765	3	0	36.840721	53.883999	0
12557	3765	3	0	39.296768	51.048	0
12558	3765	3	0	38.068745	51.757	0
12559	3765	3	0	38.068745	53.174999	0
12560	3765	3	0	39.296768	53.883999	0
12561	3765	3	0	41.752815	51.048	0
12562	3765	3	0	40.524792	51.757	0
12563	3765	3	0	40.524792	53.174999	0
12564	3765	3	0	41.752815	53.883999	0
12565	3765	3	0	44.208866	51.048	0
12566	3765	3	0	42.980843	51.757	0
12567	3765	3	0	42.980843	53.174999	0
12568	3765	3	0	44.208866	53.883999	0
12569	3765	3	0	46.664913	51.048	0
12570	3765	3	0	45.43689	51.757	0
12571	3765	3	0	45.43689	53.174999	0
12572	3765	3	0	46.664913	53.883999	0
12573	3765	3	0	49.12096	51.048	0
12574	3765	3	0	47.892937	51.757	0
12575	3765	3	0	47.892937	53.174999	0
12576	3765	3	0	49.12096	53.883999	0
12577	3765	3	0	51.577007	51.048	0
12578	3765	3	0	50.348984	51.757	0
12579	3765	3	0	50.348984	53.174999	0
12580	3765	3	0	51.577007	53.883999	0
12581	3765	3	0	54.033058	51.048	0
12582	3765	3	0	52.805035	51.757	0
12583	3765	3	0	52.805035	53.174999	0
12584	3765	3	0	54.033058	53.883999	0
12585	3765	3	0	56.489105	51.048	0
12586	3765	3	0	55.261082	51.757	0
12587	3765	3	0	55.261082	53.174999	0
12588	3765	3	0	56.489105	53.883999	0
12589	3765	3	0	58.945152	51.048	0
12590	3765	3	0	57.717129	51.757	0
12591	3765	3	0	57.717129	53.174999	0
12592	3765	3	0	58.945152	53.883999	0
12593	3765	3	0	0	55.301998	0
12594	3765	3	0	-1.228024	56.011002	0
12595	3765	3	0	-1.228024	57.429001	0
12596	3765	3	0	0	58.138	0
12597	3765	3	0	2.456048	55.301998	0
12598	3765	3	0	1.228024	56.011002	0
12599	3765	3	0	1.228024	57.429001	0
12600	3765	3	0	2.456048	58.138	0
12601	3765	3	0	4.912096	55.301998	0
12602	3765	3	0	3.684072	56.011002	0
12603	3765	3	0	3.684072	57.429001	0
12604	3765	3	0	4.912096	58.138	0
12605	3765	3	0	7.368144	55.301998	0
12606	3765	3	0	6.14012	56.011002	0
12607	3765	3	0	6.14012	57.429001	0
12608	3765	3	0	7.368144	58.138	0
12609	3765	3	0	9.824192	55.301998	0
12610	3765	3	0	8.596169	56.011002	0
12611	3765	3	0	8.596169	57.429001	0
12612	3765	3	0	9.824192	58.138	0
12613	3765	3	0	12.28024	55.301998	0
12614	3765	3	0	11.052217	56.011002	0
12615	3765	3	0	11.052217	57.429001	0
12616	3765	3	0	12.28024	58.138	0
12617	3765	3	0	14.736288	55.301998	0
12618	3765	3	0	13.508265	56.011002	0
12619	3765	3	0	13.508265	57.429001	0
12620	3765	3	0	14.736288	58.138	0
12621	3765	3	0	17.192337	55.301998	0
12622	3765	3	0	15.964313	56.011002	0
12623	3765	3	0	15.964313	57.429001	0
12624	3765	3	0	17.192337	58.138	0
12625	3765	3	0	19.648384	55.301998	0
12626	3765	3	0	18.420361	56.011002	0
12627	3765	3	0	18.420361	57.429001	0
12628	3765	3	0	19.648384	58.138	0
12629	3765	3	0	22.104433	55.301998	0
12630	3765	3	0	20.876408	56.011002	0
12631	3765	3	0	20.876408	57.429001	0
12632	3765	3	0	22.104433	58.138	0
12633	3765	3	0	24.56048	55.301998	0
12634	3765	3	0	23.332457	56.011002	0
12635	3765	3	0	23.332457	57.429001	0
12636	3765	3	0	24.56048	58.138	0
12637	3765	3	0	27.016529	55.301998	0
12638	3765	3	0	25.788504	56.011002	0
12639	3765	3	0	25.788504	57.429001	0
12640	3765	3	0	27.016529	58.138	0
12641	3765	3	0	29.472576	55.301998	0
12642	3765	3	0	28.244553	56.011002	0
12643	3765	3	0	28.244553	57.429001	0
12644	3765	3	0	29.472576	58.138	0
12645	3765	3	0	31.928625	55.301998	0
12646	3765	3	0	30.7006	56.011002	0
12647	3765	3	0	30.7006	57.429001	0
12648	3765	3	0	31.928625	58.138	0
12649	3765	3	0	34.384674	55.301998	0
12650	3765	3	0	33.156647	56.011002	0
12651	3765	3	0	33.156647	57.429001	0
12652	3765	3	0	34.384674	58.138	0
12653	3765	3	0	36.840721	55.301998	0
12654	3765	3	0	35.612698	56.011002	0
12655	3765	3	0	35.612698	57.429001	0
12656	3765	3	0	36.840721	58.138	0
12657	3765	3	0	39.296768	55.301998	0
12658	3765	3	0	38.068745	56.011002	0
12659	3765	3	0	38.068745	57.429001	0
12660	3765	3	0	39.296768	58.138	0
12661	3765	3	0	41.752815	55.301998	0
12662	3765	3	0	40.524792	56.011002	0
12663	3765	3	0	40.524792	57.429001	0
12664	3765	3	0	41.752815	58.138	0
12665	3765	3	0	44.208866	55.301998	0
12666	3765	3	0	42.980843	56.011002	0
12667	3765	3	0	42.980843	57.429001	0
12668	3765	3	0	44.208866	58.138	0
12669	3765	3	0	46.664913	55.301998	0
12670	3765	3	0	45.43689	56.011002	0
12671	3765	3	0	45.43689	57.429001	0
12672	3765	3	0	46.664913	58.138	0
12673	3765	3	0	49.12096	55.301998	0
12674	3765	3	0	47.892937	56.011002	0
12675	3765	3	0	47.892937	57.429001	0
12676	3765	3	0	49.12096	58.138	0
12677	3765	3	0	51.577007	55.301998	0
12678	3765	3	0	50.348984	56.011002	0
12679	3765	3	0	50.348984	57.429001	0
12680	3765	3	0	51.577007	58.138	0
12681	3765	3	0	54.033058	55.301998	0
12682	3765	3	0	52.805035	56.011002	0
12683	3765	3	0	52.805035	57.429001	0
12684	3765	3	0	54.033058	58.138	0
12685	3765	3	0	56.489105	55.301998	0
12686	3765	3	0	55.261082	56.011002	0
12687	3765	3	0	55.261082	57.429001	0
12688	3765	3	0	56.489105	58.138	0
12689	3765	3	0	58.945152	55.301998	0
12690	3765	3	0	57.717129	56.011002	0
12691	3765	3	0	57.717129	57.429001	0
12692	3765	3	0	58.945152	58.138	0
12693	3765	3	0	0	59.556	0
12694	3765	3	0	-1.228024	60.264999	0
12695	3765	3	0	-1.228024	61.682999	0
12696	3765	3	0	0	62.391998	0
12697	3765	3	0	2.456048	59.556	0
12698	3765	3	0	1.228024	60.264999	0
12699	3765	3	0	1.228024	61.682999	0
12700	3765	3	0	2.456048	62.391998	0
12701	3765	3	0	4.912096	59.556	0
12702	3765	3	0	3.684072	60.264999	0
12703	3765	3	0	3.684072	61.682999	0
12704	3765	3	0	4.912096	62.391998	0
12705	3765	3	0	7.368144	59.556	0
12706	3765	3	0	6.14012	60.264999	0
12707	3765	3	0	6.14012	61.682999	0
12708	3765	3	0	7.368144	62.391998	0
12709	3765	3	0	9.824192	59.556	0
12710	3765	3	0	8.596169	60.264999	0
12711	3765	3	0	8.596169	61.682999	0
12712	3765	3	0	9.824192	62.391998	0
12713	3765	3	0	12.28024	59.556	0
12714	3765	3	0	11.052217	60.264999	0
12715	3765	3	0	11.052217	61.682999	0
12716	3765	3	0	12.28024	62.391998	0
12717	3765	3	0	14.736288	59.556	0
12718	3765	3	0	13.508265	60.264999	0
12719	3765	3	0	13.508265	61.682999	0
12720	3765	3	0	14.736288	62.391998	0
12721	3765	3	0	17.192337	59.556	0
12722	3765	3	0	15.964313	60.264999	0
12723	3765	3	0	15.964313	61.682999	0
12724	3765	3	0	17.192337	62.391998	0
12725	3765	3	0	19.648384	59.556	0
12726	3765	3	0	18.420361	60.264999	0
12727	3765	3	0	18.420361	61.682999	0
12728	3765	3	0	19.648384	62.391998	0
12729	3765	3	0	22.104433	59.556	0
12730	3765	3	0	20.876408	60.264999	0
12731	3765	3	0	20.876408	61.682999	0
12732	3765	3	0	22.104433	62.391998	0
12733	3765	3	0	24.56048	59.556	0
12734	3765	3	0	23.332457	60.264999	0
12735	3765	3	0	23.332457	61.682999	0
12736	3765	3	0	24.56048	62.391998	0
12737	3765	3	0	27.016529	59.556	0
12738	3765	3	0	25.788504	60.264999	0
12739	3765	3	0	25.788504	61.682999	0
12740	3765	3	0	27.016529	62.391998	0
12741	3765	3	0	29.472576	59.556	0
12742	3765	3	0	28.244553	60.264999	0
12743	3765	3	0	28.244553	61.682999	0
12744	3765	3	0	29.472576	62.391998	0
12745	3765	3	0	31.928625	59.556	0
12746	3765	3	0	30.7006	60.264999	0
12747	3765	3	0	30.7006	61.682999	0
12748	3765	3	0	31.928625	62.391998	0
12749	3765	3	0	34.384674	59.556	0
12750	3765	3	0	33.156647	60.264999	0
12751	3765	3	0	33.156647	61.682999	0
12752	3765	3	0	34.384674	62.391998	0
12753	3765	3	0	36.840721	59.556	0
12754	3765	3	0	35.612698	60.264999	0
12755	3765	3	0	35.612698	61.682999	0
12756	3765	3	0	36.840721	62.391998	0
12757	3765	3	0	39.296768	59.556	0
12758	3765	3	0	38.068745	60.264999	0
12759	3765	3	0	38.068745	61.682999	0
12760	3765	3	0	39.296768	62.391998	0
12761	3765	3	0	41.752815	59.556	0
12762	3765	3	0	40.524792	60.264999	0
12763	3765	3	0	40.524792	61.682999	0
12764	3765	3	0	41.752815	62.391998	0
12765	3765	3	0	44.208866	59.556	0
12766	3765	3	0	42.980843	60.264999	0
12767	3765	3	0	42.980843	61.682999	0
12768	3765	3	0	44.208866	62.391998	0
12769	3765	3	0	46.664913	59.556	0
12770	3765	3	0	45.43689	60.264999	0
12771	3765	3	0	45.43689	61.682999	0
12772	3765	3	0	46.664913	62.391998	0
12773	3765	3	0	49.12096	59.556	0
12774	3765	3	0	47.892937	60.264999	0
12775	3765	3	0	47.892937	61.682999	0
12776	3765	3	0	49.12096	62.391998	0
12777	3765	3	0	51.577007	59.556	0
12778	3765	3	0	50.348984	60.264999	0
12779	3765	3	0	50.348984	61.682999	0
12780	3765	3	0	51.577007	62.391998	0
12781	3765	3	0	54.033058	59.556	0
12782	3765	3	0	52.805035	60.264999	0
12783	3765	3	0	52.805035	61.682999	0
12784	3765	3	0	54.033058	62.391998	0
12785	3765	3	0	56.489105	59.556	0
12786	3765	3	0	55.261082	60.264999	0
12787	3765	3	0	55.261082	61.682999	0
12788	3765	3	0	56.489105	62.391998	0
12789	3765	3	0	58.945152	59.556	0
12790	3765	3	0	57.717129	60.264999	0
12791	3765	3	0	57.717129	61.682999	0
12792	3765	3	0	58.945152	62.391998	0
