12793 3766 3 0 0 0 30
12794 3766 3 0 -1.228024 0.709 30
12795 3766 3 0 -1.228024 2.127 30
12796 3766 3 0 0 2.836 30
12797 3766 3 0 2.456048 0 30
12798 3766 3 0 1.228024 0.709 30
12799 3766 3 0 1.228024 2.127 30
12800 3766 3 0 2.456048 2.836 30
12801 3766 3 0 4.912096 0 30
12802 3766 3 0 3.684072 0.709 30
12803 3766 3 0 3.684072 2.127 30
12804 3766 3 0 4.912096 2.836 30
12805 3766 3 0 7.368144 0 30
12806 3766 3 0 6.14012 0.709 30
12807 3766 3 0 6.14012 2.127 30
12808 3766 3 0 7.368144 2.836 30
12809 3766 3 0 9.824192 0 30
12810 3766 3 0 8.596169 0.709 30
12811 3766 3 0 8.596169 2.127 30
12812 3766 3 0 9.824192 2.836 30
12813 3766 3 0 12.28024 0 30
12814 3766 3 0 11.052217 0.709 30
12815 3766 3 0 11.052217 2.127 30
12816 3766 3 0 12.28024 2.836 30
12817 3766 3 0 14.736288 0 30
12818 3766 3 0 13.508265 0.709 30
12819 3766 3 0 13.508265 2.127 30
12820 3766 3 0 14.736288 2.836 30
12821 3766 3 0 17.192337 0 30
12822 3766 3 0 15.964313 0.709 30
12823 3766 3 0 15.964313 2.127 30
12824 3766 3 0 17.192337 2.836 30
12825 3766 3 0 19.648384 0 30
12826 3766 3 0 18.420361 0.709 30
12827 3766 3 0 18.420361 2.127 30
12828 3766 3 0 19.648384 2.836 30
12829 3766 3 0 22.104433 0 30
12830 3766 3 0 20.876408 0.709 30
12831 3766 3 0 20.876408 2.127 30
12832 3766 3 0 22.104433 2.836 30
12833 3766 3 0 24.56048 0 30
12834 3766 3 0 23.332457 0.709 30
12835 3766 3 0 23.332457 2.127 30
12836 3766 3 0 24.56048 2.836 30
12837 3766 3 0 27.016529 0 30
12838 3766 3 0 25.788504 0.709 30
12839 3766 3 0 25.788504 2.127 30
12840 3766 3 0 27.016529 2.836 30
12841 3766 3 0 29.472576 0 30
12842 3766 3 0 28.244553 0.709 30
12843 3766 3 0 28.244553 2.127 30
12844 3766 3 0 29.472576 2.836 30
12845 3766 3 0 31.928625 0 30
12846 3766 3 0 30.7006 0.709 30
12847 3766 3 0 30.7006 2.127 30
12848 3766 3 0 31.928625 2.836 30
12849 3766 3 0 34.384674 0 30
12850 3766 3 0 33.156647 0.709 30
12851 3766 3 0 33.156647 2.127 30
12852 3766 3 0 34.384674 2.836 30
12853 3766 3 0 36.840721 0 30
12854 3766 3 0 35.612698 0.709 30
12855 3766 3 0 35.612698 2.127 30
12856 3766 3 0 36.840721 2.836 30
12857 3766 3 0 39.296768 0 30
12858 3766 3 0 38.068745 0.709 30
12859 3766 3 0 38.068745 2.127 30
12860 3766 3 0 39.296768 2.836 30
12861 3766 3 0 41.752815 0 30
12862 3766 3 0 40.524792 0.709 30
12863 3766 3 0 40.524792 2.127 30
12864 3766 3 0 41.752815 2.836 30
12865 3766 3 0 44.208866 0 30
12866 3766 3 0 42.980843 0.709 30
12867 3766 3 0 42.980843 2.127 30
12868 3766 3 0 44.208866 2.836 30
12869 3766 3 0 46.664913 0 30
12870 3766 3 0 45.43689 0.709 30
12871 3766 3 0 45.43689 2.127 30
12872 3766 3 0 46.664913 2.836 30
12873 3766 3 0 49.12096 0 30
12874 3766 3 0 47.892937 0.709 30
12875 3766 3 0 47.892937 2.127 30
12876 3766 3 0 49.12096 2.836 30
12877 3766 3 0 51.577007 0 30
12878 3766 3 0 50.348984 0.709 30
12879 3766 3 0 50.348984 2.127 30
12880 3766 3 0 51.577007 2.836 30
12881 3766 3 0 54.033058 0 30
12882 3766 3 0 52.805035 0.709 30
12883 3766 3 0 52.805035 2.127 30
12884 3766 3 0 54.033058 2.836 30
12885 3766 3 0 56.489105 0 30
12886 3766 3 0 55.261082 0.709 30
12887 3766 3 0 55.261082 2.127 30
12888 3766 3 0 56.489105 2.836 30
12889 3766 3 0 58.945152 0 30
12890 3766 3 0 57.717129 0.709 30
12891 3766 3 0 57.717129 2.127 30
12892 3766 3 0 58.945152 2.836 30
12893 3766 3 0 0 4.254 30
12894 3766 3 0 -1.228024 4.963 30
12895 3766 3 0 -1.228024 6.381 30
12896 3766 3 0 0 7.09 30
12897 3766 3 0 2.456048 4.254 30
12898 3766 3 0 1.228024 4.963 30
12899 3766 3 0 1.228024 6.381 30
12900 3766 3 0 2.456048 7.09 30
12901 3766 3 0 4.912096 4.254 30
12902 3766 3 0 3.684072 4.963 30
12903 3766 3 0 3.684072 6.381 30
12904 3766 3 0 4.912096 7.09 30
12905 3766 3 0 7.368144 4.254 30
12906 3766 3 0 6.14012 4.963 30
12907 3766 3 0 6.14012 6.381 30
12908 3766 3 0 7.368144 7.09 30
12909 3766 3 0 9.824192 4.254 30
12910 3766 3 0 8.596169 4.963 30
12911 3766 3 0 8.596169 6.381 30
12912 3766 3 0 9.824192 7.09 30
12913 3766 3 0 12.28024 4.254 30
12914 3766 3 0 11.052217 4.963 30
12915 3766 3 0 11.052217 6.381 30
12916 3766 3 0 12.28024 7.09 30
12917 3766 3 0 14.736288 4.254 30
12918 3766 3 0 13.508265 4.963 30
12919 3766 3 0 13.508265 6.381 30
12920 3766 3 0 14.736288 7.09 30
12921 3766 3 0 17.192337 4.254 30
12922 3766 3 0 15.964313 4.963 30
12923 3766 3 0 15.964313 6.381 30
12924 3766 3 0 17.192337 7.09 30
12925 3766 3 0 19.648384 4.254 30
12926 3766 3 0 18.420361 4.963 30
12927 3766 3 0 18.420361 6.381 30
12928 3766 3 0 19.648384 7.09 30
12929 3766 3 0 22.104433 4.254 30
12930 3766 3 0 20.876408 4.963 30
12931 3766 3 0 20.876408 6.381 30
12932 3766 3 0 22.104433 7.09 30
12933 3766 3 0 24.56048 4.254 30
12934 3766 3 0 23.332457 4.963 30
12935 3766 3 0 23.332457 6.381 30
12936 3766 3 0 24.56048 7.09 30
12937 3766 3 0 27.016529 4.254 30
12938 3766 3 0 25.788504 4.963 30
12939 3766 3 0 25.788504 6.381 30
12940 3766 3 0 27.016529 7.09 30
12941 3766 3 0 29.472576 4.254 30
12942 3766 3 0 28.244553 4.963 30
12943 3766 3 0 28.244553 6.381 30
12944 3766 3 0 29.472576 7.09 30
12945 3766 3 0 31.928625 4.254 30
12946 3766 3 0 30.7006 4.963 30
12947 3766 3 0 30.7006 6.381 30
12948 3766 3 0 31.928625 7.09 30
12949 3766 3 0 34.384674 4.254 30
12950 3766 3 0 33.156647 4.963 30
12951 3766 3 0 33.156647 6.381 30
12952 3766 3 0 34.384674 7.09 30
12953 3766 3 0 36.840721 4.254 30
12954 3766 3 0 35.612698 4.963 30
12955 3766 3 0 35.612698 6.381 30
12956 3766 3 0 36.840721 7.09 30
12957 3766 3 0 39.296768 4.254 30
12958 3766 3 0 38.068745 4.963 30
12959 3766 3 0 38.068745 6.381 30
12960 3766 3 0 39.296768 7.09 30
12961 3766 3 0 41.752815 4.254 30
12962 3766 3 0 40.524792 4.963 30
12963 3766 3 0 40.524792 6.381 30
12964 3766 3 0 41.752815 7.09 30
12965 3766 3 0 44.208866 4.254 30
12966 3766 3 0 42.980843 4.963 30
12967 3766 3 0 42.980843 6.381 30
12968 3766 3 0 44.208866 7.09 30
12969 3766 3 0 46.664913 4.254 30
12970 3766 3 0 45.43689 4.963 30
12971 3766 3 0 45.43689 6.381 30
12972 3766 3 0 46.664913 7.09 30
12973 3766 3 0 49.12096 4.254 30
12974 3766 3 0 47.892937 4.963 30
12975 3766 3 0 47.892937 6.381 30
12976 3766 3 0 49.12096 7.09 30
12977 3766 3 0 51.577007 4.254 30
12978 3766 3 0 50.348984 4.963 30
12979 3766 3 0 50.348984 6.381 30
12980 3766 3 0 51.577007 7.09 30
12981 3766 3 0 54.033058 4.254 30
12982 3766 3 0 52.805035 4.963 30
12983 3766 3 0 52.805035 6.381 30
12984 3766 3 0 54.033058 7.09 30
12985 3766 3 0 56.489105 4.254 30
12986 3766 3 0 55.261082 4.963 30
12987 3766 3 0 55.261082 6.381 30
12988 3766 3 0 56.489105 7.09 30
12989 3766 3 0 58.945152 4.254 30
12990 3766 3 0 57.717129 4.963 30
12991 3766 3 0 57.717129 6.381 30
12992 3766 3 0 58.945152 7.09 30
12993 3766 3 0 0 8.508 30
12994 3766 3 0 -1.228024 9.217 30
12995 3766 3 0 -1.228024 10.635 30
12996 3766 3 0 0 11.344 30
12997 3766 3 0 2.456048 8.508 30
12998 3766 3 0 1.228024 9.217 30
12999 3766 3 0 1.228024 10.635 30
13000 3766 3 0 2.456048 11.344 30
13001 3766 3 0 4.912096 8.508 30
13002 3766 3 0 3.684072 9.217 30
13003 3766 3 0 3.684072 10.635 30
13004 3766 3 0 4.912096 11.344 30
13005 3766 3 0 7.368144 8.508 30
13006 3766 3 0 6.14012 9.217 30
13007 3766 3 0 6.14012 10.635 30
13008 3766 3 0 7.368144 11.344 30
13009 3766 3 0 9.824192 8.508 30
13010 3766 3 0 8.596169 9.217 30
13011 3766 3 0 8.596169 10.635 30
13012 3766 3 0 9.824192 11.344 30
13013 3766 3 0 12.28024 8.508 30
13014 3766 3 0 11.052217 9.217 30
13015 3766 3 0 11.052217 10.635 30
13016 3766 3 0 12.28024 11.344 30
13017 3766 3 0 14.736288 8.508 30
13018 3766 3 0 13.508265 9.217 30
13019 3766 3 0 13.508265 10.635 30
13020 3766 3 0 14.736288 11.344 30
13021 3766 3 0 17.192337 8.508 30
13022 3766 3 0 15.964313 9.217 30
13023 3766 3 0 15.964313 10.635 30
13024 3766 3 0 17.192337 11.344 30
13025 3766 3 0 19.648384 8.508 30
13026 3766 3 0 18.420361 9.217 30
13027 3766 3 0 18.420361 10.635 30
13028 3766 3 0 19.648384 11.344 30
13029 3766 3 0 22.104433 8.508 30
13030 3766 3 0 20.876408 9.217 30
13031 3766 3 0 20.876408 10.635 30
13032 3766 3 0 22.104433 11.344 30
13033 3766 3 0 24.56048 8.508 30
13034 3766 3 0 23.332457 9.217 30
13035 3766 3 0 23.332457 10.635 30
13036 3766 3 0 24.56048 11.344 30
13037 3766 3 0 27.016529 8.508 30
13038 3766 3 0 25.788504 9.217 30
13039 3766 3 0 25.788504 10.635 30
13040 3766 3 0 27.016529 11.344 30
13041 3766 3 0 29.472576 8.508 30
13042 3766 3 0 28.244553 9.217 30
13043 3766 3 0 28.244553 10.635 30
13044 3766 3 0 29.472576 11.344 30
13045 3766 3 0 31.928625 8.508 30
13046 3766 3 0 30.7006 9.217 30
13047 3766 3 0 30.7006 10.635 30
13048 3766 3 0 31.928625 11.344 30
13049 3766 3 0 34.384674 8.508 30
13050 3766 3 0 33.156647 9.217 30
13051 3766 3 0 33.156647 10.635 30
13052 3766 3 0 34.384674 11.344 30
13053 3766 3 0 36.840721 8.508 30
13054 3766 3 0 35.612698 9.217 30
13055 3766 3 0 35.612698 10.635 30
13056 3766 3 0 36.840721 11.344 30
13057 3766 3 0 39.296768 8.508 30
13058 3766 3 0 38.068745 9.217 30
13059 3766 3 0 38.068745 10.635 30
13060 3766 3 0 39.296768 11.344 30
13061 3766 3 0 41.752815 8.508 30
13062 3766 3 0 40.524792 9.217 30
13063 3766 3 0 40.524792 10.635 30
13064 3766 3 0 41.752815 11.344 30
13065 3766 3 0 44.208866 8.508 30
13066 3766 3 0 42.980843 9.217 30
13067 3766 3 0 42.980843 10.635 30
13068 3766 3 0 44.208866 11.344 30
13069 3766 3 0 46.664913 8.508 30
13070 3766 3 0 45.43689 9.217 30
13071 3766 3 0 45.43689 10.635 30
13072 3766 3 0 46.664913 11.344 30
13073 3766 3 0 49.12096 8.508 30
13074 3766 3 0 47.892937 9.217 30
13075 3766 3 0 47.892937 10.635 30
13076 3766 3 0 49.12096 11.344 30
13077 3766 3 0 51.577007 8.508 30
13078 3766 3 0 50.348984 9.217 30
13079 3766 3 0 50.348984 10.635 30
13080 3766 3 0 51.577007 11.344 30
13081 3766 3 0 54.033058 8.508 30
13082 3766 3 0 52.805035 9.217 30
13083 3766 3 0 52.805035 10.635 30
13084 3766 3 0 54.033058 11.344 30
13085 3766 3 0 56.489105 8.508 30
13086 3766 3 0 55.261082 9.217 30
13087 3766 3 0 55.261082 10.635 30
13088 3766 3 0 56.489105 11.344 30
13089 3766 3 0 58.945152 8.508 30
13090 3766 3 0 57.717129 9.217 30
13091 3766 3 0 57.717129 10.635 30
13092 3766 3 0 58.945152 11.344 30
13093 3766 3 0 0 12.762 30
13094 3766 3 0 -1.228024 13.471 30
13095 3766 3 0 -1.228024 14.889 30
13096 3766 3 0 0 15.598 30
13097 3766 3 0 2.456048 12.762 30
13098 3766 3 0 1.228024 13.471 30
13099 3766 3 0 1.228024 14.889 30
13100 3766 3 0 2.456048 15.598 30
13101 3766 3 0 4.912096 12.762 30
13102 3766 3 0 3.684072 13.471 30
13103 3766 3 0 3.684072 14.889 30
13104 3766 3 0 4.912096 15.598 30
13105 3766 3 0 7.368144 12.762 30
13106 3766 3 0 6.14012 13.471 30
13107 3766 3 0 6.14012 14.889 30
13108 3766 3 0 7.368144 15.598 30
13109 3766 3 0 9.824192 12.762 30
13110 3766 3 0 8.596169 13.471 30
13111 3766 3 0 8.596169 14.889 30
13112 3766 3 0 9.824192 15.598 30
13113 3766 3 0 12.28024 12.762 30
13114 3766 3 0 11.052217 13.471 30
13115 3766 3 0 11.052217 14.889 30
13116 3766 3 0 12.28024 15.598 30
13117 3766 3 0 14.736288 12.762 30
13118 3766 3 0 13.508265 13.471 30
13119 3766 3 0 13.508265 14.889 30
13120 3766 3 0 14.736288 15.598 30
13121 3766 3 0 17.192337 12.762 30
13122 3766 3 0 15.964313 13.471 30
13123 3766 3 0 15.964313 14.889 30
13124 3766 3 0 17.192337 15.598 30
13125 3766 3 0 19.648384 12.762 30
13126 3766 3 0 18.420361 13.471 30
13127 3766 3 0 18.420361 14.889 30
13128 3766 3 0 19.648384 15.598 30
13129 3766 3 0 22.104433 12.762 30
13130 3766 3 0 20.876408 13.471 30
13131 3766 3 0 20.876408 14.889 30
13132 3766 3 0 22.104433 15.598 30
13133 3766 3 0 24.56048 12.762 30
13134 3766 3 0 23.332457 13.471 30
13135 3766 3 0 23.332457 14.889 30
13136 3766 3 0 24.56048 15.598 30
13137 3766 3 0 27.016529 12.762 30
13138 3766 3 0 25.788504 13.471 30
13139 3766 3 0 25.788504 14.889 30
13140 3766 3 0 27.016529 15.598 30
13141 3766 3 0 29.472576 12.762 30
13142 3766 3 0 28.244553 13.471 30
13143 3766 3 0 28.244553 14.889 30
13144 3766 3 0 29.472576 15.598 30
13145 3766 3 0 31.928625 12.762 30
13146 3766 3 0 30.7006 13.471 30
13147 3766 3 0 30.7006 14.889 30
13148 3766 3 0 31.928625 15.598 30
13149 3766 3 0 34.384674 12.762 30
13150 3766 3 0 33.156647 13.471 30
13151 3766 3 0 33.156647 14.889 30
13152 3766 3 0 34.384674 15.598 30
13153 3766 3 0 36.840721 12.762 30
13154 3766 3 0 35.612698 13.471 30
13155 3766 3 0 35.612698 14.889 30
13156 3766 3 0 36.840721 15.598 30
13157 3766 3 0 39.296768 12.762 30
13158 3766 3 0 38.068745 13.471 30
13159 3766 3 0 38.068745 14.889 30
13160 3766 3 0 39.296768 15.598 30
13161 3766 3 0 41.752815 12.762 30
13162 3766 3 0 40.524792 13.471 30
13163 3766 3 0 40.524792 14.889 30
13164 3766 3 0 41.752815 15.598 30
13165 3766 3 0 44.208866 12.762 30
13166 3766 3 0 42.980843 13.471 30
13167 3766 3 0 42.980843 14.889 30
13168 3766 3 0 44.208866 15.598 30
13169 3766 3 0 46.664913 12.762 30
13170 3766 3 0 45.43689 13.471 30
13171 3766 3 0 45.43689 14.889 30
13172 3766 3 0 46.664913 15.598 30
13173 3766 3 0 49.12096 12.762 30
13174 3766 3 0 47.892937 13.471 30
13175 3766 3 0 47.892937 14.889 30
13176 3766 3 0 49.12096 15.598 30
13177 3766 3 0 51.577007 12.762 30
13178 3766 3 0 50.348984 13.471 30
13179 3766 3 0 50.348984 14.889 30
13180 3766 3 0 51.577007 15.598 30
13181 3766 3 0 54.033058 12.762 30
13182 3766 3 0 52.805035 13.471 30
13183 3766 3 0 52.805035 14.889 30
13184 3766 3 0 54.033058 15.598 30
13185 3766 3 0 56.489105 12.762 30
13186 3766 3 0 55.261082 13.471 30
13187 3766 3 0 55.261082 14.889 30
13188 3766 3 0 56.489105 15.598 30
13189 3766 3 0 58.945152 12.762 30
13190 3766 3 0 57.717129 13.471 30
13191 3766 3 0 57.717129 14.889 30
13192 3766 3 0 58.945152 15.598 30
13193 3766 3 0 0 17.016001 30
13194 3766 3 0 -1.228024 17.725 30
13195 3766 3 0 -1.228024 19.143 30
13196 3766 3 0 0 19.851999 30
13197 3766 3 0 2.456048 17.016001 30
13198 3766 3 0 1.228024 17.725 30
13199 3766 3 0 1.228024 19.143 30
13200 3766 3 0 2.456048 19.851999 30
13201 3766 3 0 4.912096 17.016001 30
13202 3766 3 0 3.684072 17.725 30
13203 3766 3 0 3.684072 19.143 30
13204 3766 3 0 4.912096 19.851999 30
13205 3766 3 0 7.368144 17.016001 30
13206 3766 3 0 6.14012 17.725 30
13207 3766 3 0 6.14012 19.143 30
13208 3766 3 0 7.368144 19.851999 30
13209 3766 3 0 9.824192 17.016001 30
13210 3766 3 0 8.596169 17.725 30
13211 3766 3 0 8.596169 19.143 30
13212 3766 3 0 9.824192 19.851999 30
13213 3766 3 0 12.28024 17.016001 30
13214 3766 3 0 11.052217 17.725 30
13215 3766 3 0 11.052217 19.143 30
13216 3766 3 0 12.28024 19.851999 30
13217 3766 3 0 14.736288 17.016001 30
13218 3766 3 0 13.508265 17.725 30
13219 3766 3 0 13.508265 19.143 30
13220 3766 3 0 14.736288 19.851999 30
13221 3766 3 0 17.192337 17.016001 30
13222 3766 3 0 15.964313 17.725 30
13223 3766 3 0 15.964313 19.143 30
13224 3766 3 0 17.192337 19.851999 30
13225 3766 3 0 19.648384 17.016001 30
13226 3766 3 0 18.420361 17.725 30
13227 3766 3 0 18.420361 19.143 30
13228 3766 3 0 19.648384 19.851999 30
13229 3766 3 0 22.104433 17.016001 30
13230 3766 3 0 20.876408 17.725 30
13231 3766 3 0 20.876408 19.143 30
13232 3766 3 0 22.104433 19.851999 30
13233 3766 3 0 24.56048 17.016001 30
13234 3766 3 0 23.332457 17.725 30
13235 3766 3 0 23.332457 19.143 30
13236 3766 3 0 24.56048 19.851999 30
13237 3766 3 0 27.016529 17.016001 30
13238 3766 3 0 25.788504 17.725 30
13239 3766 3 0 25.788504 19.143 30
13240 3766 3 0 27.016529 19.851999 30
13241 3766 3 0 29.472576 17.016001 30
13242 3766 3 0 28.244553 17.725 30
13243 3766 3 0 28.244553 19.143 30
13244 3766 3 0 29.472576 19.851999 30
13245 3766 3 0 31.928625 17.016001 30
13246 3766 3 0 30.7006 17.725 30
13247 3766 3 0 30.7006 19.143 30
13248 3766 3 0 31.928625 19.851999 30
13249 3766 3 0 34.384674 17.016001 30
13250 3766 3 0 33.156647 17.725 30
13251 3766 3 0 33.156647 19.143 30
13252 3766 3 0 34.384674 19.851999 30
13253 3766 3 0 36.840721 17.016001 30
13254 3766 3 0 35.612698 17.725 30
13255 3766 3 0 35.612698 19.143 30
13256 3766 3 0 36.840721 19.851999 30
13257 3766 3 0 39.296768 17.016001 30
13258 3766 3 0 38.068745 17.725 30
13259 3766 3 0 38.068745 19.143 30
13260 3766 3 0 39.296768 19.851999 30
13261 3766 3 0 41.752815 17.016001 30
13262 3766 3 0 40.524792 17.725 30
13263 3766 3 0 40.524792 19.143 30
13264 3766 3 0 41.752815 19.851999 30
13265 3766 3 0 44.208866 17.016001 30
13266 3766 3 0 42.980843 17.725 30
13267 3766 3 0 42.980843 19.143 30
13268 3766 3 0 44.208866 19.851999 30
13269 3766 3 0 46.664913 17.016001 30
13270 3766 3 0 45.43689 17.725 30
13271 3766 3 0 45.43689 19.143 30
13272 3766 3 0 46.664913 19.851999 30
13273 3766 3 0 49.12096 17.016001 30
13274 3766 3 0 47.892937 17.725 30
13275 3766 3 0 47.892937 19.143 30
13276 3766 3 0 49.12096 19.851999 30
13277 3766 3 0 51.577007 17.016001 30
13278 3766 3 0 50.348984 17.725 30
13279 3766 3 0 50.348984 19.143 30
13280 3766 3 0 51.577007 19.851999 30
13281 3766 3 0 54.033058 17.016001 30
13282 3766 3 0 52.805035 17.725 30
13283 3766 3 0 52.805035 19.143 30
13284 3766 3 0 54.033058 19.851999 30
13285 3766 3 0 56.489105 17.016001 30
13286 3766 3 0 55.261082 17.725 30
13287 3766 3 0 55.261082 19.143 30
13288 3766 3 0 56.489105 19.851999 30
13289 3766 3 0 58.945152 17.016001 30
13290 3766 3 0 57.717129 17.725 30
13291 3766 3 0 57.717129 19.143 30
13292 3766 3 0 58.945152 19.851999 30
13293 3766 3 0 0 21.27 30
13294 3766 3 0 -1.228024 21.979 30
13295 3766 3 0 -1.228024 23.396999 30
13296 3766 3 0 0 24.106001 30
13297 3766 3 0 2.456048 21.27 30
13298 3766 3 0 1.228024 21.979 30
13299 3766 3 0 1.228024 23.396999 30
13300 3766 3 0 2.456048 24.106001 30
13301 3766 3 0 4.912096 21.27 30
13302 3766 3 0 3.684072 21.979 30
13303 3766 3 0 3.684072 23.396999 30
13304 3766 3 0 4.912096 24.106001 30
13305 3766 3 0 7.368144 21.27 30
13306 3766 3 0 6.14012 21.979 30
13307 3766 3 0 6.14012 23.396999 30
13308 3766 3 0 7.368144 24.106001 30
13309 3766 3 0 9.824192 21.27 30
13310 3766 3 0 8.596169 21.979 30
13311 3766 3 0 8.596169 23.396999 30
13312 3766 3 0 9.824192 24.106001 30
13313 3766 3 0 12.28024 21.27 30
13314 3766 3 0 11.052217 21.979 30
13315 3766 3 0 11.052217 23.396999 30
13316 3766 3 0 12.28024 24.106001 30
13317 3766 3 0 14.736288 21.27 30
13318 3766 3 0 13.508265 21.979 30
13319 3766 3 0 13.508265 23.396999 30
13320 3766 3 0 14.736288 24.106001 30
13321 3766 3 0 17.192337 21.27 30
13322 3766 3 0 15.964313 21.979 30
13323 3766 3 0 15.964313 23.396999 30
13324 3766 3 0 17.192337 24.106001 30
13325 3766 3 0 19.648384 21.27 30
13326 3766 3 0 18.420361 21.979 30
13327 3766 3 0 18.420361 23.396999 30
13328 3766 3 0 19.648384 24.106001 30
13329 3766 3 0 22.104433 21.27 30
13330 3766 3 0 20.876408 21.979 30
13331 3766 3 0 20.876408 23.396999 30
13332 3766 3 0 22.104433 24.106001 30
13333 3766 3 0 24.56048 21.27 30
13334 3766 3 0 23.332457 21.979 30
13335 3766 3 0 23.332457 23.396999 30
13336 3766 3 0 24.56048 24.106001 30
13337 3766 3 0 27.016529 21.27 30
13338 3766 3 0 25.788504 21.979 30
13339 3766 3 0 25.788504 23.396999 30
13340 3766 3 0 27.016529 24.106001 30
13341 3766 3 0 29.472576 21.27 30
13342 3766 3 0 28.244553 21.979 30
13343 3766 3 0 28.244553 23.396999 30
13344 3766 3 0 29.472576 24.106001 30
13345 3766 3 0 31.928625 21.27 30
13346 3766 3 0 30.7006 21.979 30
13347 3766 3 0 30.7006 23.396999 30
13348 3766 3 0 31.928625 24.106001 30
13349 3766 3 0 34.384674 21.27 30
13350 3766 3 0 33.156647 21.979 30
13351 3766 3 0 33.156647 23.396999 30
13352 3766 3 0 34.384674 24.106001 30
13353 3766 3 0 36.840721 21.27 30
13354 3766 3 0 35.612698 21.979 30
13355 3766 3 0 35.612698 23.396999 30
13356 3766 3 0 36.840721 24.106001 30
13357 3766 3 0 39.296768 21.27 30
13358 3766 3 0 38.068745 21.979 30
13359 3766 3 0 38.068745 23.396999 30
13360 3766 3 0 39.296768 24.106001 30
13361 3766 3 0 41.752815 21.27 30
13362 3766 3 0 40.524792 21.979 30
13363 3766 3 0 40.524792 23.396999 30
13364 3766 3 0 41.752815 24.106001 30
13365 3766 3 0 44.208866 21.27 30
13366 3766 3 0 42.980843 21.979 30
13367 3766 3 0 42.980843 23.396999 30
13368 3766 3 0 44.208866 24.106001 30
13369 3766 3 0 46.664913 21.27 30
13370 3766 3 0 45.43689 21.979 30
13371 3766 3 0 45.43689 23.396999 30
13372 3766 3 0 46.664913 24.106001 30
13373 3766 3 0 49.12096 21.27 30
13374 3766 3 0 47.892937 21.979 30
13375 3766 3 0 47.892937 23.396999 30
13376 3766 3 0 49.12096 24.106001 30
13377 3766 3 0 51.577007 21.27 30
13378 3766 3 0 50.348984 21.979 30
13379 3766 3 0 50.348984 23.396999 30
13380 3766 3 0 51.577007 24.106001 30
13381 3766 3 0 54.033058 21.27 30
13382 3766 3 0 52.805035 21.979 30
13383 3766 3 0 52.805035 23.396999 30
13384 3766 3 0 54.033058 24.106001 30
13385 3766 3 0 56.489105 21.27 30
13386 3766 3 0 55.261082 21.979 30
13387 3766 3 0 55.261082 23.396999 30
13388 3766 3 0 56.489105 24.106001 30
13389 3766 3 0 58.945152 21.27 30
13390 3766 3 0 57.717129 21.979 30
13391 3766 3 0 57.717129 23.396999 30
13392 3766 3 0 58.945152 24.106001 30
13393 3766 3 0 0 25.524 30
13394 3766 3 0 -1.228024 26.233 30
13395 3766 3 0 -1.228024 27.650999 30
13396 3766 3 0 0 28.360001 30
13397 3766 3 0 2.456048 25.524 30
13398 3766 3 0 1.228024 26.233 30
13399 3766 3 0 1.228024 27.650999 30
13400 3766 3 0 2.456048 28.360001 30
13401 3766 3 0 4.912096 25.524 30
13402 3766 3 0 3.684072 26.233 30
13403 3766 3 0 3.684072 27.650999 30
13404 3766 3 0 4.912096 28.360001 30
13405 3766 3 0 7.368144 25.524 30
13406 3766 3 0 6.14012 26.233 30
13407 3766 3 0 6.14012 27.650999 30
13408 3766 3 0 7.368144 28.360001 30
13409 3766 3 0 9.824192 25.524 30
13410 3766 3 0 8.596169 26.233 30
13411 3766 3 0 8.596169 27.650999 30
13412 3766 3 0 9.824192 28.360001 30
13413 3766 3 0 12.28024 25.524 30
13414 3766 3 0 11.052217 26.233 30
13415 3766 3 0 11.052217 27.650999 30
13416 3766 3 0 12.28024 28.360001 30
13417 3766 3 0 14.736288 25.524 30
13418 3766 3 0 13.508265 26.233 30
13419 3766 3 0 13.508265 27.650999 30
13420 3766 3 0 14.736288 28.360001 30
13421 3766 3 0 17.192337 25.524 30
13422 3766 3 0 15.964313 26.233 30
13423 3766 3 0 15.964313 27.650999 30
13424 3766 3 0 17.192337 28.360001 30
13425 3766 3 0 19.648384 25.524 30
13426 3766 3 0 18.420361 26.233 30
13427 3766 3 0 18.420361 27.650999 30
13428 3766 3 0 19.648384 28.360001 30
13429 3766 3 0 22.104433 25.524 30
13430 3766 3 0 20.876408 26.233 30
13431 3766 3 0 20.876408 27.650999 30
13432 3766 3 0 22.104433 28.360001 30
13433 3766 3 0 24.56048 25.524 30
13434 3766 3 0 23.332457 26.233 30
13435 3766 3 0 23.332457 27.650999 30
13436 3766 3 0 24.56048 28.360001 30
13437 3766 3 0 27.016529 25.524 30
13438 3766 3 0 25.788504 26.233 30
13439 3766 3 0 25.788504 27.650999 30
13440 3766 3 0 27.016529 28.360001 30
13441 3766 3 0 29.472576 25.524 30
13442 3766 3 0 28.244553 26.233 30
13443 3766 3 0 28.244553 27.650999 30
13444 3766 3 0 29.472576 28.360001 30
13445 3766 3 0 31.928625 25.524 30
13446 3766 3 0 30.7006 26.233 30
13447 3766 3 0 30.7006 27.650999 30
13448 3766 3 0 31.928625 28.360001 30
13449 3766 3 0 34.384674 25.524 30
13450 3766 3 0 33.156647 26.233 30
13451 3766 3 0 33.156647 27.650999 30
13452 3766 3 0 34.384674 28.360001 30
13453 3766 3 0 36.840721 25.524 30
13454 3766 3 0 35.612698 26.233 30
13455 3766 3 0 35.612698 27.650999 30
13456 3766 3 0 36.840721 28.360001 30
13457 3766 3 0 39.296768 25.524 30
13458 3766 3 0 38.068745 26.233 30
13459 3766 3 0 38.068745 27.650999 30
13460 3766 3 0 39.296768 28.360001 30
13461 3766 3 0 41.752815 25.524 30
13462 3766 3 0 40.524792 26.233 30
13463 3766 3 0 40.524792 27.650999 30
13464 3766 3 0 41.752815 28.360001 30
13465 3766 3 0 44.208866 25.524 30
13466 3766 3 0 42.980843 26.233 30
13467 3766 3 0 42.980843 27.650999 30
13468 3766 3 0 44.208866 28.360001 30
13469 3766 3 0 46.664913 25.524 30
13470 3766 3 0 45.43689 26.233 30
13471 3766 3 0 45.43689 27.650999 30
13472 3766 3 0 46.664913 28.360001 30
13473 3766 3 0 49.12096 25.524 30
13474 3766 3 0 47.892937 26.233 30
13475 3766 3 0 47.892937 27.650999 30
13476 3766 3 0 49.12096 28.360001 30
13477 3766 3 0 51.577007 25.524 30
13478 3766 3 0 50.348984 26.233 30
13479 3766 3 0 50.348984 27.650999 30
13480 3766 3 0 51.577007 28.360001 30
13481 3766 3 0 54.033058 25.524 30
13482 3766 3 0 52.805035 26.233 30
13483 3766 3 0 52.805035 27.650999 30
13484 3766 3 0 54.033058 28.360001 30
13485 3766 3 0 56.489105 25.524 30
13486 3766 3 0 55.261082 26.233 30
13487 3766 3 0 55.261082 27.650999 30
13488 3766 3 0 56.489105 28.360001 30
13489 3766 3 0 58.945152 25.524 30
13490 3766 3 0 57.717129 26.233 30
13491 3766 3 0 57.717129 27.650999 30
13492 3766 3 0 58.945152 28.360001 30
13493 3766 3 0 0 29.778 30
13494 3766 3 0 -1.228024 30.487 30
13495 3766 3 0 -1.228024 31.905001 30
13496 3766 3 0 0 32.613998 30
13497 3766 3 0 2.456048 29.778 30
13498 3766 3 0 1.228024 30.487 30
13499 3766 3 0 1.228024 31.905001 30
13500 3766 3 0 2.456048 32.613998 30
13501 3766 3 0 4.912096 29.778 30
13502 3766 3 0 3.684072 30.487 30
13503 3766 3 0 3.684072 31.905001 30
13504 3766 3 0 4.912096 32.613998 30
13505 3766 3 0 7.368144 29.778 30
13506 3766 3 0 6.14012 30.487 30
13507 3766 3 0 6.14012 31.905001 30
13508 3766 3 0 7.368144 32.613998 30
13509 3766 3 0 9.824192 29.778 30
13510 3766 3 0 8.596169 30.487 30
13511 3766 3 0 8.596169 31.905001 30
13512 3766 3 0 9.824192 32.613998 30
13513 3766 3 0 12.28024 29.778 30
13514 3766 3 0 11.052217 30.487 30
13515 3766 3 0 11.052217 31.905001 30
13516 3766 3 0 12.28024 32.613998 30
13517 3766 3 0 14.736288 29.778 30
13518 3766 3 0 13.508265 30.487 30
13519 3766 3 0 13.508265 31.905001 30
13520 3766 3 0 14.736288 32.613998 30
13521 3766 3 0 17.192337 29.778 30
13522 3766 3 0 15.964313 30.487 30
13523 3766 3 0 15.964313 31.905001 30
13524 3766 3 0 17.192337 32.613998 30
13525 3766 3 0 19.648384 29.778 30
13526 3766 3 0 18.420361 30.487 30
13527 3766 3 0 18.420361 31.905001 30
13528 3766 3 0 19.648384 32.613998 30
13529 3766 3 0 22.104433 29.778 30
13530 3766 3 0 20.876408 30.487 30
13531 3766 3 0 20.876408 31.905001 30
13532 3766 3 0 22.104433 32.613998 30
13533 3766 3 0 24.56048 29.778 30
13534 3766 3 0 23.332457 30.487 30
13535 3766 3 0 23.332457 31.905001 30
13536 3766 3 0 24.56048 32.613998 30
13537 3766 3 0 27.016529 29.778 30
13538 3766 3 0 25.788504 30.487 30
13539 3766 3 0 25.788504 31.905001 30
13540 3766 3 0 27.016529 32.613998 30
13541 3766 3 0 29.472576 29.778 30
13542 3766 3 0 28.244553 30.487 30
13543 3766 3 0 28.244553 31.905001 30
13544 3766 3 0 29.472576 32.613998 30
13545 3766 3 0 31.928625 29.778 30
13546 3766 3 0 30.7006 30.487 30
13547 3766 3 0 30.7006 31.905001 30
13548 3766 3 0 31.928625 32.613998 30
13549 3766 3 0 34.384674 29.778 30
13550 3766 3 0 33.156647 30.487 30
13551 3766 3 0 33.156647 31.905001 30
13552 3766 3 0 34.384674 32.613998 30
13553 3766 3 0 36.840721 29.778 30
13554 3766 3 0 35.612698 30.487 30
13555 3766 3 0 35.612698 31.905001 30
13556 3766 3 0 36.840721 32.613998 30
13557 3766 3 0 39.296768 29.778 30
13558 3766 3 0 38.068745 30.487 30
13559 3766 3 0 38.068745 31.905001 30
13560 3766 3 0 39.296768 32.613998 30
13561 3766 3 0 41.752815 29.778 30
13562 3766 3 0 40.524792 30.487 30
13563 3766 3 0 40.524792 31.905001 30
13564 3766 3 0 41.752815 32.613998 30
13565 3766 3 0 44.208866 29.778 30
13566 3766 3 0 42.980843 30.487 30
13567 3766 3 0 42.980843 31.905001 30
13568 3766 3 0 44.208866 32.613998 30
13569 3766 3 0 46.664913 29.778 30
13570 3766 3 0 45.43689 30.487 30
13571 3766 3 0 45.43689 31.905001 30
13572 3766 3 0 46.664913 32.613998 30
13573 3766 3 0 49.12096 29.778 30
13574 3766 3 0 47.892937 30.487 30
13575 3766 3 0 47.892937 31.905001 30
13576 3766 3 0 49.12096 32.613998 30
13577 3766 3 0 51.577007 29.778 30
13578 3766 3 0 50.348984 30.487 30
13579 3766 3 0 50.348984 31.905001 30
13580 3766 3 0 51.577007 32.613998 30
13581 3766 3 0 54.033058 29.778 30
13582 3766 3 0 52.805035 30.487 30
13583 3766 3 0 52.805035 31.905001 30
13584 3766 3 0 54.033058 32.613998 30
13585 3766 3 0 56.489105 29.778 30
13586 3766 3 0 55.261082 30.487 30
13587 3766 3 0 55.261082 31.905001 30
13588 3766 3 0 56.489105 32.613998 30
13589 3766 3 0 58.945152 29.778 30
13590 3766 3 0 57.717129 30.487 30
13591 3766 3 0 57.717129 31.905001 30
13592 3766 3 0 58.945152 32.613998 30
13593 3766 3 0 0 34.032001 30
13594 3766 3 0 -1.228024 34.741001 30
13595 3766 3 0 -1.228024 36.159 30
13596 3766 3 0 0 36.868 30
13597 3766 3 0 2.456048 34.032001 30
13598 3766 3 0 1.228024 34.741001 30
13599 3766 3 0 1.228024 36.159 30
13600 3766 3 0 2.456048 36.868 30
13601 3766 3 0 4.912096 34.032001 30
13602 3766 3 0 3.684072 34.741001 30
13603 3766 3 0 3.684072 36.159 30
13604 3766 3 0 4.912096 36.868 30
13605 3766 3 0 7.368144 34.032001 30
13606 3766 3 0 6.14012 34.741001 30
13607 3766 3 0 6.14012 36.159 30
13608 3766 3 0 7.368144 36.868 30
13609 3766 3 0 9.824192 34.032001 30
13610 3766 3 0 8.596169 34.741001 30
13611 3766 3 0 8.596169 36.159 30
13612 3766 3 0 9.824192 36.868 30
13613 3766 3 0 12.28024 34.032001 30
13614 3766 3 0 11.052217 34.741001 30
13615 3766 3 0 11.052217 36.159 30
13616 3766 3 0 12.28024 36.868 30
13617 3766 3 0 14.736288 34.032001 30
13618 3766 3 0 13.508265 34.741001 30
13619 3766 3 0 13.508265 36.159 30
13620 3766 3 0 14.736288 36.868 30
13621 3766 3 0 17.192337 34.032001 30
13622 3766 3 0 15.964313 34.741001 30
13623 3766 3 0 15.964313 36.159 30
13624 3766 3 0 17.192337 36.868 30
13625 3766 3 0 19.648384 34.032001 30
13626 3766 3 0 18.420361 34.741001 30
13627 3766 3 0 18.420361 36.159 30
13628 3766 3 0 19.648384 36.868 30
13629 3766 3 0 22.104433 34.032001 30
13630 3766 3 0 20.876408 34.741001 30
13631 3766 3 0 20.876408 36.159 30
13632 3766 3 0 22.104433 36.868 30
13633 3766 3 0 24.56048 34.032001 30
13634 3766 3 0 23.332457 34.741001 30
13635 3766 3 0 23.332457 36.159 30
13636 3766 3 0 24.56048 36.868 30
13637 3766 3 0 27.016529 34.032001 30
13638 3766 3 0 25.788504 34.741001 30
13639 3766 3 0 25.788504 36.159 30
13640 3766 3 0 27.016529 36.868 30
13641 3766 3 0 29.472576 34.032001 30
13642 3766 3 0 28.244553 34.741001 30
13643 3766 3 0 28.244553 36.159 30
13644 3766 3 0 29.472576 36.868 30
13645 3766 3 0 31.928625 34.032001 30
13646 3766 3 0 30.7006 34.741001 30
13647 3766 3 0 30.7006 36.159 30
13648 3766 3 0 31.928625 36.868 30
13649 3766 3 0 34.384674 34.032001 30
13650 3766 3 0 33.156647 34.741001 30
13651 3766 3 0 33.156647 36.159 30
13652 3766 3 0 34.384674 36.868 30
13653 3766 3 0 36.840721 34.032001 30
13654 3766 3 0 35.612698 34.741001 30
13655 3766 3 0 35.612698 36.159 30
13656 3766 3 0 36.840721 36.868 30
13657 3766 3 0 39.296768 34.032001 30
13658 3766 3 0 38.068745 34.741001 30
13659 3766 3 0 38.068745 36.159 30
13660 3766 3 0 39.296768 36.868 30
13661 3766 3 0 41.752815 34.032001 30
13662 3766 3 0 40.524792 34.741001 30
13663 3766 3 0 40.524792 36.159 30
13664 3766 3 0 41.752815 36.868 30
13665 3766 3 0 44.208866 34.032001 30
13666 3766 3 0 42.980843 34.741001 30
13667 3766 3 0 42.980843 36.159 30
13668 3766 3 0 44.208866 36.868 30
13669 3766 3 0 46.664913 34.032001 30
13670 3766 3 0 45.43689 34.741001 30
13671 3766 3 0 45.43689 36.159 30
13672 3766 3 0 46.664913 36.868 30
13673 3766 3 0 49.12096 34.032001 30
13674 3766 3 0 47.892937 34.741001 30
13675 3766 3 0 47.892937 36.159 30
13676 3766 3 0 49.12096 36.868 30
13677 3766 3 0 51.577007 34.032001 30
13678 3766 3 0 50.348984 34.741001 30
13679 3766 3 0 50.348984 36.159 30
13680 3766 3 0 51.577007 36.868 30
13681 3766 3 0 54.033058 34.032001 30
13682 3766 3 0 52.805035 34.741001 30
13683 3766 3 0 52.805035 36.159 30
13684 3766 3 0 54.033058 36.868 30
13685 3766 3 0 56.489105 34.032001 30
13686 3766 3 0 55.261082 34.741001 30
13687 3766 3 0 55.261082 36.159 30
13688 3766 3 0 56.489105 36.868 30
13689 3766 3 0 58.945152 34.032001 30
13690 3766 3 0 57.717129 34.741001 30
13691 3766 3 0 57.717129 36.159 30
13692 3766 3 0 58.945152 36.868 30
13693 3766 3 0 0 38.285999 30
13694 3766 3 0 -1.228024 38.994999 30
13695 3766 3 0 -1.228024 40.412998 30
13696 3766 3 0 0 41.122002 30
13697 3766 3 0 2.456048 38.285999 30
13698 3766 3 0 1.228024 38.994999 30
13699 3766 3 0 1.228024 40.412998 30
13700 3766 3 0 2.456048 41.122002 30
13701 3766 3 0 4.912096 38.285999 30
13702 3766 3 0 3.684072 38.994999 30
13703 3766 3 0 3.684072 40.412998 30
13704 3766 3 0 4.912096 41.122002 30
13705 3766 3 0 7.368144 38.285999 30
13706 3766 3 0 6.14012 38.994999 30
13707 3766 3 0 6.14012 40.412998 30
13708 3766 3 0 7.368144 41.122002 30
13709 3766 3 0 9.824192 38.285999 30
13710 3766 3 0 8.596169 38.994999 30
13711 3766 3 0 8.596169 40.412998 30
13712 3766 3 0 9.824192 41.122002 30
13713 3766 3 0 12.28024 38.285999 30
13714 3766 3 0 11.052217 38.994999 30
13715 3766 3 0 11.052217 40.412998 30
13716 3766 3 0 12.28024 41.122002 30
13717 3766 3 0 14.736288 38.285999 30
13718 3766 3 0 13.508265 38.994999 30
13719 3766 3 0 13.508265 40.412998 30
13720 3766 3 0 14.736288 41.122002 30
13721 3766 3 0 17.192337 38.285999 30
13722 3766 3 0 15.964313 38.994999 30
13723 3766 3 0 15.964313 40.412998 30
13724 3766 3 0 17.192337 41.122002 30
13725 3766 3 0 19.648384 38.285999 30
13726 3766 3 0 18.420361 38.994999 30
13727 3766 3 0 18.420361 40.412998 30
13728 3766 3 0 19.648384 41.122002 30
13729 3766 3 0 22.104433 38.285999 30
13730 3766 3 0 20.876408 38.994999 30
13731 3766 3 0 20.876408 40.412998 30
13732 3766 3 0 22.104433 41.122002 30
13733 3766 3 0 24.56048 38.285999 30
13734 3766 3 0 23.332457 38.994999 30
13735 3766 3 0 23.332457 40.412998 30
13736 3766 3 0 24.56048 41.122002 30
13737 3766 3 0 27.016529 38.285999 30
13738 3766 3 0 25.788504 38.994999 30
13739 3766 3 0 25.788504 40.412998 30
13740 3766 3 0 27.016529 41.122002 30
13741 3766 3 0 29.472576 38.285999 30
13742 3766 3 0 28.244553 38.994999 30
13743 3766 3 0 28.244553 40.412998 30
13744 3766 3 0 29.472576 41.122002 30
13745 3766 3 0 31.928625 38.285999 30
13746 3766 3 0 30.7006 38.994999 30
13747 3766 3 0 30.7006 40.412998 30
13748 3766 3 0 31.928625 41.122002 30
13749 3766 3 0 34.384674 38.285999 30
13750 3766 3 0 33.156647 38.994999 30
13751 3766 3 0 33.156647 40.412998 30
13752 3766 3 0 34.384674 41.122002 30
13753 3766 3 0 36.840721 38.285999 30
13754 3766 3 0 35.612698 38.994999 30
13755 3766 3 0 35.612698 40.412998 30
13756 3766 3 0 36.840721 41.122002 30
13757 3766 3 0 39.296768 38.285999 30
13758 3766 3 0 38.068745 38.994999 30
13759 3766 3 0 38.068745 40.412998 30
13760 3766 3 0 39.296768 41.122002 30
13761 3766 3 0 41.752815 38.285999 30
13762 3766 3 0 40.524792 38.994999 30
13763 3766 3 0 40.524792 40.412998 30
13764 3766 3 0 41.752815 41.122002 30
13765 3766 3 0 44.208866 38.285999 30
13766 3766 3 0 42.980843 38.994999 30
13767 3766 3 0 42.980843 40.412998 30
13768 3766 3 0 44.208866 41.122002 30
13769 3766 3 0 46.664913 38.285999 30
13770 3766 3 0 45.43689 38.994999 30
13771 3766 3 0 45.43689 40.412998 30
13772 3766 3 0 46.664913 41.122002 30
13773 3766 3 0 49.12096 38.285999 30
13774 3766 3 0 47.892937 38.994999 30
13775 3766 3 0 47.892937 40.412998 30
13776 3766 3 0 49.12096 41.122002 30
13777 3766 3 0 51.577007 38.285999 30
13778 3766 3 0 50.348984 38.994999 30
13779 3766 3 0 50.348984 40.412998 30
13780 3766 3 0 51.577007 41.122002 30
13781 3766 3 0 54.033058 38.285999 30
13782 3766 3 0 52.805035 38.994999 30
13783 3766 3 0 52.805035 40.412998 30
13784 3766 3 0 54.033058 41.122002 30
13785 3766 3 0 56.489105 38.285999 30
13786 3766 3 0 55.261082 38.994999 30
13787 3766 3 0 55.261082 40.412998 30
13788 3766 3 0 56.489105 41.122002 30
13789 3766 3 0 58.945152 38.285999 30
13790 3766 3 0 57.717129 38.994999 30
13791 3766 3 0 57.717129 40.412998 30
13792 3766 3 0 58.945152 41.122002 30
13793 3766 3 0 0 42.540001 30
13794 3766 3 0 -1.228024 43.249001 30
13795 3766 3 0 -1.228024 44.667 30
13796 3766 3 0 0 45.375999 30
13797 3766 3 0 2.456048 42.540001 30
13798 3766 3 0 1.228024 43.249001 30
13799 3766 3 0 1.228024 44.667 30
13800 3766 3 0 2.456048 45.375999 30
13801 3766 3 0 4.912096 42.540001 30
13802 3766 3 0 3.684072 43.249001 30
13803 3766 3 0 3.684072 44.667 30
13804 3766 3 0 4.912096 45.375999 30
13805 3766 3 0 7.368144 42.540001 30
13806 3766 3 0 6.14012 43.249001 30
13807 3766 3 0 6.14012 44.667 30
13808 3766 3 0 7.368144 45.375999 30
13809 3766 3 0 9.824192 42.540001 30
13810 3766 3 0 8.596169 43.249001 30
13811 3766 3 0 8.596169 44.667 30
13812 3766 3 0 9.824192 45.375999 30
13813 3766 3 0 12.28024 42.540001 30
13814 3766 3 0 11.052217 43.249001 30
13815 3766 3 0 11.052217 44.667 30
13816 3766 3 0 12.28024 45.375999 30
13817 3766 3 0 14.736288 42.540001 30
13818 3766 3 0 13.508265 43.249001 30
13819 3766 3 0 13.508265 44.667 30
13820 3766 3 0 14.736288 45.375999 30
13821 3766 3 0 17.192337 42.540001 30
13822 3766 3 0 15.964313 43.249001 30
13823 3766 3 0 15.964313 44.667 30
13824 3766 3 0 17.192337 45.375999 30
13825 3766 3 0 19.648384 42.540001 30
13826 3766 3 0 18.420361 43.249001 30
13827 3766 3 0 18.420361 44.667 30
13828 3766 3 0 19.648384 45.375999 30
13829 3766 3 0 22.104433 42.540001 30
13830 3766 3 0 20.876408 43.249001 30
13831 3766 3 0 20.876408 44.667 30
13832 3766 3 0 22.104433 45.375999 30
13833 3766 3 0 24.56048 42.540001 30
13834 3766 3 0 23.332457 43.249001 30
13835 3766 3 0 23.332457 44.667 30
13836 3766 3 0 24.56048 45.375999 30
13837 3766 3 0 27.016529 42.540001 30
13838 3766 3 0 25.788504 43.249001 30
13839 3766 3 0 25.788504 44.667 30
13840 3766 3 0 27.016529 45.375999 30
13841 3766 3 0 29.472576 42.540001 30
13842 3766 3 0 28.244553 43.249001 30
13843 3766 3 0 28.244553 44.667 30
13844 3766 3 0 29.472576 45.375999 30
13845 3766 3 0 31.928625 42.540001 30
13846 3766 3 0 30.7006 43.249001 30
13847 3766 3 0 30.7006 44.667 30
13848 3766 3 0 31.928625 45.375999 30
13849 3766 3 0 34.384674 42.540001 30
13850 3766 3 0 33.156647 43.249001 30
13851 3766 3 0 33.156647 44.667 30
13852 3766 3 0 34.384674 45.375999 30
13853 3766 3 0 36.840721 42.540001 30
13854 3766 3 0 35.612698 43.249001 30
13855 3766 3 0 35.612698 44.667 30
13856 3766 3 0 36.840721 45.375999 30
13857 3766 3 0 39.296768 42.540001 30
13858 3766 3 0 38.068745 43.249001 30
13859 3766 3 0 38.068745 44.667 30
13860 3766 3 0 39.296768 45.375999 30
13861 3766 3 0 41.752815 42.540001 30
13862 3766 3 0 40.524792 43.249001 30
13863 3766 3 0 40.524792 44.667 30
13864 3766 3 0 41.752815 45.375999 30
13865 3766 3 0 44.208866 42.540001 30
13866 3766 3 0 42.980843 43.249001 30
13867 3766 3 0 42.980843 44.667 30
13868 3766 3 0 44.208866 45.375999 30
13869 3766 3 0 46.664913 42.540001 30
13870 3766 3 0 45.43689 43.249001 30
13871 3766 3 0 45.43689 44.667 30
13872 3766 3 0 46.664913 45.375999 30
13873 3766 3 0 49.12096 42.540001 30
13874 3766 3 0 47.892937 43.249001 30
13875 3766 3 0 47.892937 44.667 30
13876 3766 3 0 49.12096 45.375999 30
13877 3766 3 0 51.577007 42.540001 30
13878 3766 3 0 50.348984 43.249001 30
13879 3766 3 0 50.348984 44.667 30
13880 3766 3 0 51.577007 45.375999 30
13881 3766 3 0 54.033058 42.540001 30
13882 3766 3 0 52.805035 43.249001 30
13883 3766 3 0 52.805035 44.667 30
13884 3766 3 0 54.033058 45.375999 30
13885 3766 3 0 56.489105 42.540001 30
13886 3766 3 0 55.261082 43.249001 30
13887 3766 3 0 55.261082 44.667 30
13888 3766 3 0 56.489105 45.375999 30
13889 3766 3 0 58.945152 42.540001 30
13890 3766 3 0 57.717129 43.249001 30
13891 3766 3 0 57.717129 44.667 30
13892 3766 3 0 58.945152 45.375999 30
13893 3766 3 0 0 46.793999 30
13894 3766 3 0 -1.228024 47.502998 30
13895 3766 3 0 -1.228024 48.921001 30
13896 3766 3 0 0 49.630001 30
13897 3766 3 0 2.456048 46.793999 30
13898 3766 3 0 1.228024 47.502998 30
13899 3766 3 0 1.228024 48.921001 30
13900 3766 3 0 2.456048 49.630001 30
13901 3766 3 0 4.912096 46.793999 30
13902 3766 3 0 3.684072 47.502998 30
13903 3766 3 0 3.684072 48.921001 30
13904 3766 3 0 4.912096 49.630001 30
13905 3766 3 0 7.368144 46.793999 30
13906 3766 3 0 6.14012 47.502998 30
13907 3766 3 0 6.14012 48.921001 30
13908 3766 3 0 7.368144 49.630001 30
13909 3766 3 0 9.824192 46.793999 30
13910 3766 3 0 8.596169 47.502998 30
13911 3766 3 0 8.596169 48.921001 30
13912 3766 3 0 9.824192 49.630001 30
13913 3766 3 0 12.28024 46.793999 30
13914 3766 3 0 11.052217 47.502998 30
13915 3766 3 0 11.052217 48.921001 30
13916 3766 3 0 12.28024 49.630001 30
13917 3766 3 0 14.736288 46.793999 30
13918 3766 3 0 13.508265 47.502998 30
13919 3766 3 0 13.508265 48.921001 30
13920 3766 3 0 14.736288 49.630001 30
13921 3766 3 0 17.192337 46.793999 30
13922 3766 3 0 15.964313 47.502998 30
13923 3766 3 0 15.964313 48.921001 30
13924 3766 3 0 17.192337 49.630001 30
13925 3766 3 0 19.648384 46.793999 30
13926 3766 3 0 18.420361 47.502998 30
13927 3766 3 0 18.420361 48.921001 30
13928 3766 3 0 19.648384 49.630001 30
13929 3766 3 0 22.104433 46.793999 30
13930 3766 3 0 20.876408 47.502998 30
13931 3766 3 0 20.876408 48.921001 30
13932 3766 3 0 22.104433 49.630001 30
13933 3766 3 0 24.56048 46.793999 30
13934 3766 3 0 23.332457 47.502998 30
13935 3766 3 0 23.332457 48.921001 30
13936 3766 3 0 24.56048 49.630001 30
13937 3766 3 0 27.016529 46.793999 30
13938 3766 3 0 25.788504 47.502998 30
13939 3766 3 0 25.788504 48.921001 30
13940 3766 3 0 27.016529 49.630001 30
13941 3766 3 0 29.472576 46.793999 30
13942 3766 3 0 28.244553 47.502998 30
13943 3766 3 0 28.244553 48.921001 30
13944 3766 3 0 29.472576 49.630001 30
13945 3766 3 0 31.928625 46.793999 30
13946 3766 3 0 30.7006 47.502998 30
13947 3766 3 0 30.7006 48.921001 30
13948 3766 3 0 31.928625 49.630001 30
13949 3766 3 0 34.384674 46.793999 30
13950 3766 3 0 33.156647 47.502998 30
13951 3766 3 0 33.156647 48.921001 30
13952 3766 3 0 34.384674 49.630001 30
13953 3766 3 0 36.840721 46.793999 30
13954 3766 3 0 35.612698 47.502998 30
13955 3766 3 0 35.612698 48.921001 30
13956 3766 3 0 36.840721 49.630001 30
13957 3766 3 0 39.296768 46.793999 30
13958 3766 3 0 38.068745 47.502998 30
13959 3766 3 0 38.068745 48.921001 30
13960 3766 3 0 39.296768 49.630001 30
13961 3766 3 0 41.752815 46.793999 30
13962 3766 3 0 40.524792 47.502998 30
13963 3766 3 0 40.524792 48.921001 30
13964 3766 3 0 41.752815 49.630001 30
13965 3766 3 0 44.208866 46.793999 30
13966 3766 3 0 42.980843 47.502998 30
13967 3766 3 0 42.980843 48.921001 30
13968 3766 3 0 44.208866 49.630001 30
13969 3766 3 0 46.664913 46.793999 30
13970 3766 3 0 45.43689 47.502998 30
13971 3766 3 0 45.43689 48.921001 30
13972 3766 3 0 46.664913 49.630001 30
13973 3766 3 0 49.12096 46.793999 30
13974 3766 3 0 47.892937 47.502998 30
13975 3766 3 0 47.892937 48.921001 30
13976 3766 3 0 49.12096 49.630001 30
13977 3766 3 0 51.577007 46.793999 30
13978 3766 3 0 50.348984 47.502998 30
13979 3766 3 0 50.348984 48.921001 30
13980 3766 3 0 51.577007 49.630001 30
13981 3766 3 0 54.033058 46.793999 30
13982 3766 3 0 52.805035 47.502998 30
13983 3766 3 0 52.805035 48.921001 30
13984 3766 3 0 54.033058 49.630001 30
13985 3766 3 0 56.489105 46.793999 30
13986 3766 3 0 55.261082 47.502998 30
13987 3766 3 0 55.261082 48.921001 30
13988 3766 3 0 56.489105 49.630001 30
13989 3766 3 0 58.945152 46.793999 30
13990 3766 3 0 57.717129 47.502998 30
13991 3766 3 0 57.717129 48.921001 30
13992 3766 3 0 58.945152 49.630001 30
13993 3766 3 0 0 51.048 30
13994 3766 3 0 -1.228024 51.757 30
13995 3766 3 0 -1.228024 53.174999 30
13996 3766 3 0 0 53.883999 30
13997 3766 3 0 2.456048 51.048 30
13998 3766 3 0 1.228024 51.757 30
13999 3766 3 0 1.228024 53.174999 30
14000 3766 3 0 2.456048 53.883999 30
14001 3766 3 0 4.912096 51.048 30
14002 3766 3 0 3.684072 51.757 30
14003 3766 3 0 3.684072 53.174999 30
14004 3766 3 0 4.912096 53.883999 30
14005 3766 3 0 7.368144 51.048 30
14006 3766 3 0 6.14012 51.757 30
14007 3766 3 0 6.14012 53.174999 30
14008 3766 3 0 7.368144 53.883999 30
14009 3766 3 0 9.824192 51.048 30
14010 3766 3 0 8.596169 51.757 30
14011 3766 3 0 8.596169 53.174999 30
14012 3766 3 0 9.824192 53.883999 30
14013 3766 3 0 12.28024 51.048 30
14014 3766 3 0 11.052217 51.757 30
14015 3766 3 0 11.052217 53.174999 30
14016 3766 3 0 12.28024 53.883999 30
14017 3766 3 0 14.736288 51.048 30
14018 3766 3 0 13.508265 51.757 30
14019 3766 3 0 13.508265 53.174999 30
14020 3766 3 0 14.736288 53.883999 30
14021 3766 3 0 17.192337 51.048 30
14022 3766 3 0 15.964313 51.757 30
14023 3766 3 0 15.964313 53.174999 30
14024 3766 3 0 17.192337 53.883999 30
14025 3766 3 0 19.648384 51.048 30
14026 3766 3 0 18.420361 51.757 30
14027 3766 3 0 18.420361 53.174999 30
14028 3766 3 0 19.648384 53.883999 30
14029 3766 3 0 22.104433 51.048 30
14030 3766 3 0 20.876408 51.757 30
14031 3766 3 0 20.876408 53.174999 30
14032 3766 3 0 22.104433 53.883999 30
14033 3766 3 0 24.56048 51.048 30
14034 3766 3 0 23.332457 51.757 30
14035 3766 3 0 23.332457 53.174999 30
14036 3766 3 0 24.56048 53.883999 30
14037 3766 3 0 27.016529 51.048 30
14038 3766 3 0 25.788504 51.757 30
14039 3766 3 0 25.788504 53.174999 30
14040 3766 3 0 27.016529 53.883999 30
14041 3766 3 0 29.472576 51.048 30
14042 3766 3 0 28.244553 51.757 30
14043 3766 3 0 28.244553 53.174999 30
14044 3766 3 0 29.472576 53.883999 30
14045 3766 3 0 31.928625 51.048 30
14046 3766 3 0 30.7006 51.757 30
14047 3766 3 0 30.7006 53.174999 30
14048 3766 3 0 31.928625 53.883999 30
14049 3766 3 0 34.384674 51.048 30
14050 3766 3 0 33.156647 51.757 30
14051 3766 3 0 33.156647 53.174999 30
14052 3766 3 0 34.384674 53.883999 30
14053 3766 3 0 36.840721 51.048 30
14054 3766 3 0 35.612698 51.757 30
14055 3766 3 0 35.612698 53.174999 30
14056 3766 3 0 36.840721 53.883999 30
14057 3766 3 0 39.296768 51.048 30
14058 3766 3 0 38.068745 51.757 30
14059 3766 3 0 38.068745 53.174999 30
14060 3766 3 0 39.296768 53.883999 30
14061 3766 3 0 41.752815 51.048 30
14062 3766 3 0 40.524792 51.757 30
14063 3766 3 0 40.524792 53.174999 30
14064 3766 3 0 41.752815 53.883999 30
14065 3766 3 0 44.208866 51.048 30
14066 3766 3 0 42.980843 51.757 30
14067 3766 3 0 42.980843 53.174999 30
14068 3766 3 0 44.208866 53.883999 30
14069 3766 3 0 46.664913 51.048 30
14070 3766 3 0 45.43689 51.757 30
14071 3766 3 0 45.43689 53.174999 30
14072 3766 3 0 46.664913 53.883999 30
14073 3766 3 0 49.12096 51.048 30
14074 3766 3 0 47.892937 51.757 30
14075 3766 3 0 47.892937 53.174999 30
14076 3766 3 0 49.12096 53.883999 30
14077 3766 3 0 51.577007 51.048 30
14078 3766 3 0 50.348984 51.757 30
14079 3766 3 0 50.348984 53.174999 30
14080 3766 3 0 51.577007 53.883999 30
14081 3766 3 0 54.033058 51.048 30
14082 3766 3 0 52.805035 51.757 30
14083 3766 3 0 52.805035 53.174999 30
14084 3766 3 0 54.033058 53.883999 30
14085 3766 3 0 56.489105 51.048 30
14086 3766 3 0 55.261082 51.757 30
14087 3766 3 0 55.261082 53.174999 30
14088 3766 3 0 56.489105 53.883999 30
14089 3766 3 0 58.945152 51.048 30
14090 3766 3 0 57.717129 51.757 30
14091 3766 3 0 57.717129 53.174999 30
14092 3766 3 0 58.945152 53.883999 30
14093 3766 3 0 0 55.301998 30
14094 3766 3 0 -1.228024 56.011002 30
14095 3766 3 0 -1.228024 57.429001 30
14096 3766 3 0 0 58.138 30
14097 3766 3 0 2.456048 55.301998 30
14098 3766 3 0 1.228024 56.011002 30
14099 3766 3 0 1.228024 57.429001 30
14100 3766 3 0 2.456048 58.138 30
14101 3766 3 0 4.912096 55.301998 30
14102 3766 3 0 3.684072 56.011002 30
14103 3766 3 0 3.684072 57.429001 30
14104 3766 3 0 4.912096 58.138 30
14105 3766 3 0 7.368144 55.301998 30
14106 3766 3 0 6.14012 56.011002 30
14107 3766 3 0 6.14012 57.429001 30
14108 3766 3 0 7.368144 58.138 30
14109 3766 3 0 9.824192 55.301998 30
14110 3766 3 0 8.596169 56.011002 30
14111 3766 3 0 8.596169 57.429001 30
14112 3766 3 0 9.824192 58.138 30
14113 3766 3 0 12.28024 55.301998 30
14114 3766 3 0 11.052217 56.011002 30
14115 3766 3 0 11.052217 57.429001 30
14116 3766 3 0 12.28024 58.138 30
14117 3766 3 0 14.736288 55.301998 30
14118 3766 3 0 13.508265 56.011002 30
14119 3766 3 0 13.508265 57.429001 30
14120 3766 3 0 14.736288 58.138 30
14121 3766 3 0 17.192337 55.301998 30
14122 3766 3 0 15.964313 56.011002 30
14123 3766 3 0 15.964313 57.429001 30
14124 3766 3 0 17.192337 58.138 30
14125 3766 3 0 19.648384 55.301998 30
14126 3766 3 0 18.420361 56.011002 30
14127 3766 3 0 18.420361 57.429001 30
14128 3766 3 0 19.648384 58.138 30
14129 3766 3 0 22.104433 55.301998 30
14130 3766 3 0 20.876408 56.011002 30
14131 3766 3 0 20.876408 57.429001 30
14132 3766 3 0 22.104433 58.138 30
14133 3766 3 0 24.56048 55.301998 30
14134 3766 3 0 23.332457 56.011002 30
14135 3766 3 0 23.332457 57.429001 30
14136 3766 3 0 24.56048 58.138 30
14137 3766 3 0 27.016529 55.301998 30
14138 3766 3 0 25.788504 56.011002 30
14139 3766 3 0 25.788504 57.429001 30
14140 3766 3 0 27.016529 58.138 30
14141 3766 3 0 29.472576 55.301998 30
14142 3766 3 0 28.244553 56.011002 30
14143 3766 3 0 28.244553 57.429001 30
14144 3766 3 0 29.472576 58.138 30
14145 3766 3 0 31.928625 55.301998 30
14146 3766 3 0 30.7006 56.011002 30
14147 3766 3 0 30.7006 57.429001 30
14148 3766 3 0 31.928625 58.138 30
14149 3766 3 0 34.384674 55.301998 30
14150 3766 3 0 33.156647 56.011002 30
14151 3766 3 0 33.156647 57.429001 30
14152 3766 3 0 34.384674 58.138 30
14153 3766 3 0 36.840721 55.301998 30
14154 3766 3 0 35.612698 56.011002 30
14155 3766 3 0 35.612698 57.429001 30
14156 3766 3 0 36.840721 58.138 30
14157 3766 3 0 39.296768 55.301998 30
14158 3766 3 0 38.068745 56.011002 30
14159 3766 3 0 38.068745 57.429001 30
14160 3766 3 0 39.296768 58.138 30
14161 3766 3 0 41.752815 55.301998 30
14162 3766 3 0 40.524792 56.011002 30
14163 3766 3 0 40.524792 57.429001 30
14164 3766 3 0 41.752815 58.138 30
14165 3766 3 0 44.208866 55.301998 30
14166 3766 3 0 42.980843 56.011002 30
14167 3766 3 0 42.980843 57.429001 30
14168 3766 3 0 44.208866 58.138 30
14169 3766 3 0 46.664913 55.301998 30
14170 3766 3 0 45.43689 56.011002 30
14171 3766 3 0 45.43689 57.429001 30
14172 3766 3 0 46.664913 58.138 30
14173 3766 3 0 49.12096 55.301998 30
14174 3766 3 0 47.892937 56.011002 30
14175 3766 3 0 47.892937 57.429001 30
14176 3766 3 0 49.12096 58.138 30
14177 3766 3 0 51.577007 55.301998 30
14178 3766 3 0 50.348984 56.011002 30
14179 3766 3 0 50.348984 57.429001 30
14180 3766 3 0 51.577007 58.138 30
14181 3766 3 0 54.033058 55.301998 30
14182 3766 3 0 52.805035 56.011002 30
14183 3766 3 0 52.805035 57.429001 30
14184 3766 3 0 54.033058 58.138 30
14185 3766 3 0 56.489105 55.301998 30
14186 3766 3 0 55.261082 56.011002 30
14187 3766 3 0 55.261082 57.429001 30
14188 3766 3 0 56.489105 58.138 30
14189 3766 3 0 58.945152 55.301998 30
14190 3766 3 0 57.717129 56.011002 30
14191 3766 3 0 57.717129 57.429001 30
14192 3766 3 0 58.945152 58.138 30
14193 3766 3 0 0 59.556 30
14194 3766 3 0 -1.228024 60.264999 30
14195 3766 3 0 -1.228024 61.682999 30
14196 3766 3 0 0 62.391998 30
14197 3766 3 0 2.456048 59.556 30
14198 3766 3 0 1.228024 60.264999 30
14199 3766 3 0 1.228024 61.682999 30
14200 3766 3 0 2.456048 62.391998 30
14201 3766 3 0 4.912096 59.556 30
14202 3766 3 0 3.684072 60.264999 30
14203 3766 3 0 3.684072 61.682999 30
14204 3766 3 0 4.912096 62.391998 30
14205 3766 3 0 7.368144 59.556 30
14206 3766 3 0 6.14012 60.264999 30
14207 3766 3 0 6.14012 61.682999 30
14208 3766 3 0 7.368144 62.391998 30
14209 3766 3 0 9.824192 59.556 30
14210 3766 3 0 8.596169 60.264999 30
14211 3766 3 0 8.596169 61.682999 30
14212 3766 3 0 9.824192 62.391998 30
14213 3766 3 0 12.28024 59.556 30
14214 3766 3 0 11.052217 60.264999 30
14215 3766 3 0 11.052217 61.682999 30
14216 3766 3 0 12.28024 62.391998 30
14217 3766 3 0 14.736288 59.556 30
14218 3766 3 0 13.508265 60.264999 30
14219 3766 3 0 13.508265 61.682999 30
14220 3766 3 0 14.736288 62.391998 30
14221 3766 3 0 17.192337 59.556 30
14222 3766 3 0 15.964313 60.264999 30
14223 3766 3 0 15.964313 61.682999 30
14224 3766 3 0 17.192337 62.391998 30
14225 3766 3 0 19.648384 59.556 30
14226 3766 3 0 18.420361 60.264999 30
14227 3766 3 0 18.420361 61.682999 30
14228 3766 3 0 19.648384 62.391998 30
14229 3766 3 0 22.104433 59.556 30
14230 3766 3 0 20.876408 60.264999 30
14231 3766 3 0 20.876408 61.682999 30
14232 3766 3 0 22.104433 62.391998 30
14233 3766 3 0 24.56048 59.556 30
14234 3766 3 0 23.332457 60.264999 30
14235 3766 3 0 23.332457 61.682999 30
14236 3766 3 0 24.56048 62.391998 30
14237 3766 3 0 27.016529 59.556 30
14238 3766 3 0 25.788504 60.264999 30
14239 3766 3 0 25.788504 61.682999 30
14240 3766 3 0 27.016529 62.391998 30
14241 3766 3 0 29.472576 59.556 30
14242 3766 3 0 28.244553 60.264999 30
14243 3766 3 0 28.244553 61.682999 30
14244 3766 3 0 29.472576 62.391998 30
14245 3766 3 0 31.928625 59.556 30
14246 3766 3 0 30.7006 60.264999 30
14247 3766 3 0 30.7006 61.682999 30
14248 3766 3 0 31.928625 62.391998 30
14249 3766 3 0 34.384674 59.556 30
14250 3766 3 0 33.156647 60.264999 30
14251 3766 3 0 33.156647 61.682999 30
14252 3766 3 0 34.384674 62.391998 30
14253 3766 3 0 36.840721 59.556 30
14254 3766 3 0 35.612698 60.264999 30
14255 3766 3 0 35.612698 61.682999 30
14256 3766 3 0 36.840721 62.391998 30
14257 3766 3 0 39.296768 59.556 30
14258 3766 3 0 38.068745 60.264999 30
14259 3766 3 0 38.068745 61.682999 30
14260 3766 3 0 39.296768 62.391998 30
14261 3766 3 0 41.752815 59.556 30
14262 3766 3 0 40.524792 60.264999 30
14263 3766 3 0 40.524792 61.682999 30
14264 3766 3 0 41.752815 62.391998 30
14265 3766 3 0 44.208866 59.556 30
14266 3766 3 0 42.980843 60.264999 30
14267 3766 3 0 42.980843 61.682999 30
14268 3766 3 0 44.208866 62.391998 30
14269 3766 3 0 46.664913 59.556 30
14270 3766 3 0 45.43689 60.264999 30
14271 3766 3 0 45.43689 61.682999 30
14272 3766 3 0 46.664913 62.391998 30
14273 3766 3 0 49.12096 59.556 30
14274 3766 3 0 47.892937 60.264999 30
14275 3766 3 0 47.892937 61.682999 30
14276 3766 3 0 49.12096 62.391998 30
14277 3766 3 0 51.577007 59.556 30
14278 3766 3 0 50.348984 60.264999 30
14279 3766 3 0 50.348984 61.682999 30
14280 3766 3 0 51.577007 62.391998 30
14281 3766 3 0 54.033058 59.556 30
14282 3766 3 0 52.805035 60.264999 30
14283 3766 3 0 52.805035 61.682999 30
14284 3766 3 0 54.033058 62.391998 30
14285 3766 3 0 56.489105 59.556 30
14286 3766 3 0 55.261082 60.264999 30
14287 3766 3 0 55.261082 61.682999 30
14288 3766 3 0 56.489105 62.391998 30
14289 3766 3 0 58.945152 59.556 30
14290 3766 3 0 57.717129 60.264999 30
14291 3766 3 0 57.717129 61.682999 30
14292 3766 3 0 58.945152 62.391998 30
