0
0.709
2.127
2.836
0
0.709
2.127
2.836
0
0.709
2.127
2.836
0
0.709
2.127
2.836
0
0.709
2.127
2.836
0
0.709
2.127
2.836
0
0.709
2.127
2.836
0
0.709
2.127
2.836
0
0.709
2.127
2.836
0
0.709
2.127
2.836
0
0.709
2.127
2.836
0
0.709
2.127
2.836
0
0.709
2.127
2.836
0
0.709
2.127
2.836
0
0.709
2.127
2.836
0
0.709
2.127
2.836
0
0.709
2.127
2.836
0
0.709
2.127
2.836
0
0.709
2.127
2.836
0
0.709
2.127
2.836
0
0.709
2.127
2.836
0
0.709
2.127
2.836
0
0.709
2.127
2.836
0
0.709
2.127
2.836
0
0.709
2.127
2.836
4.254
4.963
6.381
7.09
4.254
4.963
6.381
7.09
4.254
4.963
6.381
7.09
4.254
4.963
6.381
7.09
4.254
4.963
6.381
7.09
4.254
4.963
6.381
7.09
4.254
4.963
6.381
7.09
4.254
4.963
6.381
7.09
4.254
4.963
6.381
7.09
4.254
4.963
6.381
7.09
4.254
4.963
6.381
7.09
4.254
4.963
6.381
7.09
4.254
4.963
6.381
7.09
4.254
4.963
6.381
7.09
4.254
4.963
6.381
7.09
4.254
4.963
6.381
7.09
4.254
4.963
6.381
7.09
4.254
4.963
6.381
7.09
4.254
4.963
6.381
7.09
4.254
4.963
6.381
7.09
4.254
4.963
6.381
7.09
4.254
4.963
6.381
7.09
4.254
4.963
6.381
7.09
4.254
4.963
6.381
7.09
4.254
4.963
6.381
7.09
8.508
9.217
10.635
11.344
8.508
9.217
10.635
11.344
8.508
9.217
10.635
11.344
8.508
9.217
10.635
11.344
8.508
9.217
10.635
11.344
8.508
9.217
10.635
11.344
8.508
9.217
10.635
11.344
8.508
9.217
10.635
11.344
8.508
9.217
10.635
11.344
8.508
9.217
10.635
11.344
8.508
9.217
10.635
11.344
8.508
9.217
10.635
11.344
8.508
9.217
10.635
11.344
8.508
9.217
10.635
11.344
8.508
9.217
10.635
11.344
8.508
9.217
10.635
11.344
8.508
9.217
10.635
11.344
8.508
9.217
10.635
11.344
8.508
9.217
10.635
11.344
8.508
9.217
10.635
11.344
8.508
9.217
10.635
11.344
8.508
9.217
10.635
11.344
8.508
9.217
10.635
11.344
8.508
9.217
10.635
11.344
8.508
9.217
10.635
11.344
12.762
13.471
14.889
15.598
12.762
13.471
14.889
15.598
12.762
13.471
14.889
15.598
12.762
13.471
14.889
15.598
12.762
13.471
14.889
15.598
12.762
13.471
14.889
15.598
12.762
13.471
14.889
15.598
12.762
13.471
14.889
15.598
12.762
13.471
14.889
15.598
12.762
13.471
14.889
15.598
12.762
13.471
14.889
15.598
12.762
13.471
14.889
15.598
12.762
13.471
14.889
15.598
12.762
13.471
14.889
15.598
12.762
13.471
14.889
15.598
12.762
13.471
14.889
15.598
12.762
13.471
14.889
15.598
12.762
13.471
14.889
15.598
12.762
13.471
14.889
15.598
12.762
13.471
14.889
15.598
12.762
13.471
14.889
15.598
12.762
13.471
14.889
15.598
12.762
13.471
14.889
15.598
12.762
13.471
14.889
15.598
12.762
13.471
14.889
15.598
17.016001
17.725
19.143
19.851999
17.016001
17.725
19.143
19.851999
17.016001
17.725
19.143
19.851999
17.016001
17.725
19.143
19.851999
17.016001
17.725
19.143
19.851999
17.016001
17.725
19.143
19.851999
17.016001
17.725
19.143
19.851999
17.016001
17.725
19.143
19.851999
17.016001
17.725
19.143
19.851999
17.016001
17.725
19.143
19.851999
17.016001
17.725
19.143
19.851999
17.016001
17.725
19.143
19.851999
17.016001
17.725
19.143
19.851999
17.016001
17.725
19.143
19.851999
17.016001
17.725
19.143
19.851999
17.016001
17.725
19.143
19.851999
17.016001
17.725
19.143
19.851999
17.016001
17.725
19.143
19.851999
17.016001
17.725
19.143
19.851999
17.016001
17.725
19.143
19.851999
17.016001
17.725
19.143
19.851999
17.016001
17.725
19.143
19.851999
17.016001
17.725
19.143
19.851999
17.016001
17.725
19.143
19.851999
17.016001
17.725
19.143
19.851999
21.27
21.979
23.396999
24.106001
21.27
21.979
23.396999
24.106001
21.27
21.979
23.396999
24.106001
21.27
21.979
23.396999
24.106001
21.27
21.979
23.396999
24.106001
21.27
21.979
23.396999
24.106001
21.27
21.979
23.396999
24.106001
21.27
21.979
23.396999
24.106001
21.27
21.979
23.396999
24.106001
21.27
21.979
23.396999
24.106001
21.27
21.979
23.396999
24.106001
21.27
21.979
23.396999
24.106001
21.27
21.979
23.396999
24.106001
21.27
21.979
23.396999
24.106001
21.27
21.979
23.396999
24.106001
21.27
21.979
23.396999
24.106001
21.27
21.979
23.396999
24.106001
21.27
21.979
23.396999
24.106001
21.27
21.979
23.396999
24.106001
21.27
21.979
23.396999
24.106001
21.27
21.979
23.396999
24.106001
21.27
21.979
23.396999
24.106001
21.27
21.979
23.396999
24.106001
21.27
21.979
23.396999
24.106001
21.27
21.979
23.396999
24.106001
25.524
26.233
27.650999
28.360001
25.524
26.233
27.650999
28.360001
25.524
26.233
27.650999
28.360001
25.524
26.233
27.650999
28.360001
25.524
26.233
27.650999
28.360001
25.524
26.233
27.650999
28.360001
25.524
26.233
27.650999
28.360001
25.524
26.233
27.650999
28.360001
25.524
26.233
27.650999
28.360001
25.524
26.233
27.650999
28.360001
25.524
26.233
27.650999
28.360001
25.524
26.233
27.650999
28.360001
25.524
26.233
27.650999
28.360001
25.524
26.233
27.650999
28.360001
25.524
26.233
27.650999
28.360001
25.524
26.233
27.650999
28.360001
25.524
26.233
27.650999
28.360001
25.524
26.233
27.650999
28.360001
25.524
26.233
27.650999
28.360001
25.524
26.233
27.650999
28.360001
25.524
26.233
27.650999
28.360001
25.524
26.233
27.650999
28.360001
25.524
26.233
27.650999
28.360001
25.524
26.233
27.650999
28.360001
25.524
26.233
27.650999
28.360001
29.778
30.487
31.905001
32.613998
29.778
30.487
31.905001
32.613998
29.778
30.487
31.905001
32.613998
29.778
30.487
31.905001
32.613998
29.778
30.487
31.905001
32.613998
29.778
30.487
31.905001
32.613998
29.778
30.487
31.905001
32.613998
29.778
30.487
31.905001
32.613998
29.778
30.487
31.905001
32.613998
29.778
30.487
31.905001
32.613998
29.778
30.487
31.905001
32.613998
29.778
30.487
31.905001
32.613998
29.778
30.487
31.905001
32.613998
29.778
30.487
31.905001
32.613998
29.778
30.487
31.905001
32.613998
29.778
30.487
31.905001
32.613998
29.778
30.487
31.905001
32.613998
29.778
30.487
31.905001
32.613998
29.778
30.487
31.905001
32.613998
29.778
30.487
31.905001
32.613998
29.778
30.487
31.905001
32.613998
29.778
30.487
31.905001
32.613998
29.778
30.487
31.905001
32.613998
29.778
30.487
31.905001
32.613998
29.778
30.487
31.905001
32.613998
34.032001
34.741001
36.159
36.868
34.032001
34.741001
36.159
36.868
34.032001
34.741001
36.159
36.868
34.032001
34.741001
36.159
36.868
34.032001
34.741001
36.159
36.868
34.032001
34.741001
36.159
36.868
34.032001
34.741001
36.159
36.868
34.032001
34.741001
36.159
36.868
34.032001
34.741001
36.159
36.868
34.032001
34.741001
36.159
36.868
34.032001
34.741001
36.159
36.868
34.032001
34.741001
36.159
36.868
34.032001
34.741001
36.159
36.868
34.032001
34.741001
36.159
36.868
34.032001
34.741001
36.159
36.868
34.032001
34.741001
36.159
36.868
34.032001
34.741001
36.159
36.868
34.032001
34.741001
36.159
36.868
34.032001
34.741001
36.159
36.868
34.032001
34.741001
36.159
36.868
34.032001
34.741001
36.159
36.868
34.032001
34.741001
36.159
36.868
34.032001
34.741001
36.159
36.868
34.032001
34.741001
36.159
36.868
34.032001
34.741001
36.159
36.868
38.285999
38.994999
40.412998
41.122002
38.285999
38.994999
40.412998
41.122002
38.285999
38.994999
40.412998
41.122002
38.285999
38.994999
40.412998
41.122002
38.285999
38.994999
40.412998
41.122002
38.285999
38.994999
40.412998
41.122002
38.285999
38.994999
40.412998
41.122002
38.285999
38.994999
40.412998
41.122002
38.285999
38.994999
40.412998
41.122002
38.285999
38.994999
40.412998
41.122002
38.285999
38.994999
40.412998
41.122002
38.285999
38.994999
40.412998
41.122002
38.285999
38.994999
40.412998
41.122002
38.285999
38.994999
40.412998
41.122002
38.285999
38.994999
40.412998
41.122002
38.285999
38.994999
40.412998
41.122002
38.285999
38.994999
40.412998
41.122002
38.285999
38.994999
40.412998
41.122002
38.285999
38.994999
40.412998
41.122002
38.285999
38.994999
40.412998
41.122002
38.285999
38.994999
40.412998
41.122002
38.285999
38.994999
40.412998
41.122002
38.285999
38.994999
40.412998
41.122002
38.285999
38.994999
40.412998
41.122002
38.285999
38.994999
40.412998
41.122002
42.540001
43.249001
44.667
45.375999
42.540001
43.249001
44.667
45.375999
42.540001
43.249001
44.667
45.375999
42.540001
43.249001
44.667
45.375999
42.540001
43.249001
44.667
45.375999
42.540001
43.249001
44.667
45.375999
42.540001
43.249001
44.667
45.375999
42.540001
43.249001
44.667
45.375999
42.540001
43.249001
44.667
45.375999
42.540001
43.249001
44.667
45.375999
42.540001
43.249001
44.667
45.375999
42.540001
43.249001
44.667
45.375999
42.540001
43.249001
44.667
45.375999
42.540001
43.249001
44.667
45.375999
42.540001
43.249001
44.667
45.375999
42.540001
43.249001
44.667
45.375999
42.540001
43.249001
44.667
45.375999
42.540001
43.249001
44.667
45.375999
42.540001
43.249001
44.667
45.375999
42.540001
43.249001
44.667
45.375999
42.540001
43.249001
44.667
45.375999
42.540001
43.249001
44.667
45.375999
42.540001
43.249001
44.667
45.375999
42.540001
43.249001
44.667
45.375999
42.540001
43.249001
44.667
45.375999
46.793999
47.502998
48.921001
49.630001
46.793999
47.502998
48.921001
49.630001
46.793999
47.502998
48.921001
49.630001
46.793999
47.502998
48.921001
49.630001
46.793999
47.502998
48.921001
49.630001
46.793999
47.502998
48.921001
49.630001
46.793999
47.502998
48.921001
49.630001
46.793999
47.502998
48.921001
49.630001
46.793999
47.502998
48.921001
49.630001
46.793999
47.502998
48.921001
49.630001
46.793999
47.502998
48.921001
49.630001
46.793999
47.502998
48.921001
49.630001
46.793999
47.502998
48.921001
49.630001
46.793999
47.502998
48.921001
49.630001
46.793999
47.502998
48.921001
49.630001
46.793999
47.502998
48.921001
49.630001
46.793999
47.502998
48.921001
49.630001
46.793999
47.502998
48.921001
49.630001
46.793999
47.502998
48.921001
49.630001
46.793999
47.502998
48.921001
49.630001
46.793999
47.502998
48.921001
49.630001
46.793999
47.502998
48.921001
49.630001
46.793999
47.502998
48.921001
49.630001
46.793999
47.502998
48.921001
49.630001
46.793999
47.502998
48.921001
49.630001
51.048
51.757
53.174999
53.883999
51.048
51.757
53.174999
53.883999
51.048
51.757
53.174999
53.883999
51.048
51.757
53.174999
53.883999
51.048
51.757
53.174999
53.883999
51.048
51.757
53.174999
53.883999
51.048
51.757
53.174999
53.883999
51.048
51.757
53.174999
53.883999
51.048
51.757
53.174999
53.883999
51.048
51.757
53.174999
53.883999
51.048
51.757
53.174999
53.883999
51.048
51.757
53.174999
53.883999
51.048
51.757
53.174999
53.883999
51.048
51.757
53.174999
53.883999
51.048
51.757
53.174999
53.883999
51.048
51.757
53.174999
53.883999
51.048
51.757
53.174999
53.883999
51.048
51.757
53.174999
53.883999
51.048
51.757
53.174999
53.883999
51.048
51.757
53.174999
53.883999
51.048
51.757
53.174999
53.883999
51.048
51.757
53.174999
53.883999
51.048
51.757
53.174999
53.883999
51.048
51.757
53.174999
53.883999
51.048
51.757
53.174999
53.883999
55.301998
56.011002
57.429001
58.138
55.301998
56.011002
57.429001
58.138
55.301998
56.011002
57.429001
58.138
55.301998
56.011002
57.429001
58.138
55.301998
56.011002
57.429001
58.138
55.301998
56.011002
57.429001
58.138
55.301998
56.011002
57.429001
58.138
55.301998
56.011002
57.429001
58.138
55.301998
56.011002
57.429001
58.138
55.301998
56.011002
57.429001
58.138
55.301998
56.011002
57.429001
58.138
55.301998
56.011002
57.429001
58.138
55.301998
56.011002
57.429001
58.138
55.301998
56.011002
57.429001
58.138
55.301998
56.011002
57.429001
58.138
55.301998
56.011002
57.429001
58.138
55.301998
56.011002
57.429001
58.138
55.301998
56.011002
57.429001
58.138
55.301998
56.011002
57.429001
58.138
55.301998
56.011002
57.429001
58.138
55.301998
56.011002
57.429001
58.138
55.301998
56.011002
57.429001
58.138
55.301998
56.011002
57.429001
58.138
55.301998
56.011002
57.429001
58.138
55.301998
56.011002
57.429001
58.138
59.556
60.264999
61.682999
62.391998
59.556
60.264999
61.682999
62.391998
59.556
60.264999
61.682999
62.391998
59.556
60.264999
61.682999
62.391998
59.556
60.264999
61.682999
62.391998
59.556
60.264999
61.682999
62.391998
59.556
60.264999
61.682999
62.391998
59.556
60.264999
61.682999
62.391998
59.556
60.264999
61.682999
62.391998
59.556
60.264999
61.682999
62.391998
59.556
60.264999
61.682999
62.391998
59.556
60.264999
61.682999
62.391998
59.556
60.264999
61.682999
62.391998
59.556
60.264999
61.682999
62.391998
59.556
60.264999
61.682999
62.391998
59.556
60.264999
61.682999
62.391998
59.556
60.264999
61.682999
62.391998
59.556
60.264999
61.682999
62.391998
59.556
60.264999
61.682999
62.391998
59.556
60.264999
61.682999
62.391998
59.556
60.264999
61.682999
62.391998
59.556
60.264999
61.682999
62.391998
59.556
60.264999
61.682999
62.391998
59.556
60.264999
61.682999
62.391998
59.556
60.264999
61.682999
62.391998
