0.14729440
0.85270560
2.33529440
3.04070560
0.14729440
0.85270560
2.33529440
3.04070560
0.14729440
0.85270560
2.33529440
3.04070560
0.14729440
0.85270560
2.33529440
3.04070560
0.14729440
0.85270560
2.33529440
3.04070560
0.14729440
0.85270560
2.33529440
3.04070560
0.14729440
0.85270560
2.33529440
3.04070560
0.14729440
0.85270560
2.33529440
3.04070560
0.14729440
0.85270560
2.33529440
3.04070560
0.14729440
0.85270560
2.33529440
3.04070560
0.14729440
0.85270560
2.33529440
3.04070560
0.14729440
0.85270560
2.33529440
3.04070560
0.14729440
0.85270560
2.33529440
3.04070560
0.14729440
0.85270560
2.33529440
3.04070560
0.14729440
0.85270560
2.33529440
3.04070560
0.14729440
0.85270560
2.33529440
3.04070560
0.14729440
0.85270560
2.33529440
3.04070560
0.14729440
0.85270560
2.33529440
3.04070560
4.52329440
5.22870560
6.71129440
7.41670560
4.52329440
5.22870560
6.71129440
7.41670560
4.52329440
5.22870560
6.71129440
7.41670560
4.52329440
5.22870560
6.71129440
7.41670560
4.52329440
5.22870560
6.71129440
7.41670560
4.52329440
5.22870560
6.71129440
7.41670560
4.52329440
5.22870560
6.71129440
7.41670560
4.52329440
5.22870560
6.71129440
7.41670560
4.52329440
5.22870560
6.71129440
7.41670560
4.52329440
5.22870560
6.71129440
7.41670560
4.52329440
5.22870560
6.71129440
7.41670560
4.52329440
5.22870560
6.71129440
7.41670560
4.52329440
5.22870560
6.71129440
7.41670560
4.52329440
5.22870560
6.71129440
7.41670560
4.52329440
5.22870560
6.71129440
7.41670560
4.52329440
5.22870560
6.71129440
7.41670560
4.52329440
5.22870560
6.71129440
7.41670560
4.52329440
5.22870560
6.71129440
7.41670560
8.89929440
9.60470560
11.08729440
11.79270560
8.89929440
9.60470560
11.08729440
11.79270560
8.89929440
9.60470560
11.08729440
11.79270560
8.89929440
9.60470560
11.08729440
11.79270560
8.89929440
9.60470560
11.08729440
11.79270560
8.89929440
9.60470560
11.08729440
11.79270560
8.89929440
9.60470560
11.08729440
11.79270560
8.89929440
9.60470560
11.08729440
11.79270560
8.89929440
9.60470560
11.08729440
11.79270560
8.89929440
9.60470560
11.08729440
11.79270560
8.89929440
9.60470560
11.08729440
11.79270560
8.89929440
9.60470560
11.08729440
11.79270560
8.89929440
9.60470560
11.08729440
11.79270560
8.89929440
9.60470560
11.08729440
11.79270560
8.89929440
9.60470560
11.08729440
11.79270560
8.89929440
9.60470560
11.08729440
11.79270560
8.89929440
9.60470560
11.08729440
11.79270560
8.89929440
9.60470560
11.08729440
11.79270560
13.27529440
13.98070560
15.46329440
16.16870560
13.27529440
13.98070560
15.46329440
16.16870560
13.27529440
13.98070560
15.46329440
16.16870560
13.27529440
13.98070560
15.46329440
16.16870560
13.27529440
13.98070560
15.46329440
16.16870560
13.27529440
13.98070560
15.46329440
16.16870560
13.27529440
13.98070560
15.46329440
16.16870560
13.27529440
13.98070560
15.46329440
16.16870560
13.27529440
13.98070560
15.46329440
16.16870560
13.27529440
13.98070560
15.46329440
16.16870560
13.27529440
13.98070560
15.46329440
16.16870560
13.27529440
13.98070560
15.46329440
16.16870560
13.27529440
13.98070560
15.46329440
16.16870560
13.27529440
13.98070560
15.46329440
16.16870560
13.27529440
13.98070560
15.46329440
16.16870560
13.27529440
13.98070560
15.46329440
16.16870560
13.27529440
13.98070560
15.46329440
16.16870560
13.27529440
13.98070560
15.46329440
16.16870560
17.65129440
18.35670560
19.83929440
20.54470560
17.65129440
18.35670560
19.83929440
20.54470560
17.65129440
18.35670560
19.83929440
20.54470560
17.65129440
18.35670560
19.83929440
20.54470560
17.65129440
18.35670560
19.83929440
20.54470560
17.65129440
18.35670560
19.83929440
20.54470560
17.65129440
18.35670560
19.83929440
20.54470560
17.65129440
18.35670560
19.83929440
20.54470560
17.65129440
18.35670560
19.83929440
20.54470560
17.65129440
18.35670560
19.83929440
20.54470560
17.65129440
18.35670560
19.83929440
20.54470560
17.65129440
18.35670560
19.83929440
20.54470560
17.65129440
18.35670560
19.83929440
20.54470560
17.65129440
18.35670560
19.83929440
20.54470560
17.65129440
18.35670560
19.83929440
20.54470560
17.65129440
18.35670560
19.83929440
20.54470560
17.65129440
18.35670560
19.83929440
20.54470560
17.65129440
18.35670560
19.83929440
20.54470560
22.02729440
22.73270560
24.21529440
24.92070560
22.02729440
22.73270560
24.21529440
24.92070560
22.02729440
22.73270560
24.21529440
24.92070560
22.02729440
22.73270560
24.21529440
24.92070560
22.02729440
22.73270560
24.21529440
24.92070560
22.02729440
22.73270560
24.21529440
24.92070560
22.02729440
22.73270560
24.21529440
24.92070560
22.02729440
22.73270560
24.21529440
24.92070560
22.02729440
22.73270560
24.21529440
24.92070560
22.02729440
22.73270560
24.21529440
24.92070560
22.02729440
22.73270560
24.21529440
24.92070560
22.02729440
22.73270560
24.21529440
24.92070560
22.02729440
22.73270560
24.21529440
24.92070560
22.02729440
22.73270560
24.21529440
24.92070560
22.02729440
22.73270560
24.21529440
24.92070560
22.02729440
22.73270560
24.21529440
24.92070560
22.02729440
22.73270560
24.21529440
24.92070560
22.02729440
22.73270560
24.21529440
24.92070560
26.40329440
27.10870560
28.59129440
29.29670560
26.40329440
27.10870560
28.59129440
29.29670560
26.40329440
27.10870560
28.59129440
29.29670560
26.40329440
27.10870560
28.59129440
29.29670560
26.40329440
27.10870560
28.59129440
29.29670560
26.40329440
27.10870560
28.59129440
29.29670560
26.40329440
27.10870560
28.59129440
29.29670560
26.40329440
27.10870560
28.59129440
29.29670560
26.40329440
27.10870560
28.59129440
29.29670560
26.40329440
27.10870560
28.59129440
29.29670560
26.40329440
27.10870560
28.59129440
29.29670560
26.40329440
27.10870560
28.59129440
29.29670560
26.40329440
27.10870560
28.59129440
29.29670560
26.40329440
27.10870560
28.59129440
29.29670560
26.40329440
27.10870560
28.59129440
29.29670560
26.40329440
27.10870560
28.59129440
29.29670560
26.40329440
27.10870560
28.59129440
29.29670560
26.40329440
27.10870560
28.59129440
29.29670560
30.77929440
31.48470560
32.96729440
33.67270560
30.77929440
31.48470560
32.96729440
33.67270560
30.77929440
31.48470560
32.96729440
33.67270560
30.77929440
31.48470560
32.96729440
33.67270560
30.77929440
31.48470560
32.96729440
33.67270560
30.77929440
31.48470560
32.96729440
33.67270560
30.77929440
31.48470560
32.96729440
33.67270560
30.77929440
31.48470560
32.96729440
33.67270560
30.77929440
31.48470560
32.96729440
33.67270560
30.77929440
31.48470560
32.96729440
33.67270560
30.77929440
31.48470560
32.96729440
33.67270560
30.77929440
31.48470560
32.96729440
33.67270560
30.77929440
31.48470560
32.96729440
33.67270560
30.77929440
31.48470560
32.96729440
33.67270560
30.77929440
31.48470560
32.96729440
33.67270560
30.77929440
31.48470560
32.96729440
33.67270560
30.77929440
31.48470560
32.96729440
33.67270560
30.77929440
31.48470560
32.96729440
33.67270560
35.15529440
35.86070560
37.34329440
38.04870560
35.15529440
35.86070560
37.34329440
38.04870560
35.15529440
35.86070560
37.34329440
38.04870560
35.15529440
35.86070560
37.34329440
38.04870560
35.15529440
35.86070560
37.34329440
38.04870560
35.15529440
35.86070560
37.34329440
38.04870560
35.15529440
35.86070560
37.34329440
38.04870560
35.15529440
35.86070560
37.34329440
38.04870560
35.15529440
35.86070560
37.34329440
38.04870560
35.15529440
35.86070560
37.34329440
38.04870560
35.15529440
35.86070560
37.34329440
38.04870560
35.15529440
35.86070560
37.34329440
38.04870560
35.15529440
35.86070560
37.34329440
38.04870560
35.15529440
35.86070560
37.34329440
38.04870560
35.15529440
35.86070560
37.34329440
38.04870560
35.15529440
35.86070560
37.34329440
38.04870560
35.15529440
35.86070560
37.34329440
38.04870560
35.15529440
35.86070560
37.34329440
38.04870560
39.53129440
40.23670560
41.71929440
42.42470560
39.53129440
40.23670560
41.71929440
42.42470560
39.53129440
40.23670560
41.71929440
42.42470560
39.53129440
40.23670560
41.71929440
42.42470560
39.53129440
40.23670560
41.71929440
42.42470560
39.53129440
40.23670560
41.71929440
42.42470560
39.53129440
40.23670560
41.71929440
42.42470560
39.53129440
40.23670560
41.71929440
42.42470560
39.53129440
40.23670560
41.71929440
42.42470560
39.53129440
40.23670560
41.71929440
42.42470560
39.53129440
40.23670560
41.71929440
42.42470560
39.53129440
40.23670560
41.71929440
42.42470560
39.53129440
40.23670560
41.71929440
42.42470560
39.53129440
40.23670560
41.71929440
42.42470560
39.53129440
40.23670560
41.71929440
42.42470560
39.53129440
40.23670560
41.71929440
42.42470560
39.53129440
40.23670560
41.71929440
42.42470560
39.53129440
40.23670560
41.71929440
42.42470560
43.90729440
44.61270560
46.09529440
46.80070560
43.90729440
44.61270560
46.09529440
46.80070560
43.90729440
44.61270560
46.09529440
46.80070560
43.90729440
44.61270560
46.09529440
46.80070560
43.90729440
44.61270560
46.09529440
46.80070560
43.90729440
44.61270560
46.09529440
46.80070560
43.90729440
44.61270560
46.09529440
46.80070560
43.90729440
44.61270560
46.09529440
46.80070560
43.90729440
44.61270560
46.09529440
46.80070560
43.90729440
44.61270560
46.09529440
46.80070560
43.90729440
44.61270560
46.09529440
46.80070560
43.90729440
44.61270560
46.09529440
46.80070560
43.90729440
44.61270560
46.09529440
46.80070560
43.90729440
44.61270560
46.09529440
46.80070560
43.90729440
44.61270560
46.09529440
46.80070560
43.90729440
44.61270560
46.09529440
46.80070560
43.90729440
44.61270560
46.09529440
46.80070560
43.90729440
44.61270560
46.09529440
46.80070560
48.28329440
48.98870560
50.47129440
51.17670560
48.28329440
48.98870560
50.47129440
51.17670560
48.28329440
48.98870560
50.47129440
51.17670560
48.28329440
48.98870560
50.47129440
51.17670560
48.28329440
48.98870560
50.47129440
51.17670560
48.28329440
48.98870560
50.47129440
51.17670560
48.28329440
48.98870560
50.47129440
51.17670560
48.28329440
48.98870560
50.47129440
51.17670560
48.28329440
48.98870560
50.47129440
51.17670560
48.28329440
48.98870560
50.47129440
51.17670560
48.28329440
48.98870560
50.47129440
51.17670560
48.28329440
48.98870560
50.47129440
51.17670560
48.28329440
48.98870560
50.47129440
51.17670560
48.28329440
48.98870560
50.47129440
51.17670560
48.28329440
48.98870560
50.47129440
51.17670560
48.28329440
48.98870560
50.47129440
51.17670560
48.28329440
48.98870560
50.47129440
51.17670560
48.28329440
48.98870560
50.47129440
51.17670560
52.65929440
53.36470560
54.84729440
55.55270560
52.65929440
53.36470560
54.84729440
55.55270560
52.65929440
53.36470560
54.84729440
55.55270560
52.65929440
53.36470560
54.84729440
55.55270560
52.65929440
53.36470560
54.84729440
55.55270560
52.65929440
53.36470560
54.84729440
55.55270560
52.65929440
53.36470560
54.84729440
55.55270560
52.65929440
53.36470560
54.84729440
55.55270560
52.65929440
53.36470560
54.84729440
55.55270560
52.65929440
53.36470560
54.84729440
55.55270560
52.65929440
53.36470560
54.84729440
55.55270560
52.65929440
53.36470560
54.84729440
55.55270560
52.65929440
53.36470560
54.84729440
55.55270560
52.65929440
53.36470560
54.84729440
55.55270560
52.65929440
53.36470560
54.84729440
55.55270560
52.65929440
53.36470560
54.84729440
55.55270560
52.65929440
53.36470560
54.84729440
55.55270560
52.65929440
53.36470560
54.84729440
55.55270560
57.03529440
57.74070560
59.22329440
59.92870560
57.03529440
57.74070560
59.22329440
59.92870560
57.03529440
57.74070560
59.22329440
59.92870560
57.03529440
57.74070560
59.22329440
59.92870560
57.03529440
57.74070560
59.22329440
59.92870560
57.03529440
57.74070560
59.22329440
59.92870560
57.03529440
57.74070560
59.22329440
59.92870560
57.03529440
57.74070560
59.22329440
59.92870560
57.03529440
57.74070560
59.22329440
59.92870560
57.03529440
57.74070560
59.22329440
59.92870560
57.03529440
57.74070560
59.22329440
59.92870560
57.03529440
57.74070560
59.22329440
59.92870560
57.03529440
57.74070560
59.22329440
59.92870560
57.03529440
57.74070560
59.22329440
59.92870560
57.03529440
57.74070560
59.22329440
59.92870560
57.03529440
57.74070560
59.22329440
59.92870560
57.03529440
57.74070560
59.22329440
59.92870560
57.03529440
57.74070560
59.22329440
59.92870560
