4720 1239 5 0 0 0 10
4721 1239 5 0 -1.195115 0.69 10
4722 1239 5 0 -1.195115 2.07 10
4723 1239 5 0 0 2.76 10
4724 1239 5 0 2.39023 0 10
4725 1239 5 0 1.195115 0.69 10
4726 1239 5 0 1.195115 2.07 10
4727 1239 5 0 2.39023 2.76 10
4728 1239 5 0 4.78046 0 10
4729 1239 5 0 3.585345 0.69 10
4730 1239 5 0 3.585345 2.07 10
4731 1239 5 0 4.78046 2.76 10
4732 1239 5 0 7.170691 0 10
4733 1239 5 0 5.975575 0.69 10
4734 1239 5 0 5.975575 2.07 10
4735 1239 5 0 7.170691 2.76 10
4736 1239 5 0 9.560921 0 10
4737 1239 5 0 8.365806 0.69 10
4738 1239 5 0 8.365806 2.07 10
4739 1239 5 0 9.560921 2.76 10
4740 1239 5 0 11.951151 0 10
4741 1239 5 0 10.756036 0.69 10
4742 1239 5 0 10.756036 2.07 10
4743 1239 5 0 11.951151 2.76 10
4744 1239 5 0 14.341381 0 10
4745 1239 5 0 13.146266 0.69 10
4746 1239 5 0 13.146266 2.07 10
4747 1239 5 0 14.341381 2.76 10
4748 1239 5 0 16.731611 0 10
4749 1239 5 0 15.536496 0.69 10
4750 1239 5 0 15.536496 2.07 10
4751 1239 5 0 16.731611 2.76 10
4752 1239 5 0 19.121841 0 10
4753 1239 5 0 17.926725 0.69 10
4754 1239 5 0 17.926725 2.07 10
4755 1239 5 0 19.121841 2.76 10
4756 1239 5 0 21.512072 0 10
4757 1239 5 0 20.316956 0.69 10
4758 1239 5 0 20.316956 2.07 10
4759 1239 5 0 21.512072 2.76 10
4760 1239 5 0 23.902302 0 10
4761 1239 5 0 22.707186 0.69 10
4762 1239 5 0 22.707186 2.07 10
4763 1239 5 0 23.902302 2.76 10
4764 1239 5 0 26.292532 0 10
4765 1239 5 0 25.097416 0.69 10
4766 1239 5 0 25.097416 2.07 10
4767 1239 5 0 26.292532 2.76 10
4768 1239 5 0 28.682762 0 10
4769 1239 5 0 27.487646 0.69 10
4770 1239 5 0 27.487646 2.07 10
4771 1239 5 0 28.682762 2.76 10
4772 1239 5 0 31.072992 0 10
4773 1239 5 0 29.877876 0.69 10
4774 1239 5 0 29.877876 2.07 10
4775 1239 5 0 31.072992 2.76 10
4776 1239 5 0 33.463223 0 10
4777 1239 5 0 32.268108 0.69 10
4778 1239 5 0 32.268108 2.07 10
4779 1239 5 0 33.463223 2.76 10
4780 1239 5 0 35.853451 0 10
4781 1239 5 0 34.658337 0.69 10
4782 1239 5 0 34.658337 2.07 10
4783 1239 5 0 35.853451 2.76 10
4784 1239 5 0 38.243683 0 10
4785 1239 5 0 37.048565 0.69 10
4786 1239 5 0 37.048565 2.07 10
4787 1239 5 0 38.243683 2.76 10
4788 1239 5 0 40.633911 0 10
4789 1239 5 0 39.438797 0.69 10
4790 1239 5 0 39.438797 2.07 10
4791 1239 5 0 40.633911 2.76 10
4792 1239 5 0 43.024143 0 10
4793 1239 5 0 41.829025 0.69 10
4794 1239 5 0 41.829025 2.07 10
4795 1239 5 0 43.024143 2.76 10
4796 1239 5 0 45.414371 0 10
4797 1239 5 0 44.219257 0.69 10
4798 1239 5 0 44.219257 2.07 10
4799 1239 5 0 45.414371 2.76 10
4800 1239 5 0 47.804604 0 10
4801 1239 5 0 46.609486 0.69 10
4802 1239 5 0 46.609486 2.07 10
4803 1239 5 0 47.804604 2.76 10
4804 1239 5 0 50.194832 0 10
4805 1239 5 0 48.999718 0.69 10
4806 1239 5 0 48.999718 2.07 10
4807 1239 5 0 50.194832 2.76 10
4808 1239 5 0 52.585064 0 10
4809 1239 5 0 51.389946 0.69 10
4810 1239 5 0 51.389946 2.07 10
4811 1239 5 0 52.585064 2.76 10
4812 1239 5 0 54.975292 0 10
4813 1239 5 0 53.780178 0.69 10
4814 1239 5 0 53.780178 2.07 10
4815 1239 5 0 54.975292 2.76 10
4816 1239 5 0 57.365524 0 10
4817 1239 5 0 56.170406 0.69 10
4818 1239 5 0 56.170406 2.07 10
4819 1239 5 0 57.365524 2.76 10
4820 1239 5 0 59.755753 0 10
4821 1239 5 0 58.560638 0.69 10
4822 1239 5 0 58.560638 2.07 10
4823 1239 5 0 59.755753 2.76 10
4824 1239 5 0 0 4.14 10
4825 1239 5 0 -1.195115 4.83 10
4826 1239 5 0 -1.195115 6.21 10
4827 1239 5 0 0 6.9 10
4828 1239 5 0 2.39023 4.14 10
4829 1239 5 0 1.195115 4.83 10
4830 1239 5 0 1.195115 6.21 10
4831 1239 5 0 2.39023 6.9 10
4832 1239 5 0 4.78046 4.14 10
4833 1239 5 0 3.585345 4.83 10
4834 1239 5 0 3.585345 6.21 10
4835 1239 5 0 4.78046 6.9 10
4836 1239 5 0 7.170691 4.14 10
4837 1239 5 0 5.975575 4.83 10
4838 1239 5 0 5.975575 6.21 10
4839 1239 5 0 7.170691 6.9 10
4840 1239 5 0 9.560921 4.14 10
4841 1239 5 0 8.365806 4.83 10
4842 1239 5 0 8.365806 6.21 10
4843 1239 5 0 9.560921 6.9 10
4844 1239 5 0 11.951151 4.14 10
4845 1239 5 0 10.756036 4.83 10
4846 1239 5 0 10.756036 6.21 10
4847 1239 5 0 11.951151 6.9 10
4848 1239 5 0 14.341381 4.14 10
4849 1239 5 0 13.146266 4.83 10
4850 1239 5 0 13.146266 6.21 10
4851 1239 5 0 14.341381 6.9 10
4852 1239 5 0 16.731611 4.14 10
4853 1239 5 0 15.536496 4.83 10
4854 1239 5 0 15.536496 6.21 10
4855 1239 5 0 16.731611 6.9 10
4856 1239 5 0 19.121841 4.14 10
4857 1239 5 0 17.926725 4.83 10
4858 1239 5 0 17.926725 6.21 10
4859 1239 5 0 19.121841 6.9 10
4860 1239 5 0 21.512072 4.14 10
4861 1239 5 0 20.316956 4.83 10
4862 1239 5 0 20.316956 6.21 10
4863 1239 5 0 21.512072 6.9 10
4864 1239 5 0 23.902302 4.14 10
4865 1239 5 0 22.707186 4.83 10
4866 1239 5 0 22.707186 6.21 10
4867 1239 5 0 23.902302 6.9 10
4868 1239 5 0 26.292532 4.14 10
4869 1239 5 0 25.097416 4.83 10
4870 1239 5 0 25.097416 6.21 10
4871 1239 5 0 26.292532 6.9 10
4872 1239 5 0 28.682762 4.14 10
4873 1239 5 0 27.487646 4.83 10
4874 1239 5 0 27.487646 6.21 10
4875 1239 5 0 28.682762 6.9 10
4876 1239 5 0 31.072992 4.14 10
4877 1239 5 0 29.877876 4.83 10
4878 1239 5 0 29.877876 6.21 10
4879 1239 5 0 31.072992 6.9 10
4880 1239 5 0 33.463223 4.14 10
4881 1239 5 0 32.268108 4.83 10
4882 1239 5 0 32.268108 6.21 10
4883 1239 5 0 33.463223 6.9 10
4884 1239 5 0 35.853451 4.14 10
4885 1239 5 0 34.658337 4.83 10
4886 1239 5 0 34.658337 6.21 10
4887 1239 5 0 35.853451 6.9 10
4888 1239 5 0 38.243683 4.14 10
4889 1239 5 0 37.048565 4.83 10
4890 1239 5 0 37.048565 6.21 10
4891 1239 5 0 38.243683 6.9 10
4892 1239 5 0 40.633911 4.14 10
4893 1239 5 0 39.438797 4.83 10
4894 1239 5 0 39.438797 6.21 10
4895 1239 5 0 40.633911 6.9 10
4896 1239 5 0 43.024143 4.14 10
4897 1239 5 0 41.829025 4.83 10
4898 1239 5 0 41.829025 6.21 10
4899 1239 5 0 43.024143 6.9 10
4900 1239 5 0 45.414371 4.14 10
4901 1239 5 0 44.219257 4.83 10
4902 1239 5 0 44.219257 6.21 10
4903 1239 5 0 45.414371 6.9 10
4904 1239 5 0 47.804604 4.14 10
4905 1239 5 0 46.609486 4.83 10
4906 1239 5 0 46.609486 6.21 10
4907 1239 5 0 47.804604 6.9 10
4908 1239 5 0 50.194832 4.14 10
4909 1239 5 0 48.999718 4.83 10
4910 1239 5 0 48.999718 6.21 10
4911 1239 5 0 50.194832 6.9 10
4912 1239 5 0 52.585064 4.14 10
4913 1239 5 0 51.389946 4.83 10
4914 1239 5 0 51.389946 6.21 10
4915 1239 5 0 52.585064 6.9 10
4916 1239 5 0 54.975292 4.14 10
4917 1239 5 0 53.780178 4.83 10
4918 1239 5 0 53.780178 6.21 10
4919 1239 5 0 54.975292 6.9 10
4920 1239 5 0 57.365524 4.14 10
4921 1239 5 0 56.170406 4.83 10
4922 1239 5 0 56.170406 6.21 10
4923 1239 5 0 57.365524 6.9 10
4924 1239 5 0 59.755753 4.14 10
4925 1239 5 0 58.560638 4.83 10
4926 1239 5 0 58.560638 6.21 10
4927 1239 5 0 59.755753 6.9 10
4928 1239 5 0 0 8.28 10
4929 1239 5 0 -1.195115 8.97 10
4930 1239 5 0 -1.195115 10.35 10
4931 1239 5 0 0 11.04 10
4932 1239 5 0 2.39023 8.28 10
4933 1239 5 0 1.195115 8.97 10
4934 1239 5 0 1.195115 10.35 10
4935 1239 5 0 2.39023 11.04 10
4936 1239 5 0 4.78046 8.28 10
4937 1239 5 0 3.585345 8.97 10
4938 1239 5 0 3.585345 10.35 10
4939 1239 5 0 4.78046 11.04 10
4940 1239 5 0 7.170691 8.28 10
4941 1239 5 0 5.975575 8.97 10
4942 1239 5 0 5.975575 10.35 10
4943 1239 5 0 7.170691 11.04 10
4944 1239 5 0 9.560921 8.28 10
4945 1239 5 0 8.365806 8.97 10
4946 1239 5 0 8.365806 10.35 10
4947 1239 5 0 9.560921 11.04 10
4948 1239 5 0 11.951151 8.28 10
4949 1239 5 0 10.756036 8.97 10
4950 1239 5 0 10.756036 10.35 10
4951 1239 5 0 11.951151 11.04 10
4952 1239 5 0 14.341381 8.28 10
4953 1239 5 0 13.146266 8.97 10
4954 1239 5 0 13.146266 10.35 10
4955 1239 5 0 14.341381 11.04 10
4956 1239 5 0 16.731611 8.28 10
4957 1239 5 0 15.536496 8.97 10
4958 1239 5 0 15.536496 10.35 10
4959 1239 5 0 16.731611 11.04 10
4960 1239 5 0 19.121841 8.28 10
4961 1239 5 0 17.926725 8.97 10
4962 1239 5 0 17.926725 10.35 10
4963 1239 5 0 19.121841 11.04 10
4964 1239 5 0 21.512072 8.28 10
4965 1239 5 0 20.316956 8.97 10
4966 1239 5 0 20.316956 10.35 10
4967 1239 5 0 21.512072 11.04 10
4968 1239 5 0 23.902302 8.28 10
4969 1239 5 0 22.707186 8.97 10
4970 1239 5 0 22.707186 10.35 10
4971 1239 5 0 23.902302 11.04 10
4972 1239 5 0 26.292532 8.28 10
4973 1239 5 0 25.097416 8.97 10
4974 1239 5 0 25.097416 10.35 10
4975 1239 5 0 26.292532 11.04 10
4976 1239 5 0 28.682762 8.28 10
4977 1239 5 0 27.487646 8.97 10
4978 1239 5 0 27.487646 10.35 10
4979 1239 5 0 28.682762 11.04 10
4980 1239 5 0 31.072992 8.28 10
4981 1239 5 0 29.877876 8.97 10
4982 1239 5 0 29.877876 10.35 10
4983 1239 5 0 31.072992 11.04 10
4984 1239 5 0 33.463223 8.28 10
4985 1239 5 0 32.268108 8.97 10
4986 1239 5 0 32.268108 10.35 10
4987 1239 5 0 33.463223 11.04 10
4988 1239 5 0 35.853451 8.28 10
4989 1239 5 0 34.658337 8.97 10
4990 1239 5 0 34.658337 10.35 10
4991 1239 5 0 35.853451 11.04 10
4992 1239 5 0 38.243683 8.28 10
4993 1239 5 0 37.048565 8.97 10
4994 1239 5 0 37.048565 10.35 10
4995 1239 5 0 38.243683 11.04 10
4996 1239 5 0 40.633911 8.28 10
4997 1239 5 0 39.438797 8.97 10
4998 1239 5 0 39.438797 10.35 10
4999 1239 5 0 40.633911 11.04 10
5000 1239 5 0 43.024143 8.28 10
5001 1239 5 0 41.829025 8.97 10
5002 1239 5 0 41.829025 10.35 10
5003 1239 5 0 43.024143 11.04 10
5004 1239 5 0 45.414371 8.28 10
5005 1239 5 0 44.219257 8.97 10
5006 1239 5 0 44.219257 10.35 10
5007 1239 5 0 45.414371 11.04 10
5008 1239 5 0 47.804604 8.28 10
5009 1239 5 0 46.609486 8.97 10
5010 1239 5 0 46.609486 10.35 10
5011 1239 5 0 47.804604 11.04 10
5012 1239 5 0 50.194832 8.28 10
5013 1239 5 0 48.999718 8.97 10
5014 1239 5 0 48.999718 10.35 10
5015 1239 5 0 50.194832 11.04 10
5016 1239 5 0 52.585064 8.28 10
5017 1239 5 0 51.389946 8.97 10
5018 1239 5 0 51.389946 10.35 10
5019 1239 5 0 52.585064 11.04 10
5020 1239 5 0 54.975292 8.28 10
5021 1239 5 0 53.780178 8.97 10
5022 1239 5 0 53.780178 10.35 10
5023 1239 5 0 54.975292 11.04 10
5024 1239 5 0 57.365524 8.28 10
5025 1239 5 0 56.170406 8.97 10
5026 1239 5 0 56.170406 10.35 10
5027 1239 5 0 57.365524 11.04 10
5028 1239 5 0 59.755753 8.28 10
5029 1239 5 0 58.560638 8.97 10
5030 1239 5 0 58.560638 10.35 10
5031 1239 5 0 59.755753 11.04 10
5032 1239 5 0 0 12.42 10
5033 1239 5 0 -1.195115 13.11 10
5034 1239 5 0 -1.195115 14.49 10
5035 1239 5 0 0 15.18 10
5036 1239 5 0 2.39023 12.42 10
5037 1239 5 0 1.195115 13.11 10
5038 1239 5 0 1.195115 14.49 10
5039 1239 5 0 2.39023 15.18 10
5040 1239 5 0 4.78046 12.42 10
5041 1239 5 0 3.585345 13.11 10
5042 1239 5 0 3.585345 14.49 10
5043 1239 5 0 4.78046 15.18 10
5044 1239 5 0 7.170691 12.42 10
5045 1239 5 0 5.975575 13.11 10
5046 1239 5 0 5.975575 14.49 10
5047 1239 5 0 7.170691 15.18 10
5048 1239 5 0 9.560921 12.42 10
5049 1239 5 0 8.365806 13.11 10
5050 1239 5 0 8.365806 14.49 10
5051 1239 5 0 9.560921 15.18 10
5052 1239 5 0 11.951151 12.42 10
5053 1239 5 0 10.756036 13.11 10
5054 1239 5 0 10.756036 14.49 10
5055 1239 5 0 11.951151 15.18 10
5056 1239 5 0 14.341381 12.42 10
5057 1239 5 0 13.146266 13.11 10
5058 1239 5 0 13.146266 14.49 10
5059 1239 5 0 14.341381 15.18 10
5060 1239 5 0 16.731611 12.42 10
5061 1239 5 0 15.536496 13.11 10
5062 1239 5 0 15.536496 14.49 10
5063 1239 5 0 16.731611 15.18 10
5064 1239 5 0 19.121841 12.42 10
5065 1239 5 0 17.926725 13.11 10
5066 1239 5 0 17.926725 14.49 10
5067 1239 5 0 19.121841 15.18 10
5068 1239 5 0 21.512072 12.42 10
5069 1239 5 0 20.316956 13.11 10
5070 1239 5 0 20.316956 14.49 10
5071 1239 5 0 21.512072 15.18 10
5072 1239 5 0 23.902302 12.42 10
5073 1239 5 0 22.707186 13.11 10
5074 1239 5 0 22.707186 14.49 10
5075 1239 5 0 23.902302 15.18 10
5076 1239 5 0 26.292532 12.42 10
5077 1239 5 0 25.097416 13.11 10
5078 1239 5 0 25.097416 14.49 10
5079 1239 5 0 26.292532 15.18 10
5080 1239 5 0 28.682762 12.42 10
5081 1239 5 0 27.487646 13.11 10
5082 1239 5 0 27.487646 14.49 10
5083 1239 5 0 28.682762 15.18 10
5084 1239 5 0 31.072992 12.42 10
5085 1239 5 0 29.877876 13.11 10
5086 1239 5 0 29.877876 14.49 10
5087 1239 5 0 31.072992 15.18 10
5088 1239 5 0 33.463223 12.42 10
5089 1239 5 0 32.268108 13.11 10
5090 1239 5 0 32.268108 14.49 10
5091 1239 5 0 33.463223 15.18 10
5092 1239 5 0 35.853451 12.42 10
5093 1239 5 0 34.658337 13.11 10
5094 1239 5 0 34.658337 14.49 10
5095 1239 5 0 35.853451 15.18 10
5096 1239 5 0 38.243683 12.42 10
5097 1239 5 0 37.048565 13.11 10
5098 1239 5 0 37.048565 14.49 10
5099 1239 5 0 38.243683 15.18 10
5100 1239 5 0 40.633911 12.42 10
5101 1239 5 0 39.438797 13.11 10
5102 1239 5 0 39.438797 14.49 10
5103 1239 5 0 40.633911 15.18 10
5104 1239 5 0 43.024143 12.42 10
5105 1239 5 0 41.829025 13.11 10
5106 1239 5 0 41.829025 14.49 10
5107 1239 5 0 43.024143 15.18 10
5108 1239 5 0 45.414371 12.42 10
5109 1239 5 0 44.219257 13.11 10
5110 1239 5 0 44.219257 14.49 10
5111 1239 5 0 45.414371 15.18 10
5112 1239 5 0 47.804604 12.42 10
5113 1239 5 0 46.609486 13.11 10
5114 1239 5 0 46.609486 14.49 10
5115 1239 5 0 47.804604 15.18 10
5116 1239 5 0 50.194832 12.42 10
5117 1239 5 0 48.999718 13.11 10
5118 1239 5 0 48.999718 14.49 10
5119 1239 5 0 50.194832 15.18 10
5120 1239 5 0 52.585064 12.42 10
5121 1239 5 0 51.389946 13.11 10
5122 1239 5 0 51.389946 14.49 10
5123 1239 5 0 52.585064 15.18 10
5124 1239 5 0 54.975292 12.42 10
5125 1239 5 0 53.780178 13.11 10
5126 1239 5 0 53.780178 14.49 10
5127 1239 5 0 54.975292 15.18 10
5128 1239 5 0 57.365524 12.42 10
5129 1239 5 0 56.170406 13.11 10
5130 1239 5 0 56.170406 14.49 10
5131 1239 5 0 57.365524 15.18 10
5132 1239 5 0 59.755753 12.42 10
5133 1239 5 0 58.560638 13.11 10
5134 1239 5 0 58.560638 14.49 10
5135 1239 5 0 59.755753 15.18 10
5136 1239 5 0 0 16.559999 10
5137 1239 5 0 -1.195115 17.25 10
5138 1239 5 0 -1.195115 18.629999 10
5139 1239 5 0 0 19.32 10
5140 1239 5 0 2.39023 16.559999 10
5141 1239 5 0 1.195115 17.25 10
5142 1239 5 0 1.195115 18.629999 10
5143 1239 5 0 2.39023 19.32 10
5144 1239 5 0 4.78046 16.559999 10
5145 1239 5 0 3.585345 17.25 10
5146 1239 5 0 3.585345 18.629999 10
5147 1239 5 0 4.78046 19.32 10
5148 1239 5 0 7.170691 16.559999 10
5149 1239 5 0 5.975575 17.25 10
5150 1239 5 0 5.975575 18.629999 10
5151 1239 5 0 7.170691 19.32 10
5152 1239 5 0 9.560921 16.559999 10
5153 1239 5 0 8.365806 17.25 10
5154 1239 5 0 8.365806 18.629999 10
5155 1239 5 0 9.560921 19.32 10
5156 1239 5 0 11.951151 16.559999 10
5157 1239 5 0 10.756036 17.25 10
5158 1239 5 0 10.756036 18.629999 10
5159 1239 5 0 11.951151 19.32 10
5160 1239 5 0 14.341381 16.559999 10
5161 1239 5 0 13.146266 17.25 10
5162 1239 5 0 13.146266 18.629999 10
5163 1239 5 0 14.341381 19.32 10
5164 1239 5 0 16.731611 16.559999 10
5165 1239 5 0 15.536496 17.25 10
5166 1239 5 0 15.536496 18.629999 10
5167 1239 5 0 16.731611 19.32 10
5168 1239 5 0 19.121841 16.559999 10
5169 1239 5 0 17.926725 17.25 10
5170 1239 5 0 17.926725 18.629999 10
5171 1239 5 0 19.121841 19.32 10
5172 1239 5 0 21.512072 16.559999 10
5173 1239 5 0 20.316956 17.25 10
5174 1239 5 0 20.316956 18.629999 10
5175 1239 5 0 21.512072 19.32 10
5176 1239 5 0 23.902302 16.559999 10
5177 1239 5 0 22.707186 17.25 10
5178 1239 5 0 22.707186 18.629999 10
5179 1239 5 0 23.902302 19.32 10
5180 1239 5 0 26.292532 16.559999 10
5181 1239 5 0 25.097416 17.25 10
5182 1239 5 0 25.097416 18.629999 10
5183 1239 5 0 26.292532 19.32 10
5184 1239 5 0 28.682762 16.559999 10
5185 1239 5 0 27.487646 17.25 10
5186 1239 5 0 27.487646 18.629999 10
5187 1239 5 0 28.682762 19.32 10
5188 1239 5 0 31.072992 16.559999 10
5189 1239 5 0 29.877876 17.25 10
5190 1239 5 0 29.877876 18.629999 10
5191 1239 5 0 31.072992 19.32 10
5192 1239 5 0 33.463223 16.559999 10
5193 1239 5 0 32.268108 17.25 10
5194 1239 5 0 32.268108 18.629999 10
5195 1239 5 0 33.463223 19.32 10
5196 1239 5 0 35.853451 16.559999 10
5197 1239 5 0 34.658337 17.25 10
5198 1239 5 0 34.658337 18.629999 10
5199 1239 5 0 35.853451 19.32 10
5200 1239 5 0 38.243683 16.559999 10
5201 1239 5 0 37.048565 17.25 10
5202 1239 5 0 37.048565 18.629999 10
5203 1239 5 0 38.243683 19.32 10
5204 1239 5 0 40.633911 16.559999 10
5205 1239 5 0 39.438797 17.25 10
5206 1239 5 0 39.438797 18.629999 10
5207 1239 5 0 40.633911 19.32 10
5208 1239 5 0 43.024143 16.559999 10
5209 1239 5 0 41.829025 17.25 10
5210 1239 5 0 41.829025 18.629999 10
5211 1239 5 0 43.024143 19.32 10
5212 1239 5 0 45.414371 16.559999 10
5213 1239 5 0 44.219257 17.25 10
5214 1239 5 0 44.219257 18.629999 10
5215 1239 5 0 45.414371 19.32 10
5216 1239 5 0 47.804604 16.559999 10
5217 1239 5 0 46.609486 17.25 10
5218 1239 5 0 46.609486 18.629999 10
5219 1239 5 0 47.804604 19.32 10
5220 1239 5 0 50.194832 16.559999 10
5221 1239 5 0 48.999718 17.25 10
5222 1239 5 0 48.999718 18.629999 10
5223 1239 5 0 50.194832 19.32 10
5224 1239 5 0 52.585064 16.559999 10
5225 1239 5 0 51.389946 17.25 10
5226 1239 5 0 51.389946 18.629999 10
5227 1239 5 0 52.585064 19.32 10
5228 1239 5 0 54.975292 16.559999 10
5229 1239 5 0 53.780178 17.25 10
5230 1239 5 0 53.780178 18.629999 10
5231 1239 5 0 54.975292 19.32 10
5232 1239 5 0 57.365524 16.559999 10
5233 1239 5 0 56.170406 17.25 10
5234 1239 5 0 56.170406 18.629999 10
5235 1239 5 0 57.365524 19.32 10
5236 1239 5 0 59.755753 16.559999 10
5237 1239 5 0 58.560638 17.25 10
5238 1239 5 0 58.560638 18.629999 10
5239 1239 5 0 59.755753 19.32 10
5240 1239 5 0 0 20.700001 10
5241 1239 5 0 -1.195115 21.389999 10
5242 1239 5 0 -1.195115 22.77 10
5243 1239 5 0 0 23.459999 10
5244 1239 5 0 2.39023 20.700001 10
5245 1239 5 0 1.195115 21.389999 10
5246 1239 5 0 1.195115 22.77 10
5247 1239 5 0 2.39023 23.459999 10
5248 1239 5 0 4.78046 20.700001 10
5249 1239 5 0 3.585345 21.389999 10
5250 1239 5 0 3.585345 22.77 10
5251 1239 5 0 4.78046 23.459999 10
5252 1239 5 0 7.170691 20.700001 10
5253 1239 5 0 5.975575 21.389999 10
5254 1239 5 0 5.975575 22.77 10
5255 1239 5 0 7.170691 23.459999 10
5256 1239 5 0 9.560921 20.700001 10
5257 1239 5 0 8.365806 21.389999 10
5258 1239 5 0 8.365806 22.77 10
5259 1239 5 0 9.560921 23.459999 10
5260 1239 5 0 11.951151 20.700001 10
5261 1239 5 0 10.756036 21.389999 10
5262 1239 5 0 10.756036 22.77 10
5263 1239 5 0 11.951151 23.459999 10
5264 1239 5 0 14.341381 20.700001 10
5265 1239 5 0 13.146266 21.389999 10
5266 1239 5 0 13.146266 22.77 10
5267 1239 5 0 14.341381 23.459999 10
5268 1239 5 0 16.731611 20.700001 10
5269 1239 5 0 15.536496 21.389999 10
5270 1239 5 0 15.536496 22.77 10
5271 1239 5 0 16.731611 23.459999 10
5272 1239 5 0 19.121841 20.700001 10
5273 1239 5 0 17.926725 21.389999 10
5274 1239 5 0 17.926725 22.77 10
5275 1239 5 0 19.121841 23.459999 10
5276 1239 5 0 21.512072 20.700001 10
5277 1239 5 0 20.316956 21.389999 10
5278 1239 5 0 20.316956 22.77 10
5279 1239 5 0 21.512072 23.459999 10
5280 1239 5 0 23.902302 20.700001 10
5281 1239 5 0 22.707186 21.389999 10
5282 1239 5 0 22.707186 22.77 10
5283 1239 5 0 23.902302 23.459999 10
5284 1239 5 0 26.292532 20.700001 10
5285 1239 5 0 25.097416 21.389999 10
5286 1239 5 0 25.097416 22.77 10
5287 1239 5 0 26.292532 23.459999 10
5288 1239 5 0 28.682762 20.700001 10
5289 1239 5 0 27.487646 21.389999 10
5290 1239 5 0 27.487646 22.77 10
5291 1239 5 0 28.682762 23.459999 10
5292 1239 5 0 31.072992 20.700001 10
5293 1239 5 0 29.877876 21.389999 10
5294 1239 5 0 29.877876 22.77 10
5295 1239 5 0 31.072992 23.459999 10
5296 1239 5 0 33.463223 20.700001 10
5297 1239 5 0 32.268108 21.389999 10
5298 1239 5 0 32.268108 22.77 10
5299 1239 5 0 33.463223 23.459999 10
5300 1239 5 0 35.853451 20.700001 10
5301 1239 5 0 34.658337 21.389999 10
5302 1239 5 0 34.658337 22.77 10
5303 1239 5 0 35.853451 23.459999 10
5304 1239 5 0 38.243683 20.700001 10
5305 1239 5 0 37.048565 21.389999 10
5306 1239 5 0 37.048565 22.77 10
5307 1239 5 0 38.243683 23.459999 10
5308 1239 5 0 40.633911 20.700001 10
5309 1239 5 0 39.438797 21.389999 10
5310 1239 5 0 39.438797 22.77 10
5311 1239 5 0 40.633911 23.459999 10
5312 1239 5 0 43.024143 20.700001 10
5313 1239 5 0 41.829025 21.389999 10
5314 1239 5 0 41.829025 22.77 10
5315 1239 5 0 43.024143 23.459999 10
5316 1239 5 0 45.414371 20.700001 10
5317 1239 5 0 44.219257 21.389999 10
5318 1239 5 0 44.219257 22.77 10
5319 1239 5 0 45.414371 23.459999 10
5320 1239 5 0 47.804604 20.700001 10
5321 1239 5 0 46.609486 21.389999 10
5322 1239 5 0 46.609486 22.77 10
5323 1239 5 0 47.804604 23.459999 10
5324 1239 5 0 50.194832 20.700001 10
5325 1239 5 0 48.999718 21.389999 10
5326 1239 5 0 48.999718 22.77 10
5327 1239 5 0 50.194832 23.459999 10
5328 1239 5 0 52.585064 20.700001 10
5329 1239 5 0 51.389946 21.389999 10
5330 1239 5 0 51.389946 22.77 10
5331 1239 5 0 52.585064 23.459999 10
5332 1239 5 0 54.975292 20.700001 10
5333 1239 5 0 53.780178 21.389999 10
5334 1239 5 0 53.780178 22.77 10
5335 1239 5 0 54.975292 23.459999 10
5336 1239 5 0 57.365524 20.700001 10
5337 1239 5 0 56.170406 21.389999 10
5338 1239 5 0 56.170406 22.77 10
5339 1239 5 0 57.365524 23.459999 10
5340 1239 5 0 59.755753 20.700001 10
5341 1239 5 0 58.560638 21.389999 10
5342 1239 5 0 58.560638 22.77 10
5343 1239 5 0 59.755753 23.459999 10
5344 1239 5 0 0 24.84 10
5345 1239 5 0 -1.195115 25.530001 10
5346 1239 5 0 -1.195115 26.91 10
5347 1239 5 0 0 27.6 10
5348 1239 5 0 2.39023 24.84 10
5349 1239 5 0 1.195115 25.530001 10
5350 1239 5 0 1.195115 26.91 10
5351 1239 5 0 2.39023 27.6 10
5352 1239 5 0 4.78046 24.84 10
5353 1239 5 0 3.585345 25.530001 10
5354 1239 5 0 3.585345 26.91 10
5355 1239 5 0 4.78046 27.6 10
5356 1239 5 0 7.170691 24.84 10
5357 1239 5 0 5.975575 25.530001 10
5358 1239 5 0 5.975575 26.91 10
5359 1239 5 0 7.170691 27.6 10
5360 1239 5 0 9.560921 24.84 10
5361 1239 5 0 8.365806 25.530001 10
5362 1239 5 0 8.365806 26.91 10
5363 1239 5 0 9.560921 27.6 10
5364 1239 5 0 11.951151 24.84 10
5365 1239 5 0 10.756036 25.530001 10
5366 1239 5 0 10.756036 26.91 10
5367 1239 5 0 11.951151 27.6 10
5368 1239 5 0 14.341381 24.84 10
5369 1239 5 0 13.146266 25.530001 10
5370 1239 5 0 13.146266 26.91 10
5371 1239 5 0 14.341381 27.6 10
5372 1239 5 0 16.731611 24.84 10
5373 1239 5 0 15.536496 25.530001 10
5374 1239 5 0 15.536496 26.91 10
5375 1239 5 0 16.731611 27.6 10
5376 1239 5 0 19.121841 24.84 10
5377 1239 5 0 17.926725 25.530001 10
5378 1239 5 0 17.926725 26.91 10
5379 1239 5 0 19.121841 27.6 10
5380 1239 5 0 21.512072 24.84 10
5381 1239 5 0 20.316956 25.530001 10
5382 1239 5 0 20.316956 26.91 10
5383 1239 5 0 21.512072 27.6 10
5384 1239 5 0 23.902302 24.84 10
5385 1239 5 0 22.707186 25.530001 10
5386 1239 5 0 22.707186 26.91 10
5387 1239 5 0 23.902302 27.6 10
5388 1239 5 0 26.292532 24.84 10
5389 1239 5 0 25.097416 25.530001 10
5390 1239 5 0 25.097416 26.91 10
5391 1239 5 0 26.292532 27.6 10
5392 1239 5 0 28.682762 24.84 10
5393 1239 5 0 27.487646 25.530001 10
5394 1239 5 0 27.487646 26.91 10
5395 1239 5 0 28.682762 27.6 10
5396 1239 5 0 31.072992 24.84 10
5397 1239 5 0 29.877876 25.530001 10
5398 1239 5 0 29.877876 26.91 10
5399 1239 5 0 31.072992 27.6 10
5400 1239 5 0 33.463223 24.84 10
5401 1239 5 0 32.268108 25.530001 10
5402 1239 5 0 32.268108 26.91 10
5403 1239 5 0 33.463223 27.6 10
5404 1239 5 0 35.853451 24.84 10
5405 1239 5 0 34.658337 25.530001 10
5406 1239 5 0 34.658337 26.91 10
5407 1239 5 0 35.853451 27.6 10
5408 1239 5 0 38.243683 24.84 10
5409 1239 5 0 37.048565 25.530001 10
5410 1239 5 0 37.048565 26.91 10
5411 1239 5 0 38.243683 27.6 10
5412 1239 5 0 40.633911 24.84 10
5413 1239 5 0 39.438797 25.530001 10
5414 1239 5 0 39.438797 26.91 10
5415 1239 5 0 40.633911 27.6 10
5416 1239 5 0 43.024143 24.84 10
5417 1239 5 0 41.829025 25.530001 10
5418 1239 5 0 41.829025 26.91 10
5419 1239 5 0 43.024143 27.6 10
5420 1239 5 0 45.414371 24.84 10
5421 1239 5 0 44.219257 25.530001 10
5422 1239 5 0 44.219257 26.91 10
5423 1239 5 0 45.414371 27.6 10
5424 1239 5 0 47.804604 24.84 10
5425 1239 5 0 46.609486 25.530001 10
5426 1239 5 0 46.609486 26.91 10
5427 1239 5 0 47.804604 27.6 10
5428 1239 5 0 50.194832 24.84 10
5429 1239 5 0 48.999718 25.530001 10
5430 1239 5 0 48.999718 26.91 10
5431 1239 5 0 50.194832 27.6 10
5432 1239 5 0 52.585064 24.84 10
5433 1239 5 0 51.389946 25.530001 10
5434 1239 5 0 51.389946 26.91 10
5435 1239 5 0 52.585064 27.6 10
5436 1239 5 0 54.975292 24.84 10
5437 1239 5 0 53.780178 25.530001 10
5438 1239 5 0 53.780178 26.91 10
5439 1239 5 0 54.975292 27.6 10
5440 1239 5 0 57.365524 24.84 10
5441 1239 5 0 56.170406 25.530001 10
5442 1239 5 0 56.170406 26.91 10
5443 1239 5 0 57.365524 27.6 10
5444 1239 5 0 59.755753 24.84 10
5445 1239 5 0 58.560638 25.530001 10
5446 1239 5 0 58.560638 26.91 10
5447 1239 5 0 59.755753 27.6 10
5448 1239 5 0 0 28.98 10
5449 1239 5 0 -1.195115 29.67 10
5450 1239 5 0 -1.195115 31.049999 10
5451 1239 5 0 0 31.74 10
5452 1239 5 0 2.39023 28.98 10
5453 1239 5 0 1.195115 29.67 10
5454 1239 5 0 1.195115 31.049999 10
5455 1239 5 0 2.39023 31.74 10
5456 1239 5 0 4.78046 28.98 10
5457 1239 5 0 3.585345 29.67 10
5458 1239 5 0 3.585345 31.049999 10
5459 1239 5 0 4.78046 31.74 10
5460 1239 5 0 7.170691 28.98 10
5461 1239 5 0 5.975575 29.67 10
5462 1239 5 0 5.975575 31.049999 10
5463 1239 5 0 7.170691 31.74 10
5464 1239 5 0 9.560921 28.98 10
5465 1239 5 0 8.365806 29.67 10
5466 1239 5 0 8.365806 31.049999 10
5467 1239 5 0 9.560921 31.74 10
5468 1239 5 0 11.951151 28.98 10
5469 1239 5 0 10.756036 29.67 10
5470 1239 5 0 10.756036 31.049999 10
5471 1239 5 0 11.951151 31.74 10
5472 1239 5 0 14.341381 28.98 10
5473 1239 5 0 13.146266 29.67 10
5474 1239 5 0 13.146266 31.049999 10
5475 1239 5 0 14.341381 31.74 10
5476 1239 5 0 16.731611 28.98 10
5477 1239 5 0 15.536496 29.67 10
5478 1239 5 0 15.536496 31.049999 10
5479 1239 5 0 16.731611 31.74 10
5480 1239 5 0 19.121841 28.98 10
5481 1239 5 0 17.926725 29.67 10
5482 1239 5 0 17.926725 31.049999 10
5483 1239 5 0 19.121841 31.74 10
5484 1239 5 0 21.512072 28.98 10
5485 1239 5 0 20.316956 29.67 10
5486 1239 5 0 20.316956 31.049999 10
5487 1239 5 0 21.512072 31.74 10
5488 1239 5 0 23.902302 28.98 10
5489 1239 5 0 22.707186 29.67 10
5490 1239 5 0 22.707186 31.049999 10
5491 1239 5 0 23.902302 31.74 10
5492 1239 5 0 26.292532 28.98 10
5493 1239 5 0 25.097416 29.67 10
5494 1239 5 0 25.097416 31.049999 10
5495 1239 5 0 26.292532 31.74 10
5496 1239 5 0 28.682762 28.98 10
5497 1239 5 0 27.487646 29.67 10
5498 1239 5 0 27.487646 31.049999 10
5499 1239 5 0 28.682762 31.74 10
5500 1239 5 0 31.072992 28.98 10
5501 1239 5 0 29.877876 29.67 10
5502 1239 5 0 29.877876 31.049999 10
5503 1239 5 0 31.072992 31.74 10
5504 1239 5 0 33.463223 28.98 10
5505 1239 5 0 32.268108 29.67 10
5506 1239 5 0 32.268108 31.049999 10
5507 1239 5 0 33.463223 31.74 10
5508 1239 5 0 35.853451 28.98 10
5509 1239 5 0 34.658337 29.67 10
5510 1239 5 0 34.658337 31.049999 10
5511 1239 5 0 35.853451 31.74 10
5512 1239 5 0 38.243683 28.98 10
5513 1239 5 0 37.048565 29.67 10
5514 1239 5 0 37.048565 31.049999 10
5515 1239 5 0 38.243683 31.74 10
5516 1239 5 0 40.633911 28.98 10
5517 1239 5 0 39.438797 29.67 10
5518 1239 5 0 39.438797 31.049999 10
5519 1239 5 0 40.633911 31.74 10
5520 1239 5 0 43.024143 28.98 10
5521 1239 5 0 41.829025 29.67 10
5522 1239 5 0 41.829025 31.049999 10
5523 1239 5 0 43.024143 31.74 10
5524 1239 5 0 45.414371 28.98 10
5525 1239 5 0 44.219257 29.67 10
5526 1239 5 0 44.219257 31.049999 10
5527 1239 5 0 45.414371 31.74 10
5528 1239 5 0 47.804604 28.98 10
5529 1239 5 0 46.609486 29.67 10
5530 1239 5 0 46.609486 31.049999 10
5531 1239 5 0 47.804604 31.74 10
5532 1239 5 0 50.194832 28.98 10
5533 1239 5 0 48.999718 29.67 10
5534 1239 5 0 48.999718 31.049999 10
5535 1239 5 0 50.194832 31.74 10
5536 1239 5 0 52.585064 28.98 10
5537 1239 5 0 51.389946 29.67 10
5538 1239 5 0 51.389946 31.049999 10
5539 1239 5 0 52.585064 31.74 10
5540 1239 5 0 54.975292 28.98 10
5541 1239 5 0 53.780178 29.67 10
5542 1239 5 0 53.780178 31.049999 10
5543 1239 5 0 54.975292 31.74 10
5544 1239 5 0 57.365524 28.98 10
5545 1239 5 0 56.170406 29.67 10
5546 1239 5 0 56.170406 31.049999 10
5547 1239 5 0 57.365524 31.74 10
5548 1239 5 0 59.755753 28.98 10
5549 1239 5 0 58.560638 29.67 10
5550 1239 5 0 58.560638 31.049999 10
5551 1239 5 0 59.755753 31.74 10
5552 1239 5 0 0 33.119999 10
5553 1239 5 0 -1.195115 33.810001 10
5554 1239 5 0 -1.195115 35.189999 10
5555 1239 5 0 0 35.880001 10
5556 1239 5 0 2.39023 33.119999 10
5557 1239 5 0 1.195115 33.810001 10
5558 1239 5 0 1.195115 35.189999 10
5559 1239 5 0 2.39023 35.880001 10
5560 1239 5 0 4.78046 33.119999 10
5561 1239 5 0 3.585345 33.810001 10
5562 1239 5 0 3.585345 35.189999 10
5563 1239 5 0 4.78046 35.880001 10
5564 1239 5 0 7.170691 33.119999 10
5565 1239 5 0 5.975575 33.810001 10
5566 1239 5 0 5.975575 35.189999 10
5567 1239 5 0 7.170691 35.880001 10
5568 1239 5 0 9.560921 33.119999 10
5569 1239 5 0 8.365806 33.810001 10
5570 1239 5 0 8.365806 35.189999 10
5571 1239 5 0 9.560921 35.880001 10
5572 1239 5 0 11.951151 33.119999 10
5573 1239 5 0 10.756036 33.810001 10
5574 1239 5 0 10.756036 35.189999 10
5575 1239 5 0 11.951151 35.880001 10
5576 1239 5 0 14.341381 33.119999 10
5577 1239 5 0 13.146266 33.810001 10
5578 1239 5 0 13.146266 35.189999 10
5579 1239 5 0 14.341381 35.880001 10
5580 1239 5 0 16.731611 33.119999 10
5581 1239 5 0 15.536496 33.810001 10
5582 1239 5 0 15.536496 35.189999 10
5583 1239 5 0 16.731611 35.880001 10
5584 1239 5 0 19.121841 33.119999 10
5585 1239 5 0 17.926725 33.810001 10
5586 1239 5 0 17.926725 35.189999 10
5587 1239 5 0 19.121841 35.880001 10
5588 1239 5 0 21.512072 33.119999 10
5589 1239 5 0 20.316956 33.810001 10
5590 1239 5 0 20.316956 35.189999 10
5591 1239 5 0 21.512072 35.880001 10
5592 1239 5 0 23.902302 33.119999 10
5593 1239 5 0 22.707186 33.810001 10
5594 1239 5 0 22.707186 35.189999 10
5595 1239 5 0 23.902302 35.880001 10
5596 1239 5 0 26.292532 33.119999 10
5597 1239 5 0 25.097416 33.810001 10
5598 1239 5 0 25.097416 35.189999 10
5599 1239 5 0 26.292532 35.880001 10
5600 1239 5 0 28.682762 33.119999 10
5601 1239 5 0 27.487646 33.810001 10
5602 1239 5 0 27.487646 35.189999 10
5603 1239 5 0 28.682762 35.880001 10
5604 1239 5 0 31.072992 33.119999 10
5605 1239 5 0 29.877876 33.810001 10
5606 1239 5 0 29.877876 35.189999 10
5607 1239 5 0 31.072992 35.880001 10
5608 1239 5 0 33.463223 33.119999 10
5609 1239 5 0 32.268108 33.810001 10
5610 1239 5 0 32.268108 35.189999 10
5611 1239 5 0 33.463223 35.880001 10
5612 1239 5 0 35.853451 33.119999 10
5613 1239 5 0 34.658337 33.810001 10
5614 1239 5 0 34.658337 35.189999 10
5615 1239 5 0 35.853451 35.880001 10
5616 1239 5 0 38.243683 33.119999 10
5617 1239 5 0 37.048565 33.810001 10
5618 1239 5 0 37.048565 35.189999 10
5619 1239 5 0 38.243683 35.880001 10
5620 1239 5 0 40.633911 33.119999 10
5621 1239 5 0 39.438797 33.810001 10
5622 1239 5 0 39.438797 35.189999 10
5623 1239 5 0 40.633911 35.880001 10
5624 1239 5 0 43.024143 33.119999 10
5625 1239 5 0 41.829025 33.810001 10
5626 1239 5 0 41.829025 35.189999 10
5627 1239 5 0 43.024143 35.880001 10
5628 1239 5 0 45.414371 33.119999 10
5629 1239 5 0 44.219257 33.810001 10
5630 1239 5 0 44.219257 35.189999 10
5631 1239 5 0 45.414371 35.880001 10
5632 1239 5 0 47.804604 33.119999 10
5633 1239 5 0 46.609486 33.810001 10
5634 1239 5 0 46.609486 35.189999 10
5635 1239 5 0 47.804604 35.880001 10
5636 1239 5 0 50.194832 33.119999 10
5637 1239 5 0 48.999718 33.810001 10
5638 1239 5 0 48.999718 35.189999 10
5639 1239 5 0 50.194832 35.880001 10
5640 1239 5 0 52.585064 33.119999 10
5641 1239 5 0 51.389946 33.810001 10
5642 1239 5 0 51.389946 35.189999 10
5643 1239 5 0 52.585064 35.880001 10
5644 1239 5 0 54.975292 33.119999 10
5645 1239 5 0 53.780178 33.810001 10
5646 1239 5 0 53.780178 35.189999 10
5647 1239 5 0 54.975292 35.880001 10
5648 1239 5 0 57.365524 33.119999 10
5649 1239 5 0 56.170406 33.810001 10
5650 1239 5 0 56.170406 35.189999 10
5651 1239 5 0 57.365524 35.880001 10
5652 1239 5 0 59.755753 33.119999 10
5653 1239 5 0 58.560638 33.810001 10
5654 1239 5 0 58.560638 35.189999 10
5655 1239 5 0 59.755753 35.880001 10
5656 1239 5 0 0 37.259998 10
5657 1239 5 0 -1.195115 37.950001 10
5658 1239 5 0 -1.195115 39.330002 10
5659 1239 5 0 0 40.02 10
5660 1239 5 0 2.39023 37.259998 10
5661 1239 5 0 1.195115 37.950001 10
5662 1239 5 0 1.195115 39.330002 10
5663 1239 5 0 2.39023 40.02 10
5664 1239 5 0 4.78046 37.259998 10
5665 1239 5 0 3.585345 37.950001 10
5666 1239 5 0 3.585345 39.330002 10
5667 1239 5 0 4.78046 40.02 10
5668 1239 5 0 7.170691 37.259998 10
5669 1239 5 0 5.975575 37.950001 10
5670 1239 5 0 5.975575 39.330002 10
5671 1239 5 0 7.170691 40.02 10
5672 1239 5 0 9.560921 37.259998 10
5673 1239 5 0 8.365806 37.950001 10
5674 1239 5 0 8.365806 39.330002 10
5675 1239 5 0 9.560921 40.02 10
5676 1239 5 0 11.951151 37.259998 10
5677 1239 5 0 10.756036 37.950001 10
5678 1239 5 0 10.756036 39.330002 10
5679 1239 5 0 11.951151 40.02 10
5680 1239 5 0 14.341381 37.259998 10
5681 1239 5 0 13.146266 37.950001 10
5682 1239 5 0 13.146266 39.330002 10
5683 1239 5 0 14.341381 40.02 10
5684 1239 5 0 16.731611 37.259998 10
5685 1239 5 0 15.536496 37.950001 10
5686 1239 5 0 15.536496 39.330002 10
5687 1239 5 0 16.731611 40.02 10
5688 1239 5 0 19.121841 37.259998 10
5689 1239 5 0 17.926725 37.950001 10
5690 1239 5 0 17.926725 39.330002 10
5691 1239 5 0 19.121841 40.02 10
5692 1239 5 0 21.512072 37.259998 10
5693 1239 5 0 20.316956 37.950001 10
5694 1239 5 0 20.316956 39.330002 10
5695 1239 5 0 21.512072 40.02 10
5696 1239 5 0 23.902302 37.259998 10
5697 1239 5 0 22.707186 37.950001 10
5698 1239 5 0 22.707186 39.330002 10
5699 1239 5 0 23.902302 40.02 10
5700 1239 5 0 26.292532 37.259998 10
5701 1239 5 0 25.097416 37.950001 10
5702 1239 5 0 25.097416 39.330002 10
5703 1239 5 0 26.292532 40.02 10
5704 1239 5 0 28.682762 37.259998 10
5705 1239 5 0 27.487646 37.950001 10
5706 1239 5 0 27.487646 39.330002 10
5707 1239 5 0 28.682762 40.02 10
5708 1239 5 0 31.072992 37.259998 10
5709 1239 5 0 29.877876 37.950001 10
5710 1239 5 0 29.877876 39.330002 10
5711 1239 5 0 31.072992 40.02 10
5712 1239 5 0 33.463223 37.259998 10
5713 1239 5 0 32.268108 37.950001 10
5714 1239 5 0 32.268108 39.330002 10
5715 1239 5 0 33.463223 40.02 10
5716 1239 5 0 35.853451 37.259998 10
5717 1239 5 0 34.658337 37.950001 10
5718 1239 5 0 34.658337 39.330002 10
5719 1239 5 0 35.853451 40.02 10
5720 1239 5 0 38.243683 37.259998 10
5721 1239 5 0 37.048565 37.950001 10
5722 1239 5 0 37.048565 39.330002 10
5723 1239 5 0 38.243683 40.02 10
5724 1239 5 0 40.633911 37.259998 10
5725 1239 5 0 39.438797 37.950001 10
5726 1239 5 0 39.438797 39.330002 10
5727 1239 5 0 40.633911 40.02 10
5728 1239 5 0 43.024143 37.259998 10
5729 1239 5 0 41.829025 37.950001 10
5730 1239 5 0 41.829025 39.330002 10
5731 1239 5 0 43.024143 40.02 10
5732 1239 5 0 45.414371 37.259998 10
5733 1239 5 0 44.219257 37.950001 10
5734 1239 5 0 44.219257 39.330002 10
5735 1239 5 0 45.414371 40.02 10
5736 1239 5 0 47.804604 37.259998 10
5737 1239 5 0 46.609486 37.950001 10
5738 1239 5 0 46.609486 39.330002 10
5739 1239 5 0 47.804604 40.02 10
5740 1239 5 0 50.194832 37.259998 10
5741 1239 5 0 48.999718 37.950001 10
5742 1239 5 0 48.999718 39.330002 10
5743 1239 5 0 50.194832 40.02 10
5744 1239 5 0 52.585064 37.259998 10
5745 1239 5 0 51.389946 37.950001 10
5746 1239 5 0 51.389946 39.330002 10
5747 1239 5 0 52.585064 40.02 10
5748 1239 5 0 54.975292 37.259998 10
5749 1239 5 0 53.780178 37.950001 10
5750 1239 5 0 53.780178 39.330002 10
5751 1239 5 0 54.975292 40.02 10
5752 1239 5 0 57.365524 37.259998 10
5753 1239 5 0 56.170406 37.950001 10
5754 1239 5 0 56.170406 39.330002 10
5755 1239 5 0 57.365524 40.02 10
5756 1239 5 0 59.755753 37.259998 10
5757 1239 5 0 58.560638 37.950001 10
5758 1239 5 0 58.560638 39.330002 10
5759 1239 5 0 59.755753 40.02 10
5760 1239 5 0 0 41.400002 10
5761 1239 5 0 -1.195115 42.09 10
5762 1239 5 0 -1.195115 43.470001 10
5763 1239 5 0 0 44.16 10
5764 1239 5 0 2.39023 41.400002 10
5765 1239 5 0 1.195115 42.09 10
5766 1239 5 0 1.195115 43.470001 10
5767 1239 5 0 2.39023 44.16 10
5768 1239 5 0 4.78046 41.400002 10
5769 1239 5 0 3.585345 42.09 10
5770 1239 5 0 3.585345 43.470001 10
5771 1239 5 0 4.78046 44.16 10
5772 1239 5 0 7.170691 41.400002 10
5773 1239 5 0 5.975575 42.09 10
5774 1239 5 0 5.975575 43.470001 10
5775 1239 5 0 7.170691 44.16 10
5776 1239 5 0 9.560921 41.400002 10
5777 1239 5 0 8.365806 42.09 10
5778 1239 5 0 8.365806 43.470001 10
5779 1239 5 0 9.560921 44.16 10
5780 1239 5 0 11.951151 41.400002 10
5781 1239 5 0 10.756036 42.09 10
5782 1239 5 0 10.756036 43.470001 10
5783 1239 5 0 11.951151 44.16 10
5784 1239 5 0 14.341381 41.400002 10
5785 1239 5 0 13.146266 42.09 10
5786 1239 5 0 13.146266 43.470001 10
5787 1239 5 0 14.341381 44.16 10
5788 1239 5 0 16.731611 41.400002 10
5789 1239 5 0 15.536496 42.09 10
5790 1239 5 0 15.536496 43.470001 10
5791 1239 5 0 16.731611 44.16 10
5792 1239 5 0 19.121841 41.400002 10
5793 1239 5 0 17.926725 42.09 10
5794 1239 5 0 17.926725 43.470001 10
5795 1239 5 0 19.121841 44.16 10
5796 1239 5 0 21.512072 41.400002 10
5797 1239 5 0 20.316956 42.09 10
5798 1239 5 0 20.316956 43.470001 10
5799 1239 5 0 21.512072 44.16 10
5800 1239 5 0 23.902302 41.400002 10
5801 1239 5 0 22.707186 42.09 10
5802 1239 5 0 22.707186 43.470001 10
5803 1239 5 0 23.902302 44.16 10
5804 1239 5 0 26.292532 41.400002 10
5805 1239 5 0 25.097416 42.09 10
5806 1239 5 0 25.097416 43.470001 10
5807 1239 5 0 26.292532 44.16 10
5808 1239 5 0 28.682762 41.400002 10
5809 1239 5 0 27.487646 42.09 10
5810 1239 5 0 27.487646 43.470001 10
5811 1239 5 0 28.682762 44.16 10
5812 1239 5 0 31.072992 41.400002 10
5813 1239 5 0 29.877876 42.09 10
5814 1239 5 0 29.877876 43.470001 10
5815 1239 5 0 31.072992 44.16 10
5816 1239 5 0 33.463223 41.400002 10
5817 1239 5 0 32.268108 42.09 10
5818 1239 5 0 32.268108 43.470001 10
5819 1239 5 0 33.463223 44.16 10
5820 1239 5 0 35.853451 41.400002 10
5821 1239 5 0 34.658337 42.09 10
5822 1239 5 0 34.658337 43.470001 10
5823 1239 5 0 35.853451 44.16 10
5824 1239 5 0 38.243683 41.400002 10
5825 1239 5 0 37.048565 42.09 10
5826 1239 5 0 37.048565 43.470001 10
5827 1239 5 0 38.243683 44.16 10
5828 1239 5 0 40.633911 41.400002 10
5829 1239 5 0 39.438797 42.09 10
5830 1239 5 0 39.438797 43.470001 10
5831 1239 5 0 40.633911 44.16 10
5832 1239 5 0 43.024143 41.400002 10
5833 1239 5 0 41.829025 42.09 10
5834 1239 5 0 41.829025 43.470001 10
5835 1239 5 0 43.024143 44.16 10
5836 1239 5 0 45.414371 41.400002 10
5837 1239 5 0 44.219257 42.09 10
5838 1239 5 0 44.219257 43.470001 10
5839 1239 5 0 45.414371 44.16 10
5840 1239 5 0 47.804604 41.400002 10
5841 1239 5 0 46.609486 42.09 10
5842 1239 5 0 46.609486 43.470001 10
5843 1239 5 0 47.804604 44.16 10
5844 1239 5 0 50.194832 41.400002 10
5845 1239 5 0 48.999718 42.09 10
5846 1239 5 0 48.999718 43.470001 10
5847 1239 5 0 50.194832 44.16 10
5848 1239 5 0 52.585064 41.400002 10
5849 1239 5 0 51.389946 42.09 10
5850 1239 5 0 51.389946 43.470001 10
5851 1239 5 0 52.585064 44.16 10
5852 1239 5 0 54.975292 41.400002 10
5853 1239 5 0 53.780178 42.09 10
5854 1239 5 0 53.780178 43.470001 10
5855 1239 5 0 54.975292 44.16 10
5856 1239 5 0 57.365524 41.400002 10
5857 1239 5 0 56.170406 42.09 10
5858 1239 5 0 56.170406 43.470001 10
5859 1239 5 0 57.365524 44.16 10
5860 1239 5 0 59.755753 41.400002 10
5861 1239 5 0 58.560638 42.09 10
5862 1239 5 0 58.560638 43.470001 10
5863 1239 5 0 59.755753 44.16 10
5864 1239 5 0 0 45.540001 10
5865 1239 5 0 -1.195115 46.23 10
5866 1239 5 0 -1.195115 47.610001 10
5867 1239 5 0 0 48.299999 10
5868 1239 5 0 2.39023 45.540001 10
5869 1239 5 0 1.195115 46.23 10
5870 1239 5 0 1.195115 47.610001 10
5871 1239 5 0 2.39023 48.299999 10
5872 1239 5 0 4.78046 45.540001 10
5873 1239 5 0 3.585345 46.23 10
5874 1239 5 0 3.585345 47.610001 10
5875 1239 5 0 4.78046 48.299999 10
5876 1239 5 0 7.170691 45.540001 10
5877 1239 5 0 5.975575 46.23 10
5878 1239 5 0 5.975575 47.610001 10
5879 1239 5 0 7.170691 48.299999 10
5880 1239 5 0 9.560921 45.540001 10
5881 1239 5 0 8.365806 46.23 10
5882 1239 5 0 8.365806 47.610001 10
5883 1239 5 0 9.560921 48.299999 10
5884 1239 5 0 11.951151 45.540001 10
5885 1239 5 0 10.756036 46.23 10
5886 1239 5 0 10.756036 47.610001 10
5887 1239 5 0 11.951151 48.299999 10
5888 1239 5 0 14.341381 45.540001 10
5889 1239 5 0 13.146266 46.23 10
5890 1239 5 0 13.146266 47.610001 10
5891 1239 5 0 14.341381 48.299999 10
5892 1239 5 0 16.731611 45.540001 10
5893 1239 5 0 15.536496 46.23 10
5894 1239 5 0 15.536496 47.610001 10
5895 1239 5 0 16.731611 48.299999 10
5896 1239 5 0 19.121841 45.540001 10
5897 1239 5 0 17.926725 46.23 10
5898 1239 5 0 17.926725 47.610001 10
5899 1239 5 0 19.121841 48.299999 10
5900 1239 5 0 21.512072 45.540001 10
5901 1239 5 0 20.316956 46.23 10
5902 1239 5 0 20.316956 47.610001 10
5903 1239 5 0 21.512072 48.299999 10
5904 1239 5 0 23.902302 45.540001 10
5905 1239 5 0 22.707186 46.23 10
5906 1239 5 0 22.707186 47.610001 10
5907 1239 5 0 23.902302 48.299999 10
5908 1239 5 0 26.292532 45.540001 10
5909 1239 5 0 25.097416 46.23 10
5910 1239 5 0 25.097416 47.610001 10
5911 1239 5 0 26.292532 48.299999 10
5912 1239 5 0 28.682762 45.540001 10
5913 1239 5 0 27.487646 46.23 10
5914 1239 5 0 27.487646 47.610001 10
5915 1239 5 0 28.682762 48.299999 10
5916 1239 5 0 31.072992 45.540001 10
5917 1239 5 0 29.877876 46.23 10
5918 1239 5 0 29.877876 47.610001 10
5919 1239 5 0 31.072992 48.299999 10
5920 1239 5 0 33.463223 45.540001 10
5921 1239 5 0 32.268108 46.23 10
5922 1239 5 0 32.268108 47.610001 10
5923 1239 5 0 33.463223 48.299999 10
5924 1239 5 0 35.853451 45.540001 10
5925 1239 5 0 34.658337 46.23 10
5926 1239 5 0 34.658337 47.610001 10
5927 1239 5 0 35.853451 48.299999 10
5928 1239 5 0 38.243683 45.540001 10
5929 1239 5 0 37.048565 46.23 10
5930 1239 5 0 37.048565 47.610001 10
5931 1239 5 0 38.243683 48.299999 10
5932 1239 5 0 40.633911 45.540001 10
5933 1239 5 0 39.438797 46.23 10
5934 1239 5 0 39.438797 47.610001 10
5935 1239 5 0 40.633911 48.299999 10
5936 1239 5 0 43.024143 45.540001 10
5937 1239 5 0 41.829025 46.23 10
5938 1239 5 0 41.829025 47.610001 10
5939 1239 5 0 43.024143 48.299999 10
5940 1239 5 0 45.414371 45.540001 10
5941 1239 5 0 44.219257 46.23 10
5942 1239 5 0 44.219257 47.610001 10
5943 1239 5 0 45.414371 48.299999 10
5944 1239 5 0 47.804604 45.540001 10
5945 1239 5 0 46.609486 46.23 10
5946 1239 5 0 46.609486 47.610001 10
5947 1239 5 0 47.804604 48.299999 10
5948 1239 5 0 50.194832 45.540001 10
5949 1239 5 0 48.999718 46.23 10
5950 1239 5 0 48.999718 47.610001 10
5951 1239 5 0 50.194832 48.299999 10
5952 1239 5 0 52.585064 45.540001 10
5953 1239 5 0 51.389946 46.23 10
5954 1239 5 0 51.389946 47.610001 10
5955 1239 5 0 52.585064 48.299999 10
5956 1239 5 0 54.975292 45.540001 10
5957 1239 5 0 53.780178 46.23 10
5958 1239 5 0 53.780178 47.610001 10
5959 1239 5 0 54.975292 48.299999 10
5960 1239 5 0 57.365524 45.540001 10
5961 1239 5 0 56.170406 46.23 10
5962 1239 5 0 56.170406 47.610001 10
5963 1239 5 0 57.365524 48.299999 10
5964 1239 5 0 59.755753 45.540001 10
5965 1239 5 0 58.560638 46.23 10
5966 1239 5 0 58.560638 47.610001 10
5967 1239 5 0 59.755753 48.299999 10
5968 1239 5 0 0 49.68 10
5969 1239 5 0 -1.195115 50.369999 10
5970 1239 5 0 -1.195115 51.75 10
5971 1239 5 0 0 52.439999 10
5972 1239 5 0 2.39023 49.68 10
5973 1239 5 0 1.195115 50.369999 10
5974 1239 5 0 1.195115 51.75 10
5975 1239 5 0 2.39023 52.439999 10
5976 1239 5 0 4.78046 49.68 10
5977 1239 5 0 3.585345 50.369999 10
5978 1239 5 0 3.585345 51.75 10
5979 1239 5 0 4.78046 52.439999 10
5980 1239 5 0 7.170691 49.68 10
5981 1239 5 0 5.975575 50.369999 10
5982 1239 5 0 5.975575 51.75 10
5983 1239 5 0 7.170691 52.439999 10
5984 1239 5 0 9.560921 49.68 10
5985 1239 5 0 8.365806 50.369999 10
5986 1239 5 0 8.365806 51.75 10
5987 1239 5 0 9.560921 52.439999 10
5988 1239 5 0 11.951151 49.68 10
5989 1239 5 0 10.756036 50.369999 10
5990 1239 5 0 10.756036 51.75 10
5991 1239 5 0 11.951151 52.439999 10
5992 1239 5 0 14.341381 49.68 10
5993 1239 5 0 13.146266 50.369999 10
5994 1239 5 0 13.146266 51.75 10
5995 1239 5 0 14.341381 52.439999 10
5996 1239 5 0 16.731611 49.68 10
5997 1239 5 0 15.536496 50.369999 10
5998 1239 5 0 15.536496 51.75 10
5999 1239 5 0 16.731611 52.439999 10
6000 1239 5 0 19.121841 49.68 10
6001 1239 5 0 17.926725 50.369999 10
6002 1239 5 0 17.926725 51.75 10
6003 1239 5 0 19.121841 52.439999 10
6004 1239 5 0 21.512072 49.68 10
6005 1239 5 0 20.316956 50.369999 10
6006 1239 5 0 20.316956 51.75 10
6007 1239 5 0 21.512072 52.439999 10
6008 1239 5 0 23.902302 49.68 10
6009 1239 5 0 22.707186 50.369999 10
6010 1239 5 0 22.707186 51.75 10
6011 1239 5 0 23.902302 52.439999 10
6012 1239 5 0 26.292532 49.68 10
6013 1239 5 0 25.097416 50.369999 10
6014 1239 5 0 25.097416 51.75 10
6015 1239 5 0 26.292532 52.439999 10
6016 1239 5 0 28.682762 49.68 10
6017 1239 5 0 27.487646 50.369999 10
6018 1239 5 0 27.487646 51.75 10
6019 1239 5 0 28.682762 52.439999 10
6020 1239 5 0 31.072992 49.68 10
6021 1239 5 0 29.877876 50.369999 10
6022 1239 5 0 29.877876 51.75 10
6023 1239 5 0 31.072992 52.439999 10
6024 1239 5 0 33.463223 49.68 10
6025 1239 5 0 32.268108 50.369999 10
6026 1239 5 0 32.268108 51.75 10
6027 1239 5 0 33.463223 52.439999 10
6028 1239 5 0 35.853451 49.68 10
6029 1239 5 0 34.658337 50.369999 10
6030 1239 5 0 34.658337 51.75 10
6031 1239 5 0 35.853451 52.439999 10
6032 1239 5 0 38.243683 49.68 10
6033 1239 5 0 37.048565 50.369999 10
6034 1239 5 0 37.048565 51.75 10
6035 1239 5 0 38.243683 52.439999 10
6036 1239 5 0 40.633911 49.68 10
6037 1239 5 0 39.438797 50.369999 10
6038 1239 5 0 39.438797 51.75 10
6039 1239 5 0 40.633911 52.439999 10
6040 1239 5 0 43.024143 49.68 10
6041 1239 5 0 41.829025 50.369999 10
6042 1239 5 0 41.829025 51.75 10
6043 1239 5 0 43.024143 52.439999 10
6044 1239 5 0 45.414371 49.68 10
6045 1239 5 0 44.219257 50.369999 10
6046 1239 5 0 44.219257 51.75 10
6047 1239 5 0 45.414371 52.439999 10
6048 1239 5 0 47.804604 49.68 10
6049 1239 5 0 46.609486 50.369999 10
6050 1239 5 0 46.609486 51.75 10
6051 1239 5 0 47.804604 52.439999 10
6052 1239 5 0 50.194832 49.68 10
6053 1239 5 0 48.999718 50.369999 10
6054 1239 5 0 48.999718 51.75 10
6055 1239 5 0 50.194832 52.439999 10
6056 1239 5 0 52.585064 49.68 10
6057 1239 5 0 51.389946 50.369999 10
6058 1239 5 0 51.389946 51.75 10
6059 1239 5 0 52.585064 52.439999 10
6060 1239 5 0 54.975292 49.68 10
6061 1239 5 0 53.780178 50.369999 10
6062 1239 5 0 53.780178 51.75 10
6063 1239 5 0 54.975292 52.439999 10
6064 1239 5 0 57.365524 49.68 10
6065 1239 5 0 56.170406 50.369999 10
6066 1239 5 0 56.170406 51.75 10
6067 1239 5 0 57.365524 52.439999 10
6068 1239 5 0 59.755753 49.68 10
6069 1239 5 0 58.560638 50.369999 10
6070 1239 5 0 58.560638 51.75 10
6071 1239 5 0 59.755753 52.439999 10
6072 1239 5 0 0 53.82 10
6073 1239 5 0 -1.195115 54.509998 10
6074 1239 5 0 -1.195115 55.889999 10
6075 1239 5 0 0 56.580002 10
6076 1239 5 0 2.39023 53.82 10
6077 1239 5 0 1.195115 54.509998 10
6078 1239 5 0 1.195115 55.889999 10
6079 1239 5 0 2.39023 56.580002 10
6080 1239 5 0 4.78046 53.82 10
6081 1239 5 0 3.585345 54.509998 10
6082 1239 5 0 3.585345 55.889999 10
6083 1239 5 0 4.78046 56.580002 10
6084 1239 5 0 7.170691 53.82 10
6085 1239 5 0 5.975575 54.509998 10
6086 1239 5 0 5.975575 55.889999 10
6087 1239 5 0 7.170691 56.580002 10
6088 1239 5 0 9.560921 53.82 10
6089 1239 5 0 8.365806 54.509998 10
6090 1239 5 0 8.365806 55.889999 10
6091 1239 5 0 9.560921 56.580002 10
6092 1239 5 0 11.951151 53.82 10
6093 1239 5 0 10.756036 54.509998 10
6094 1239 5 0 10.756036 55.889999 10
6095 1239 5 0 11.951151 56.580002 10
6096 1239 5 0 14.341381 53.82 10
6097 1239 5 0 13.146266 54.509998 10
6098 1239 5 0 13.146266 55.889999 10
6099 1239 5 0 14.341381 56.580002 10
6100 1239 5 0 16.731611 53.82 10
6101 1239 5 0 15.536496 54.509998 10
6102 1239 5 0 15.536496 55.889999 10
6103 1239 5 0 16.731611 56.580002 10
6104 1239 5 0 19.121841 53.82 10
6105 1239 5 0 17.926725 54.509998 10
6106 1239 5 0 17.926725 55.889999 10
6107 1239 5 0 19.121841 56.580002 10
6108 1239 5 0 21.512072 53.82 10
6109 1239 5 0 20.316956 54.509998 10
6110 1239 5 0 20.316956 55.889999 10
6111 1239 5 0 21.512072 56.580002 10
6112 1239 5 0 23.902302 53.82 10
6113 1239 5 0 22.707186 54.509998 10
6114 1239 5 0 22.707186 55.889999 10
6115 1239 5 0 23.902302 56.580002 10
6116 1239 5 0 26.292532 53.82 10
6117 1239 5 0 25.097416 54.509998 10
6118 1239 5 0 25.097416 55.889999 10
6119 1239 5 0 26.292532 56.580002 10
6120 1239 5 0 28.682762 53.82 10
6121 1239 5 0 27.487646 54.509998 10
6122 1239 5 0 27.487646 55.889999 10
6123 1239 5 0 28.682762 56.580002 10
6124 1239 5 0 31.072992 53.82 10
6125 1239 5 0 29.877876 54.509998 10
6126 1239 5 0 29.877876 55.889999 10
6127 1239 5 0 31.072992 56.580002 10
6128 1239 5 0 33.463223 53.82 10
6129 1239 5 0 32.268108 54.509998 10
6130 1239 5 0 32.268108 55.889999 10
6131 1239 5 0 33.463223 56.580002 10
6132 1239 5 0 35.853451 53.82 10
6133 1239 5 0 34.658337 54.509998 10
6134 1239 5 0 34.658337 55.889999 10
6135 1239 5 0 35.853451 56.580002 10
6136 1239 5 0 38.243683 53.82 10
6137 1239 5 0 37.048565 54.509998 10
6138 1239 5 0 37.048565 55.889999 10
6139 1239 5 0 38.243683 56.580002 10
6140 1239 5 0 40.633911 53.82 10
6141 1239 5 0 39.438797 54.509998 10
6142 1239 5 0 39.438797 55.889999 10
6143 1239 5 0 40.633911 56.580002 10
6144 1239 5 0 43.024143 53.82 10
6145 1239 5 0 41.829025 54.509998 10
6146 1239 5 0 41.829025 55.889999 10
6147 1239 5 0 43.024143 56.580002 10
6148 1239 5 0 45.414371 53.82 10
6149 1239 5 0 44.219257 54.509998 10
6150 1239 5 0 44.219257 55.889999 10
6151 1239 5 0 45.414371 56.580002 10
6152 1239 5 0 47.804604 53.82 10
6153 1239 5 0 46.609486 54.509998 10
6154 1239 5 0 46.609486 55.889999 10
6155 1239 5 0 47.804604 56.580002 10
6156 1239 5 0 50.194832 53.82 10
6157 1239 5 0 48.999718 54.509998 10
6158 1239 5 0 48.999718 55.889999 10
6159 1239 5 0 50.194832 56.580002 10
6160 1239 5 0 52.585064 53.82 10
6161 1239 5 0 51.389946 54.509998 10
6162 1239 5 0 51.389946 55.889999 10
6163 1239 5 0 52.585064 56.580002 10
6164 1239 5 0 54.975292 53.82 10
6165 1239 5 0 53.780178 54.509998 10
6166 1239 5 0 53.780178 55.889999 10
6167 1239 5 0 54.975292 56.580002 10
6168 1239 5 0 57.365524 53.82 10
6169 1239 5 0 56.170406 54.509998 10
6170 1239 5 0 56.170406 55.889999 10
6171 1239 5 0 57.365524 56.580002 10
6172 1239 5 0 59.755753 53.82 10
6173 1239 5 0 58.560638 54.509998 10
6174 1239 5 0 58.560638 55.889999 10
6175 1239 5 0 59.755753 56.580002 10
6176 1239 5 0 0 57.959999 10
6177 1239 5 0 -1.195115 58.650002 10
6178 1239 5 0 -1.195115 60.029999 10
6179 1239 5 0 0 60.720001 10
6180 1239 5 0 2.39023 57.959999 10
6181 1239 5 0 1.195115 58.650002 10
6182 1239 5 0 1.195115 60.029999 10
6183 1239 5 0 2.39023 60.720001 10
6184 1239 5 0 4.78046 57.959999 10
6185 1239 5 0 3.585345 58.650002 10
6186 1239 5 0 3.585345 60.029999 10
6187 1239 5 0 4.78046 60.720001 10
6188 1239 5 0 7.170691 57.959999 10
6189 1239 5 0 5.975575 58.650002 10
6190 1239 5 0 5.975575 60.029999 10
6191 1239 5 0 7.170691 60.720001 10
6192 1239 5 0 9.560921 57.959999 10
6193 1239 5 0 8.365806 58.650002 10
6194 1239 5 0 8.365806 60.029999 10
6195 1239 5 0 9.560921 60.720001 10
6196 1239 5 0 11.951151 57.959999 10
6197 1239 5 0 10.756036 58.650002 10
6198 1239 5 0 10.756036 60.029999 10
6199 1239 5 0 11.951151 60.720001 10
6200 1239 5 0 14.341381 57.959999 10
6201 1239 5 0 13.146266 58.650002 10
6202 1239 5 0 13.146266 60.029999 10
6203 1239 5 0 14.341381 60.720001 10
6204 1239 5 0 16.731611 57.959999 10
6205 1239 5 0 15.536496 58.650002 10
6206 1239 5 0 15.536496 60.029999 10
6207 1239 5 0 16.731611 60.720001 10
6208 1239 5 0 19.121841 57.959999 10
6209 1239 5 0 17.926725 58.650002 10
6210 1239 5 0 17.926725 60.029999 10
6211 1239 5 0 19.121841 60.720001 10
6212 1239 5 0 21.512072 57.959999 10
6213 1239 5 0 20.316956 58.650002 10
6214 1239 5 0 20.316956 60.029999 10
6215 1239 5 0 21.512072 60.720001 10
6216 1239 5 0 23.902302 57.959999 10
6217 1239 5 0 22.707186 58.650002 10
6218 1239 5 0 22.707186 60.029999 10
6219 1239 5 0 23.902302 60.720001 10
6220 1239 5 0 26.292532 57.959999 10
6221 1239 5 0 25.097416 58.650002 10
6222 1239 5 0 25.097416 60.029999 10
6223 1239 5 0 26.292532 60.720001 10
6224 1239 5 0 28.682762 57.959999 10
6225 1239 5 0 27.487646 58.650002 10
6226 1239 5 0 27.487646 60.029999 10
6227 1239 5 0 28.682762 60.720001 10
6228 1239 5 0 31.072992 57.959999 10
6229 1239 5 0 29.877876 58.650002 10
6230 1239 5 0 29.877876 60.029999 10
6231 1239 5 0 31.072992 60.720001 10
6232 1239 5 0 33.463223 57.959999 10
6233 1239 5 0 32.268108 58.650002 10
6234 1239 5 0 32.268108 60.029999 10
6235 1239 5 0 33.463223 60.720001 10
6236 1239 5 0 35.853451 57.959999 10
6237 1239 5 0 34.658337 58.650002 10
6238 1239 5 0 34.658337 60.029999 10
6239 1239 5 0 35.853451 60.720001 10
6240 1239 5 0 38.243683 57.959999 10
6241 1239 5 0 37.048565 58.650002 10
6242 1239 5 0 37.048565 60.029999 10
6243 1239 5 0 38.243683 60.720001 10
6244 1239 5 0 40.633911 57.959999 10
6245 1239 5 0 39.438797 58.650002 10
6246 1239 5 0 39.438797 60.029999 10
6247 1239 5 0 40.633911 60.720001 10
6248 1239 5 0 43.024143 57.959999 10
6249 1239 5 0 41.829025 58.650002 10
6250 1239 5 0 41.829025 60.029999 10
6251 1239 5 0 43.024143 60.720001 10
6252 1239 5 0 45.414371 57.959999 10
6253 1239 5 0 44.219257 58.650002 10
6254 1239 5 0 44.219257 60.029999 10
6255 1239 5 0 45.414371 60.720001 10
6256 1239 5 0 47.804604 57.959999 10
6257 1239 5 0 46.609486 58.650002 10
6258 1239 5 0 46.609486 60.029999 10
6259 1239 5 0 47.804604 60.720001 10
6260 1239 5 0 50.194832 57.959999 10
6261 1239 5 0 48.999718 58.650002 10
6262 1239 5 0 48.999718 60.029999 10
6263 1239 5 0 50.194832 60.720001 10
6264 1239 5 0 52.585064 57.959999 10
6265 1239 5 0 51.389946 58.650002 10
6266 1239 5 0 51.389946 60.029999 10
6267 1239 5 0 52.585064 60.720001 10
6268 1239 5 0 54.975292 57.959999 10
6269 1239 5 0 53.780178 58.650002 10
6270 1239 5 0 53.780178 60.029999 10
6271 1239 5 0 54.975292 60.720001 10
6272 1239 5 0 57.365524 57.959999 10
6273 1239 5 0 56.170406 58.650002 10
6274 1239 5 0 56.170406 60.029999 10
6275 1239 5 0 57.365524 60.720001 10
6276 1239 5 0 59.755753 57.959999 10
6277 1239 5 0 58.560638 58.650002 10
6278 1239 5 0 58.560638 60.029999 10
6279 1239 5 0 59.755753 60.720001 10
