3712	1238	3	0	0.1472944	2.157	-2.13122
3713	1238	4	0	0.8527056	2.157	0
3714	1238	4	0	2.3352944	3.814	0
3715	1238	3	0	3.0407056	3.814	-2.13122
3716	1238	3	0	0.1472944	5.471	-2.13122
3717	1238	4	0	0.8527056	5.471	0
3718	1238	4	0	2.3352944	7.128	0
3719	1238	3	0	3.0407056	7.128	-2.13122
3720	1238	3	0	0.1472944	8.785	-2.13122
3721	1238	4	0	0.8527056	8.785	0
3722	1238	4	0	2.3352944	10.442	0
3723	1238	3	0	3.0407056	10.442	-2.13122
3724	1238	3	0	0.1472944	12.099	-2.13122
3725	1238	4	0	0.8527056	12.099	0
3726	1238	4	0	2.3352944	13.756	0
3727	1238	3	0	3.0407056	13.756	-2.13122
3728	1238	3	0	0.1472944	15.413	-2.13122
3729	1238	4	0	0.8527056	15.413	0
3730	1238	4	0	2.3352944	17.07	0
3731	1238	3	0	3.0407056	17.07	-2.13122
3732	1238	3	0	0.1472944	18.727	-2.13122
3733	1238	4	0	0.8527056	18.727	0
3734	1238	4	0	2.3352944	20.384	0
3735	1238	3	0	3.0407056	20.384	-2.13122
3736	1238	3	0	0.1472944	22.041	-2.13122
3737	1238	4	0	0.8527056	22.041	0
3738	1238	4	0	2.3352944	23.698	0
3739	1238	3	0	3.0407056	23.698	-2.13122
3740	1238	3	0	0.1472944	25.355	-2.13122
3741	1238	4	0	0.8527056	25.355	0
3742	1238	4	0	2.3352944	27.012	0
3743	1238	3	0	3.0407056	27.012	-2.13122
3744	1238	3	0	0.1472944	28.669	-2.13122
3745	1238	4	0	0.8527056	28.669	0
3746	1238	4	0	2.3352944	30.326	0
3747	1238	3	0	3.0407056	30.326	-2.13122
3748	1238	3	0	0.1472944	31.983	-2.13122
3749	1238	4	0	0.8527056	31.983	0
3750	1238	4	0	2.3352944	33.64	0
3751	1238	3	0	3.0407056	33.64	-2.13122
3752	1238	3	0	0.1472944	35.297	-2.13122
3753	1238	4	0	0.8527056	35.297	0
3754	1238	4	0	2.3352944	36.954	0
3755	1238	3	0	3.0407056	36.954	-2.13122
3756	1238	3	0	0.1472944	38.611	-2.13122
3757	1238	4	0	0.8527056	38.611	0
3758	1238	4	0	2.3352944	40.268	0
3759	1238	3	0	3.0407056	40.268	-2.13122
3760	1238	3	0	0.1472944	41.925	-2.13122
3761	1238	4	0	0.8527056	41.925	0
3762	1238	4	0	2.3352944	43.582	0
3763	1238	3	0	3.0407056	43.582	-2.13122
3764	1238	3	0	0.1472944	45.239	-2.13122
3765	1238	4	0	0.8527056	45.239	0
3766	1238	4	0	2.3352944	46.896	0
3767	1238	3	0	3.0407056	46.896	-2.13122
3768	1238	3	0	0.1472944	48.553	-2.13122
3769	1238	4	0	0.8527056	48.553	0
3770	1238	4	0	2.3352944	50.21	0
3771	1238	3	0	3.0407056	50.21	-2.13122
3772	1238	3	0	0.1472944	51.867	-2.13122
3773	1238	4	0	0.8527056	51.867	0
3774	1238	4	0	2.3352944	53.524	0
3775	1238	3	0	3.0407056	53.524	-2.13122
3776	1238	3	0	0.1472944	55.181	-2.13122
3777	1238	4	0	0.8527056	55.181	0
3778	1238	4	0	2.3352944	56.838	0
3779	1238	3	0	3.0407056	56.838	-2.13122
3780	1238	3	0	0.1472944	58.495	-2.13122
3781	1238	4	0	0.8527056	58.495	0
3782	1238	4	0	2.3352944	60.152	0
3783	1238	3	0	3.0407056	60.152	-2.13122
3784	1238	3	0	4.5232944	2.157	-2.13122
3785	1238	4	0	5.2287056	2.157	0
3786	1238	4	0	6.7112944	3.814	0
3787	1238	3	0	7.4167056	3.814	-2.13122
3788	1238	3	0	4.5232944	5.471	-2.13122
3789	1238	4	0	5.2287056	5.471	0
3790	1238	4	0	6.7112944	7.128	0
3791	1238	3	0	7.4167056	7.128	-2.13122
3792	1238	3	0	4.5232944	8.785	-2.13122
3793	1238	4	0	5.2287056	8.785	0
3794	1238	4	0	6.7112944	10.442	0
3795	1238	3	0	7.4167056	10.442	-2.13122
3796	1238	3	0	4.5232944	12.099	-2.13122
3797	1238	4	0	5.2287056	12.099	0
3798	1238	4	0	6.7112944	13.756	0
3799	1238	3	0	7.4167056	13.756	-2.13122
3800	1238	3	0	4.5232944	15.413	-2.13122
3801	1238	4	0	5.2287056	15.413	0
3802	1238	4	0	6.7112944	17.07	0
3803	1238	3	0	7.4167056	17.07	-2.13122
3804	1238	3	0	4.5232944	18.727	-2.13122
3805	1238	4	0	5.2287056	18.727	0
3806	1238	4	0	6.7112944	20.384	0
3807	1238	3	0	7.4167056	20.384	-2.13122
3808	1238	3	0	4.5232944	22.041	-2.13122
3809	1238	4	0	5.2287056	22.041	0
3810	1238	4	0	6.7112944	23.698	0
3811	1238	3	0	7.4167056	23.698	-2.13122
3812	1238	3	0	4.5232944	25.355	-2.13122
3813	1238	4	0	5.2287056	25.355	0
3814	1238	4	0	6.7112944	27.012	0
3815	1238	3	0	7.4167056	27.012	-2.13122
3816	1238	3	0	4.5232944	28.669	-2.13122
3817	1238	4	0	5.2287056	28.669	0
3818	1238	4	0	6.7112944	30.326	0
3819	1238	3	0	7.4167056	30.326	-2.13122
3820	1238	3	0	4.5232944	31.983	-2.13122
3821	1238	4	0	5.2287056	31.983	0
3822	1238	4	0	6.7112944	33.64	0
3823	1238	3	0	7.4167056	33.64	-2.13122
3824	1238	3	0	4.5232944	35.297	-2.13122
3825	1238	4	0	5.2287056	35.297	0
3826	1238	4	0	6.7112944	36.954	0
3827	1238	3	0	7.4167056	36.954	-2.13122
3828	1238	3	0	4.5232944	38.611	-2.13122
3829	1238	4	0	5.2287056	38.611	0
3830	1238	4	0	6.7112944	40.268	0
3831	1238	3	0	7.4167056	40.268	-2.13122
3832	1238	3	0	4.5232944	41.925	-2.13122
3833	1238	4	0	5.2287056	41.925	0
3834	1238	4	0	6.7112944	43.582	0
3835	1238	3	0	7.4167056	43.582	-2.13122
3836	1238	3	0	4.5232944	45.239	-2.13122
3837	1238	4	0	5.2287056	45.239	0
3838	1238	4	0	6.7112944	46.896	0
3839	1238	3	0	7.4167056	46.896	-2.13122
3840	1238	3	0	4.5232944	48.553	-2.13122
3841	1238	4	0	5.2287056	48.553	0
3842	1238	4	0	6.7112944	50.21	0
3843	1238	3	0	7.4167056	50.21	-2.13122
3844	1238	3	0	4.5232944	51.867	-2.13122
3845	1238	4	0	5.2287056	51.867	0
3846	1238	4	0	6.7112944	53.524	0
3847	1238	3	0	7.4167056	53.524	-2.13122
3848	1238	3	0	4.5232944	55.181	-2.13122
3849	1238	4	0	5.2287056	55.181	0
3850	1238	4	0	6.7112944	56.838	0
3851	1238	3	0	7.4167056	56.838	-2.13122
3852	1238	3	0	4.5232944	58.495	-2.13122
3853	1238	4	0	5.2287056	58.495	0
3854	1238	4	0	6.7112944	60.152	0
3855	1238	3	0	7.4167056	60.152	-2.13122
3856	1238	3	0	8.8992944	2.157	-2.13122
3857	1238	4	0	9.6047056	2.157	0
3858	1238	4	0	11.0872944	3.814	0
3859	1238	3	0	11.7927056	3.814	-2.13122
3860	1238	3	0	8.8992944	5.471	-2.13122
3861	1238	4	0	9.6047056	5.471	0
3862	1238	4	0	11.0872944	7.128	0
3863	1238	3	0	11.7927056	7.128	-2.13122
3864	1238	3	0	8.8992944	8.785	-2.13122
3865	1238	4	0	9.6047056	8.785	0
3866	1238	4	0	11.0872944	10.442	0
3867	1238	3	0	11.7927056	10.442	-2.13122
3868	1238	3	0	8.8992944	12.099	-2.13122
3869	1238	4	0	9.6047056	12.099	0
3870	1238	4	0	11.0872944	13.756	0
3871	1238	3	0	11.7927056	13.756	-2.13122
3872	1238	3	0	8.8992944	15.413	-2.13122
3873	1238	4	0	9.6047056	15.413	0
3874	1238	4	0	11.0872944	17.07	0
3875	1238	3	0	11.7927056	17.07	-2.13122
3876	1238	3	0	8.8992944	18.727	-2.13122
3877	1238	4	0	9.6047056	18.727	0
3878	1238	4	0	11.0872944	20.384	0
3879	1238	3	0	11.7927056	20.384	-2.13122
3880	1238	3	0	8.8992944	22.041	-2.13122
3881	1238	4	0	9.6047056	22.041	0
3882	1238	4	0	11.0872944	23.698	0
3883	1238	3	0	11.7927056	23.698	-2.13122
3884	1238	3	0	8.8992944	25.355	-2.13122
3885	1238	4	0	9.6047056	25.355	0
3886	1238	4	0	11.0872944	27.012	0
3887	1238	3	0	11.7927056	27.012	-2.13122
3888	1238	3	0	8.8992944	28.669	-2.13122
3889	1238	4	0	9.6047056	28.669	0
3890	1238	4	0	11.0872944	30.326	0
3891	1238	3	0	11.7927056	30.326	-2.13122
3892	1238	3	0	8.8992944	31.983	-2.13122
3893	1238	4	0	9.6047056	31.983	0
3894	1238	4	0	11.0872944	33.64	0
3895	1238	3	0	11.7927056	33.64	-2.13122
3896	1238	3	0	8.8992944	35.297	-2.13122
3897	1238	4	0	9.6047056	35.297	0
3898	1238	4	0	11.0872944	36.954	0
3899	1238	3	0	11.7927056	36.954	-2.13122
3900	1238	3	0	8.8992944	38.611	-2.13122
3901	1238	4	0	9.6047056	38.611	0
3902	1238	4	0	11.0872944	40.268	0
3903	1238	3	0	11.7927056	40.268	-2.13122
3904	1238	3	0	8.8992944	41.925	-2.13122
3905	1238	4	0	9.6047056	41.925	0
3906	1238	4	0	11.0872944	43.582	0
3907	1238	3	0	11.7927056	43.582	-2.13122
3908	1238	3	0	8.8992944	45.239	-2.13122
3909	1238	4	0	9.6047056	45.239	0
3910	1238	4	0	11.0872944	46.896	0
3911	1238	3	0	11.7927056	46.896	-2.13122
3912	1238	3	0	8.8992944	48.553	-2.13122
3913	1238	4	0	9.6047056	48.553	0
3914	1238	4	0	11.0872944	50.21	0
3915	1238	3	0	11.7927056	50.21	-2.13122
3916	1238	3	0	8.8992944	51.867	-2.13122
3917	1238	4	0	9.6047056	51.867	0
3918	1238	4	0	11.0872944	53.524	0
3919	1238	3	0	11.7927056	53.524	-2.13122
3920	1238	3	0	8.8992944	55.181	-2.13122
3921	1238	4	0	9.6047056	55.181	0
3922	1238	4	0	11.0872944	56.838	0
3923	1238	3	0	11.7927056	56.838	-2.13122
3924	1238	3	0	8.8992944	58.495	-2.13122
3925	1238	4	0	9.6047056	58.495	0
3926	1238	4	0	11.0872944	60.152	0
3927	1238	3	0	11.7927056	60.152	-2.13122
3928	1238	3	0	13.2752944	2.157	-2.13122
3929	1238	4	0	13.9807056	2.157	0
3930	1238	4	0	15.4632944	3.814	0
3931	1238	3	0	16.1687056	3.814	-2.13122
3932	1238	3	0	13.2752944	5.471	-2.13122
3933	1238	4	0	13.9807056	5.471	0
3934	1238	4	0	15.4632944	7.128	0
3935	1238	3	0	16.1687056	7.128	-2.13122
3936	1238	3	0	13.2752944	8.785	-2.13122
3937	1238	4	0	13.9807056	8.785	0
3938	1238	4	0	15.4632944	10.442	0
3939	1238	3	0	16.1687056	10.442	-2.13122
3940	1238	3	0	13.2752944	12.099	-2.13122
3941	1238	4	0	13.9807056	12.099	0
3942	1238	4	0	15.4632944	13.756	0
3943	1238	3	0	16.1687056	13.756	-2.13122
3944	1238	3	0	13.2752944	15.413	-2.13122
3945	1238	4	0	13.9807056	15.413	0
3946	1238	4	0	15.4632944	17.07	0
3947	1238	3	0	16.1687056	17.07	-2.13122
3948	1238	3	0	13.2752944	18.727	-2.13122
3949	1238	4	0	13.9807056	18.727	0
3950	1238	4	0	15.4632944	20.384	0
3951	1238	3	0	16.1687056	20.384	-2.13122
3952	1238	3	0	13.2752944	22.041	-2.13122
3953	1238	4	0	13.9807056	22.041	0
3954	1238	4	0	15.4632944	23.698	0
3955	1238	3	0	16.1687056	23.698	-2.13122
3956	1238	3	0	13.2752944	25.355	-2.13122
3957	1238	4	0	13.9807056	25.355	0
3958	1238	4	0	15.4632944	27.012	0
3959	1238	3	0	16.1687056	27.012	-2.13122
3960	1238	3	0	13.2752944	28.669	-2.13122
3961	1238	4	0	13.9807056	28.669	0
3962	1238	4	0	15.4632944	30.326	0
3963	1238	3	0	16.1687056	30.326	-2.13122
3964	1238	3	0	13.2752944	31.983	-2.13122
3965	1238	4	0	13.9807056	31.983	0
3966	1238	4	0	15.4632944	33.64	0
3967	1238	3	0	16.1687056	33.64	-2.13122
3968	1238	3	0	13.2752944	35.297	-2.13122
3969	1238	4	0	13.9807056	35.297	0
3970	1238	4	0	15.4632944	36.954	0
3971	1238	3	0	16.1687056	36.954	-2.13122
3972	1238	3	0	13.2752944	38.611	-2.13122
3973	1238	4	0	13.9807056	38.611	0
3974	1238	4	0	15.4632944	40.268	0
3975	1238	3	0	16.1687056	40.268	-2.13122
3976	1238	3	0	13.2752944	41.925	-2.13122
3977	1238	4	0	13.9807056	41.925	0
3978	1238	4	0	15.4632944	43.582	0
3979	1238	3	0	16.1687056	43.582	-2.13122
3980	1238	3	0	13.2752944	45.239	-2.13122
3981	1238	4	0	13.9807056	45.239	0
3982	1238	4	0	15.4632944	46.896	0
3983	1238	3	0	16.1687056	46.896	-2.13122
3984	1238	3	0	13.2752944	48.553	-2.13122
3985	1238	4	0	13.9807056	48.553	0
3986	1238	4	0	15.4632944	50.21	0
3987	1238	3	0	16.1687056	50.21	-2.13122
3988	1238	3	0	13.2752944	51.867	-2.13122
3989	1238	4	0	13.9807056	51.867	0
3990	1238	4	0	15.4632944	53.524	0
3991	1238	3	0	16.1687056	53.524	-2.13122
3992	1238	3	0	13.2752944	55.181	-2.13122
3993	1238	4	0	13.9807056	55.181	0
3994	1238	4	0	15.4632944	56.838	0
3995	1238	3	0	16.1687056	56.838	-2.13122
3996	1238	3	0	13.2752944	58.495	-2.13122
3997	1238	4	0	13.9807056	58.495	0
3998	1238	4	0	15.4632944	60.152	0
3999	1238	3	0	16.1687056	60.152	-2.13122
4000	1238	3	0	17.6512944	2.157	-2.13122
4001	1238	4	0	18.3567056	2.157	0
4002	1238	4	0	19.8392944	3.814	0
4003	1238	3	0	20.5447056	3.814	-2.13122
4004	1238	3	0	17.6512944	5.471	-2.13122
4005	1238	4	0	18.3567056	5.471	0
4006	1238	4	0	19.8392944	7.128	0
4007	1238	3	0	20.5447056	7.128	-2.13122
4008	1238	3	0	17.6512944	8.785	-2.13122
4009	1238	4	0	18.3567056	8.785	0
4010	1238	4	0	19.8392944	10.442	0
4011	1238	3	0	20.5447056	10.442	-2.13122
4012	1238	3	0	17.6512944	12.099	-2.13122
4013	1238	4	0	18.3567056	12.099	0
4014	1238	4	0	19.8392944	13.756	0
4015	1238	3	0	20.5447056	13.756	-2.13122
4016	1238	3	0	17.6512944	15.413	-2.13122
4017	1238	4	0	18.3567056	15.413	0
4018	1238	4	0	19.8392944	17.07	0
4019	1238	3	0	20.5447056	17.07	-2.13122
4020	1238	3	0	17.6512944	18.727	-2.13122
4021	1238	4	0	18.3567056	18.727	0
4022	1238	4	0	19.8392944	20.384	0
4023	1238	3	0	20.5447056	20.384	-2.13122
4024	1238	3	0	17.6512944	22.041	-2.13122
4025	1238	4	0	18.3567056	22.041	0
4026	1238	4	0	19.8392944	23.698	0
4027	1238	3	0	20.5447056	23.698	-2.13122
4028	1238	3	0	17.6512944	25.355	-2.13122
4029	1238	4	0	18.3567056	25.355	0
4030	1238	4	0	19.8392944	27.012	0
4031	1238	3	0	20.5447056	27.012	-2.13122
4032	1238	3	0	17.6512944	28.669	-2.13122
4033	1238	4	0	18.3567056	28.669	0
4034	1238	4	0	19.8392944	30.326	0
4035	1238	3	0	20.5447056	30.326	-2.13122
4036	1238	3	0	17.6512944	31.983	-2.13122
4037	1238	4	0	18.3567056	31.983	0
4038	1238	4	0	19.8392944	33.64	0
4039	1238	3	0	20.5447056	33.64	-2.13122
4040	1238	3	0	17.6512944	35.297	-2.13122
4041	1238	4	0	18.3567056	35.297	0
4042	1238	4	0	19.8392944	36.954	0
4043	1238	3	0	20.5447056	36.954	-2.13122
4044	1238	3	0	17.6512944	38.611	-2.13122
4045	1238	4	0	18.3567056	38.611	0
4046	1238	4	0	19.8392944	40.268	0
4047	1238	3	0	20.5447056	40.268	-2.13122
4048	1238	3	0	17.6512944	41.925	-2.13122
4049	1238	4	0	18.3567056	41.925	0
4050	1238	4	0	19.8392944	43.582	0
4051	1238	3	0	20.5447056	43.582	-2.13122
4052	1238	3	0	17.6512944	45.239	-2.13122
4053	1238	4	0	18.3567056	45.239	0
4054	1238	4	0	19.8392944	46.896	0
4055	1238	3	0	20.5447056	46.896	-2.13122
4056	1238	3	0	17.6512944	48.553	-2.13122
4057	1238	4	0	18.3567056	48.553	0
4058	1238	4	0	19.8392944	50.21	0
4059	1238	3	0	20.5447056	50.21	-2.13122
4060	1238	3	0	17.6512944	51.867	-2.13122
4061	1238	4	0	18.3567056	51.867	0
4062	1238	4	0	19.8392944	53.524	0
4063	1238	3	0	20.5447056	53.524	-2.13122
4064	1238	3	0	17.6512944	55.181	-2.13122
4065	1238	4	0	18.3567056	55.181	0
4066	1238	4	0	19.8392944	56.838	0
4067	1238	3	0	20.5447056	56.838	-2.13122
4068	1238	3	0	17.6512944	58.495	-2.13122
4069	1238	4	0	18.3567056	58.495	0
4070	1238	4	0	19.8392944	60.152	0
4071	1238	3	0	20.5447056	60.152	-2.13122
4072	1238	3	0	22.0272944	2.157	-2.13122
4073	1238	4	0	22.7327056	2.157	0
4074	1238	4	0	24.2152944	3.814	0
4075	1238	3	0	24.9207056	3.814	-2.13122
4076	1238	3	0	22.0272944	5.471	-2.13122
4077	1238	4	0	22.7327056	5.471	0
4078	1238	4	0	24.2152944	7.128	0
4079	1238	3	0	24.9207056	7.128	-2.13122
4080	1238	3	0	22.0272944	8.785	-2.13122
4081	1238	4	0	22.7327056	8.785	0
4082	1238	4	0	24.2152944	10.442	0
4083	1238	3	0	24.9207056	10.442	-2.13122
4084	1238	3	0	22.0272944	12.099	-2.13122
4085	1238	4	0	22.7327056	12.099	0
4086	1238	4	0	24.2152944	13.756	0
4087	1238	3	0	24.9207056	13.756	-2.13122
4088	1238	3	0	22.0272944	15.413	-2.13122
4089	1238	4	0	22.7327056	15.413	0
4090	1238	4	0	24.2152944	17.07	0
4091	1238	3	0	24.9207056	17.07	-2.13122
4092	1238	3	0	22.0272944	18.727	-2.13122
4093	1238	4	0	22.7327056	18.727	0
4094	1238	4	0	24.2152944	20.384	0
4095	1238	3	0	24.9207056	20.384	-2.13122
4096	1238	3	0	22.0272944	22.041	-2.13122
4097	1238	4	0	22.7327056	22.041	0
4098	1238	4	0	24.2152944	23.698	0
4099	1238	3	0	24.9207056	23.698	-2.13122
4100	1238	3	0	22.0272944	25.355	-2.13122
4101	1238	4	0	22.7327056	25.355	0
4102	1238	4	0	24.2152944	27.012	0
4103	1238	3	0	24.9207056	27.012	-2.13122
4104	1238	3	0	22.0272944	28.669	-2.13122
4105	1238	4	0	22.7327056	28.669	0
4106	1238	4	0	24.2152944	30.326	0
4107	1238	3	0	24.9207056	30.326	-2.13122
4108	1238	3	0	22.0272944	31.983	-2.13122
4109	1238	4	0	22.7327056	31.983	0
4110	1238	4	0	24.2152944	33.64	0
4111	1238	3	0	24.9207056	33.64	-2.13122
4112	1238	3	0	22.0272944	35.297	-2.13122
4113	1238	4	0	22.7327056	35.297	0
4114	1238	4	0	24.2152944	36.954	0
4115	1238	3	0	24.9207056	36.954	-2.13122
4116	1238	3	0	22.0272944	38.611	-2.13122
4117	1238	4	0	22.7327056	38.611	0
4118	1238	4	0	24.2152944	40.268	0
4119	1238	3	0	24.9207056	40.268	-2.13122
4120	1238	3	0	22.0272944	41.925	-2.13122
4121	1238	4	0	22.7327056	41.925	0
4122	1238	4	0	24.2152944	43.582	0
4123	1238	3	0	24.9207056	43.582	-2.13122
4124	1238	3	0	22.0272944	45.239	-2.13122
4125	1238	4	0	22.7327056	45.239	0
4126	1238	4	0	24.2152944	46.896	0
4127	1238	3	0	24.9207056	46.896	-2.13122
4128	1238	3	0	22.0272944	48.553	-2.13122
4129	1238	4	0	22.7327056	48.553	0
4130	1238	4	0	24.2152944	50.21	0
4131	1238	3	0	24.9207056	50.21	-2.13122
4132	1238	3	0	22.0272944	51.867	-2.13122
4133	1238	4	0	22.7327056	51.867	0
4134	1238	4	0	24.2152944	53.524	0
4135	1238	3	0	24.9207056	53.524	-2.13122
4136	1238	3	0	22.0272944	55.181	-2.13122
4137	1238	4	0	22.7327056	55.181	0
4138	1238	4	0	24.2152944	56.838	0
4139	1238	3	0	24.9207056	56.838	-2.13122
4140	1238	3	0	22.0272944	58.495	-2.13122
4141	1238	4	0	22.7327056	58.495	0
4142	1238	4	0	24.2152944	60.152	0
4143	1238	3	0	24.9207056	60.152	-2.13122
4144	1238	3	0	26.4032944	2.157	-2.13122
4145	1238	4	0	27.1087056	2.157	0
4146	1238	4	0	28.5912944	3.814	0
4147	1238	3	0	29.2967056	3.814	-2.13122
4148	1238	3	0	26.4032944	5.471	-2.13122
4149	1238	4	0	27.1087056	5.471	0
4150	1238	4	0	28.5912944	7.128	0
4151	1238	3	0	29.2967056	7.128	-2.13122
4152	1238	3	0	26.4032944	8.785	-2.13122
4153	1238	4	0	27.1087056	8.785	0
4154	1238	4	0	28.5912944	10.442	0
4155	1238	3	0	29.2967056	10.442	-2.13122
4156	1238	3	0	26.4032944	12.099	-2.13122
4157	1238	4	0	27.1087056	12.099	0
4158	1238	4	0	28.5912944	13.756	0
4159	1238	3	0	29.2967056	13.756	-2.13122
4160	1238	3	0	26.4032944	15.413	-2.13122
4161	1238	4	0	27.1087056	15.413	0
4162	1238	4	0	28.5912944	17.07	0
4163	1238	3	0	29.2967056	17.07	-2.13122
4164	1238	3	0	26.4032944	18.727	-2.13122
4165	1238	4	0	27.1087056	18.727	0
4166	1238	4	0	28.5912944	20.384	0
4167	1238	3	0	29.2967056	20.384	-2.13122
4168	1238	3	0	26.4032944	22.041	-2.13122
4169	1238	4	0	27.1087056	22.041	0
4170	1238	4	0	28.5912944	23.698	0
4171	1238	3	0	29.2967056	23.698	-2.13122
4172	1238	3	0	26.4032944	25.355	-2.13122
4173	1238	4	0	27.1087056	25.355	0
4174	1238	4	0	28.5912944	27.012	0
4175	1238	3	0	29.2967056	27.012	-2.13122
4176	1238	3	0	26.4032944	28.669	-2.13122
4177	1238	4	0	27.1087056	28.669	0
4178	1238	4	0	28.5912944	30.326	0
4179	1238	3	0	29.2967056	30.326	-2.13122
4180	1238	3	0	26.4032944	31.983	-2.13122
4181	1238	4	0	27.1087056	31.983	0
4182	1238	4	0	28.5912944	33.64	0
4183	1238	3	0	29.2967056	33.64	-2.13122
4184	1238	3	0	26.4032944	35.297	-2.13122
4185	1238	4	0	27.1087056	35.297	0
4186	1238	4	0	28.5912944	36.954	0
4187	1238	3	0	29.2967056	36.954	-2.13122
4188	1238	3	0	26.4032944	38.611	-2.13122
4189	1238	4	0	27.1087056	38.611	0
4190	1238	4	0	28.5912944	40.268	0
4191	1238	3	0	29.2967056	40.268	-2.13122
4192	1238	3	0	26.4032944	41.925	-2.13122
4193	1238	4	0	27.1087056	41.925	0
4194	1238	4	0	28.5912944	43.582	0
4195	1238	3	0	29.2967056	43.582	-2.13122
4196	1238	3	0	26.4032944	45.239	-2.13122
4197	1238	4	0	27.1087056	45.239	0
4198	1238	4	0	28.5912944	46.896	0
4199	1238	3	0	29.2967056	46.896	-2.13122
4200	1238	3	0	26.4032944	48.553	-2.13122
4201	1238	4	0	27.1087056	48.553	0
4202	1238	4	0	28.5912944	50.21	0
4203	1238	3	0	29.2967056	50.21	-2.13122
4204	1238	3	0	26.4032944	51.867	-2.13122
4205	1238	4	0	27.1087056	51.867	0
4206	1238	4	0	28.5912944	53.524	0
4207	1238	3	0	29.2967056	53.524	-2.13122
4208	1238	3	0	26.4032944	55.181	-2.13122
4209	1238	4	0	27.1087056	55.181	0
4210	1238	4	0	28.5912944	56.838	0
4211	1238	3	0	29.2967056	56.838	-2.13122
4212	1238	3	0	26.4032944	58.495	-2.13122
4213	1238	4	0	27.1087056	58.495	0
4214	1238	4	0	28.5912944	60.152	0
4215	1238	3	0	29.2967056	60.152	-2.13122
4216	1238	3	0	30.7792944	2.157	-2.13122
4217	1238	4	0	31.4847056	2.157	0
4218	1238	4	0	32.9672944	3.814	0
4219	1238	3	0	33.6727056	3.814	-2.13122
4220	1238	3	0	30.7792944	5.471	-2.13122
4221	1238	4	0	31.4847056	5.471	0
4222	1238	4	0	32.9672944	7.128	0
4223	1238	3	0	33.6727056	7.128	-2.13122
4224	1238	3	0	30.7792944	8.785	-2.13122
4225	1238	4	0	31.4847056	8.785	0
4226	1238	4	0	32.9672944	10.442	0
4227	1238	3	0	33.6727056	10.442	-2.13122
4228	1238	3	0	30.7792944	12.099	-2.13122
4229	1238	4	0	31.4847056	12.099	0
4230	1238	4	0	32.9672944	13.756	0
4231	1238	3	0	33.6727056	13.756	-2.13122
4232	1238	3	0	30.7792944	15.413	-2.13122
4233	1238	4	0	31.4847056	15.413	0
4234	1238	4	0	32.9672944	17.07	0
4235	1238	3	0	33.6727056	17.07	-2.13122
4236	1238	3	0	30.7792944	18.727	-2.13122
4237	1238	4	0	31.4847056	18.727	0
4238	1238	4	0	32.9672944	20.384	0
4239	1238	3	0	33.6727056	20.384	-2.13122
4240	1238	3	0	30.7792944	22.041	-2.13122
4241	1238	4	0	31.4847056	22.041	0
4242	1238	4	0	32.9672944	23.698	0
4243	1238	3	0	33.6727056	23.698	-2.13122
4244	1238	3	0	30.7792944	25.355	-2.13122
4245	1238	4	0	31.4847056	25.355	0
4246	1238	4	0	32.9672944	27.012	0
4247	1238	3	0	33.6727056	27.012	-2.13122
4248	1238	3	0	30.7792944	28.669	-2.13122
4249	1238	4	0	31.4847056	28.669	0
4250	1238	4	0	32.9672944	30.326	0
4251	1238	3	0	33.6727056	30.326	-2.13122
4252	1238	3	0	30.7792944	31.983	-2.13122
4253	1238	4	0	31.4847056	31.983	0
4254	1238	4	0	32.9672944	33.64	0
4255	1238	3	0	33.6727056	33.64	-2.13122
4256	1238	3	0	30.7792944	35.297	-2.13122
4257	1238	4	0	31.4847056	35.297	0
4258	1238	4	0	32.9672944	36.954	0
4259	1238	3	0	33.6727056	36.954	-2.13122
4260	1238	3	0	30.7792944	38.611	-2.13122
4261	1238	4	0	31.4847056	38.611	0
4262	1238	4	0	32.9672944	40.268	0
4263	1238	3	0	33.6727056	40.268	-2.13122
4264	1238	3	0	30.7792944	41.925	-2.13122
4265	1238	4	0	31.4847056	41.925	0
4266	1238	4	0	32.9672944	43.582	0
4267	1238	3	0	33.6727056	43.582	-2.13122
4268	1238	3	0	30.7792944	45.239	-2.13122
4269	1238	4	0	31.4847056	45.239	0
4270	1238	4	0	32.9672944	46.896	0
4271	1238	3	0	33.6727056	46.896	-2.13122
4272	1238	3	0	30.7792944	48.553	-2.13122
4273	1238	4	0	31.4847056	48.553	0
4274	1238	4	0	32.9672944	50.21	0
4275	1238	3	0	33.6727056	50.21	-2.13122
4276	1238	3	0	30.7792944	51.867	-2.13122
4277	1238	4	0	31.4847056	51.867	0
4278	1238	4	0	32.9672944	53.524	0
4279	1238	3	0	33.6727056	53.524	-2.13122
4280	1238	3	0	30.7792944	55.181	-2.13122
4281	1238	4	0	31.4847056	55.181	0
4282	1238	4	0	32.9672944	56.838	0
4283	1238	3	0	33.6727056	56.838	-2.13122
4284	1238	3	0	30.7792944	58.495	-2.13122
4285	1238	4	0	31.4847056	58.495	0
4286	1238	4	0	32.9672944	60.152	0
4287	1238	3	0	33.6727056	60.152	-2.13122
4288	1238	3	0	35.1552944	2.157	-2.13122
4289	1238	4	0	35.8607056	2.157	0
4290	1238	4	0	37.3432944	3.814	0
4291	1238	3	0	38.0487056	3.814	-2.13122
4292	1238	3	0	35.1552944	5.471	-2.13122
4293	1238	4	0	35.8607056	5.471	0
4294	1238	4	0	37.3432944	7.128	0
4295	1238	3	0	38.0487056	7.128	-2.13122
4296	1238	3	0	35.1552944	8.785	-2.13122
4297	1238	4	0	35.8607056	8.785	0
4298	1238	4	0	37.3432944	10.442	0
4299	1238	3	0	38.0487056	10.442	-2.13122
4300	1238	3	0	35.1552944	12.099	-2.13122
4301	1238	4	0	35.8607056	12.099	0
4302	1238	4	0	37.3432944	13.756	0
4303	1238	3	0	38.0487056	13.756	-2.13122
4304	1238	3	0	35.1552944	15.413	-2.13122
4305	1238	4	0	35.8607056	15.413	0
4306	1238	4	0	37.3432944	17.07	0
4307	1238	3	0	38.0487056	17.07	-2.13122
4308	1238	3	0	35.1552944	18.727	-2.13122
4309	1238	4	0	35.8607056	18.727	0
4310	1238	4	0	37.3432944	20.384	0
4311	1238	3	0	38.0487056	20.384	-2.13122
4312	1238	3	0	35.1552944	22.041	-2.13122
4313	1238	4	0	35.8607056	22.041	0
4314	1238	4	0	37.3432944	23.698	0
4315	1238	3	0	38.0487056	23.698	-2.13122
4316	1238	3	0	35.1552944	25.355	-2.13122
4317	1238	4	0	35.8607056	25.355	0
4318	1238	4	0	37.3432944	27.012	0
4319	1238	3	0	38.0487056	27.012	-2.13122
4320	1238	3	0	35.1552944	28.669	-2.13122
4321	1238	4	0	35.8607056	28.669	0
4322	1238	4	0	37.3432944	30.326	0
4323	1238	3	0	38.0487056	30.326	-2.13122
4324	1238	3	0	35.1552944	31.983	-2.13122
4325	1238	4	0	35.8607056	31.983	0
4326	1238	4	0	37.3432944	33.64	0
4327	1238	3	0	38.0487056	33.64	-2.13122
4328	1238	3	0	35.1552944	35.297	-2.13122
4329	1238	4	0	35.8607056	35.297	0
4330	1238	4	0	37.3432944	36.954	0
4331	1238	3	0	38.0487056	36.954	-2.13122
4332	1238	3	0	35.1552944	38.611	-2.13122
4333	1238	4	0	35.8607056	38.611	0
4334	1238	4	0	37.3432944	40.268	0
4335	1238	3	0	38.0487056	40.268	-2.13122
4336	1238	3	0	35.1552944	41.925	-2.13122
4337	1238	4	0	35.8607056	41.925	0
4338	1238	4	0	37.3432944	43.582	0
4339	1238	3	0	38.0487056	43.582	-2.13122
4340	1238	3	0	35.1552944	45.239	-2.13122
4341	1238	4	0	35.8607056	45.239	0
4342	1238	4	0	37.3432944	46.896	0
4343	1238	3	0	38.0487056	46.896	-2.13122
4344	1238	3	0	35.1552944	48.553	-2.13122
4345	1238	4	0	35.8607056	48.553	0
4346	1238	4	0	37.3432944	50.21	0
4347	1238	3	0	38.0487056	50.21	-2.13122
4348	1238	3	0	35.1552944	51.867	-2.13122
4349	1238	4	0	35.8607056	51.867	0
4350	1238	4	0	37.3432944	53.524	0
4351	1238	3	0	38.0487056	53.524	-2.13122
4352	1238	3	0	35.1552944	55.181	-2.13122
4353	1238	4	0	35.8607056	55.181	0
4354	1238	4	0	37.3432944	56.838	0
4355	1238	3	0	38.0487056	56.838	-2.13122
4356	1238	3	0	35.1552944	58.495	-2.13122
4357	1238	4	0	35.8607056	58.495	0
4358	1238	4	0	37.3432944	60.152	0
4359	1238	3	0	38.0487056	60.152	-2.13122
4360	1238	3	0	39.5312944	2.157	-2.13122
4361	1238	4	0	40.2367056	2.157	0
4362	1238	4	0	41.7192944	3.814	0
4363	1238	3	0	42.4247056	3.814	-2.13122
4364	1238	3	0	39.5312944	5.471	-2.13122
4365	1238	4	0	40.2367056	5.471	0
4366	1238	4	0	41.7192944	7.128	0
4367	1238	3	0	42.4247056	7.128	-2.13122
4368	1238	3	0	39.5312944	8.785	-2.13122
4369	1238	4	0	40.2367056	8.785	0
4370	1238	4	0	41.7192944	10.442	0
4371	1238	3	0	42.4247056	10.442	-2.13122
4372	1238	3	0	39.5312944	12.099	-2.13122
4373	1238	4	0	40.2367056	12.099	0
4374	1238	4	0	41.7192944	13.756	0
4375	1238	3	0	42.4247056	13.756	-2.13122
4376	1238	3	0	39.5312944	15.413	-2.13122
4377	1238	4	0	40.2367056	15.413	0
4378	1238	4	0	41.7192944	17.07	0
4379	1238	3	0	42.4247056	17.07	-2.13122
4380	1238	3	0	39.5312944	18.727	-2.13122
4381	1238	4	0	40.2367056	18.727	0
4382	1238	4	0	41.7192944	20.384	0
4383	1238	3	0	42.4247056	20.384	-2.13122
4384	1238	3	0	39.5312944	22.041	-2.13122
4385	1238	4	0	40.2367056	22.041	0
4386	1238	4	0	41.7192944	23.698	0
4387	1238	3	0	42.4247056	23.698	-2.13122
4388	1238	3	0	39.5312944	25.355	-2.13122
4389	1238	4	0	40.2367056	25.355	0
4390	1238	4	0	41.7192944	27.012	0
4391	1238	3	0	42.4247056	27.012	-2.13122
4392	1238	3	0	39.5312944	28.669	-2.13122
4393	1238	4	0	40.2367056	28.669	0
4394	1238	4	0	41.7192944	30.326	0
4395	1238	3	0	42.4247056	30.326	-2.13122
4396	1238	3	0	39.5312944	31.983	-2.13122
4397	1238	4	0	40.2367056	31.983	0
4398	1238	4	0	41.7192944	33.64	0
4399	1238	3	0	42.4247056	33.64	-2.13122
4400	1238	3	0	39.5312944	35.297	-2.13122
4401	1238	4	0	40.2367056	35.297	0
4402	1238	4	0	41.7192944	36.954	0
4403	1238	3	0	42.4247056	36.954	-2.13122
4404	1238	3	0	39.5312944	38.611	-2.13122
4405	1238	4	0	40.2367056	38.611	0
4406	1238	4	0	41.7192944	40.268	0
4407	1238	3	0	42.4247056	40.268	-2.13122
4408	1238	3	0	39.5312944	41.925	-2.13122
4409	1238	4	0	40.2367056	41.925	0
4410	1238	4	0	41.7192944	43.582	0
4411	1238	3	0	42.4247056	43.582	-2.13122
4412	1238	3	0	39.5312944	45.239	-2.13122
4413	1238	4	0	40.2367056	45.239	0
4414	1238	4	0	41.7192944	46.896	0
4415	1238	3	0	42.4247056	46.896	-2.13122
4416	1238	3	0	39.5312944	48.553	-2.13122
4417	1238	4	0	40.2367056	48.553	0
4418	1238	4	0	41.7192944	50.21	0
4419	1238	3	0	42.4247056	50.21	-2.13122
4420	1238	3	0	39.5312944	51.867	-2.13122
4421	1238	4	0	40.2367056	51.867	0
4422	1238	4	0	41.7192944	53.524	0
4423	1238	3	0	42.4247056	53.524	-2.13122
4424	1238	3	0	39.5312944	55.181	-2.13122
4425	1238	4	0	40.2367056	55.181	0
4426	1238	4	0	41.7192944	56.838	0
4427	1238	3	0	42.4247056	56.838	-2.13122
4428	1238	3	0	39.5312944	58.495	-2.13122
4429	1238	4	0	40.2367056	58.495	0
4430	1238	4	0	41.7192944	60.152	0
4431	1238	3	0	42.4247056	60.152	-2.13122
4432	1238	3	0	43.9072944	2.157	-2.13122
4433	1238	4	0	44.6127056	2.157	0
4434	1238	4	0	46.0952944	3.814	0
4435	1238	3	0	46.8007056	3.814	-2.13122
4436	1238	3	0	43.9072944	5.471	-2.13122
4437	1238	4	0	44.6127056	5.471	0
4438	1238	4	0	46.0952944	7.128	0
4439	1238	3	0	46.8007056	7.128	-2.13122
4440	1238	3	0	43.9072944	8.785	-2.13122
4441	1238	4	0	44.6127056	8.785	0
4442	1238	4	0	46.0952944	10.442	0
4443	1238	3	0	46.8007056	10.442	-2.13122
4444	1238	3	0	43.9072944	12.099	-2.13122
4445	1238	4	0	44.6127056	12.099	0
4446	1238	4	0	46.0952944	13.756	0
4447	1238	3	0	46.8007056	13.756	-2.13122
4448	1238	3	0	43.9072944	15.413	-2.13122
4449	1238	4	0	44.6127056	15.413	0
4450	1238	4	0	46.0952944	17.07	0
4451	1238	3	0	46.8007056	17.07	-2.13122
4452	1238	3	0	43.9072944	18.727	-2.13122
4453	1238	4	0	44.6127056	18.727	0
4454	1238	4	0	46.0952944	20.384	0
4455	1238	3	0	46.8007056	20.384	-2.13122
4456	1238	3	0	43.9072944	22.041	-2.13122
4457	1238	4	0	44.6127056	22.041	0
4458	1238	4	0	46.0952944	23.698	0
4459	1238	3	0	46.8007056	23.698	-2.13122
4460	1238	3	0	43.9072944	25.355	-2.13122
4461	1238	4	0	44.6127056	25.355	0
4462	1238	4	0	46.0952944	27.012	0
4463	1238	3	0	46.8007056	27.012	-2.13122
4464	1238	3	0	43.9072944	28.669	-2.13122
4465	1238	4	0	44.6127056	28.669	0
4466	1238	4	0	46.0952944	30.326	0
4467	1238	3	0	46.8007056	30.326	-2.13122
4468	1238	3	0	43.9072944	31.983	-2.13122
4469	1238	4	0	44.6127056	31.983	0
4470	1238	4	0	46.0952944	33.64	0
4471	1238	3	0	46.8007056	33.64	-2.13122
4472	1238	3	0	43.9072944	35.297	-2.13122
4473	1238	4	0	44.6127056	35.297	0
4474	1238	4	0	46.0952944	36.954	0
4475	1238	3	0	46.8007056	36.954	-2.13122
4476	1238	3	0	43.9072944	38.611	-2.13122
4477	1238	4	0	44.6127056	38.611	0
4478	1238	4	0	46.0952944	40.268	0
4479	1238	3	0	46.8007056	40.268	-2.13122
4480	1238	3	0	43.9072944	41.925	-2.13122
4481	1238	4	0	44.6127056	41.925	0
4482	1238	4	0	46.0952944	43.582	0
4483	1238	3	0	46.8007056	43.582	-2.13122
4484	1238	3	0	43.9072944	45.239	-2.13122
4485	1238	4	0	44.6127056	45.239	0
4486	1238	4	0	46.0952944	46.896	0
4487	1238	3	0	46.8007056	46.896	-2.13122
4488	1238	3	0	43.9072944	48.553	-2.13122
4489	1238	4	0	44.6127056	48.553	0
4490	1238	4	0	46.0952944	50.21	0
4491	1238	3	0	46.8007056	50.21	-2.13122
4492	1238	3	0	43.9072944	51.867	-2.13122
4493	1238	4	0	44.6127056	51.867	0
4494	1238	4	0	46.0952944	53.524	0
4495	1238	3	0	46.8007056	53.524	-2.13122
4496	1238	3	0	43.9072944	55.181	-2.13122
4497	1238	4	0	44.6127056	55.181	0
4498	1238	4	0	46.0952944	56.838	0
4499	1238	3	0	46.8007056	56.838	-2.13122
4500	1238	3	0	43.9072944	58.495	-2.13122
4501	1238	4	0	44.6127056	58.495	0
4502	1238	4	0	46.0952944	60.152	0
4503	1238	3	0	46.8007056	60.152	-2.13122
4504	1238	3	0	48.2832944	2.157	-2.13122
4505	1238	4	0	48.9887056	2.157	0
4506	1238	4	0	50.4712944	3.814	0
4507	1238	3	0	51.1767056	3.814	-2.13122
4508	1238	3	0	48.2832944	5.471	-2.13122
4509	1238	4	0	48.9887056	5.471	0
4510	1238	4	0	50.4712944	7.128	0
4511	1238	3	0	51.1767056	7.128	-2.13122
4512	1238	3	0	48.2832944	8.785	-2.13122
4513	1238	4	0	48.9887056	8.785	0
4514	1238	4	0	50.4712944	10.442	0
4515	1238	3	0	51.1767056	10.442	-2.13122
4516	1238	3	0	48.2832944	12.099	-2.13122
4517	1238	4	0	48.9887056	12.099	0
4518	1238	4	0	50.4712944	13.756	0
4519	1238	3	0	51.1767056	13.756	-2.13122
4520	1238	3	0	48.2832944	15.413	-2.13122
4521	1238	4	0	48.9887056	15.413	0
4522	1238	4	0	50.4712944	17.07	0
4523	1238	3	0	51.1767056	17.07	-2.13122
4524	1238	3	0	48.2832944	18.727	-2.13122
4525	1238	4	0	48.9887056	18.727	0
4526	1238	4	0	50.4712944	20.384	0
4527	1238	3	0	51.1767056	20.384	-2.13122
4528	1238	3	0	48.2832944	22.041	-2.13122
4529	1238	4	0	48.9887056	22.041	0
4530	1238	4	0	50.4712944	23.698	0
4531	1238	3	0	51.1767056	23.698	-2.13122
4532	1238	3	0	48.2832944	25.355	-2.13122
4533	1238	4	0	48.9887056	25.355	0
4534	1238	4	0	50.4712944	27.012	0
4535	1238	3	0	51.1767056	27.012	-2.13122
4536	1238	3	0	48.2832944	28.669	-2.13122
4537	1238	4	0	48.9887056	28.669	0
4538	1238	4	0	50.4712944	30.326	0
4539	1238	3	0	51.1767056	30.326	-2.13122
4540	1238	3	0	48.2832944	31.983	-2.13122
4541	1238	4	0	48.9887056	31.983	0
4542	1238	4	0	50.4712944	33.64	0
4543	1238	3	0	51.1767056	33.64	-2.13122
4544	1238	3	0	48.2832944	35.297	-2.13122
4545	1238	4	0	48.9887056	35.297	0
4546	1238	4	0	50.4712944	36.954	0
4547	1238	3	0	51.1767056	36.954	-2.13122
4548	1238	3	0	48.2832944	38.611	-2.13122
4549	1238	4	0	48.9887056	38.611	0
4550	1238	4	0	50.4712944	40.268	0
4551	1238	3	0	51.1767056	40.268	-2.13122
4552	1238	3	0	48.2832944	41.925	-2.13122
4553	1238	4	0	48.9887056	41.925	0
4554	1238	4	0	50.4712944	43.582	0
4555	1238	3	0	51.1767056	43.582	-2.13122
4556	1238	3	0	48.2832944	45.239	-2.13122
4557	1238	4	0	48.9887056	45.239	0
4558	1238	4	0	50.4712944	46.896	0
4559	1238	3	0	51.1767056	46.896	-2.13122
4560	1238	3	0	48.2832944	48.553	-2.13122
4561	1238	4	0	48.9887056	48.553	0
4562	1238	4	0	50.4712944	50.21	0
4563	1238	3	0	51.1767056	50.21	-2.13122
4564	1238	3	0	48.2832944	51.867	-2.13122
4565	1238	4	0	48.9887056	51.867	0
4566	1238	4	0	50.4712944	53.524	0
4567	1238	3	0	51.1767056	53.524	-2.13122
4568	1238	3	0	48.2832944	55.181	-2.13122
4569	1238	4	0	48.9887056	55.181	0
4570	1238	4	0	50.4712944	56.838	0
4571	1238	3	0	51.1767056	56.838	-2.13122
4572	1238	3	0	48.2832944	58.495	-2.13122
4573	1238	4	0	48.9887056	58.495	0
4574	1238	4	0	50.4712944	60.152	0
4575	1238	3	0	51.1767056	60.152	-2.13122
4576	1238	3	0	52.6592944	2.157	-2.13122
4577	1238	4	0	53.3647056	2.157	0
4578	1238	4	0	54.8472944	3.814	0
4579	1238	3	0	55.5527056	3.814	-2.13122
4580	1238	3	0	52.6592944	5.471	-2.13122
4581	1238	4	0	53.3647056	5.471	0
4582	1238	4	0	54.8472944	7.128	0
4583	1238	3	0	55.5527056	7.128	-2.13122
4584	1238	3	0	52.6592944	8.785	-2.13122
4585	1238	4	0	53.3647056	8.785	0
4586	1238	4	0	54.8472944	10.442	0
4587	1238	3	0	55.5527056	10.442	-2.13122
4588	1238	3	0	52.6592944	12.099	-2.13122
4589	1238	4	0	53.3647056	12.099	0
4590	1238	4	0	54.8472944	13.756	0
4591	1238	3	0	55.5527056	13.756	-2.13122
4592	1238	3	0	52.6592944	15.413	-2.13122
4593	1238	4	0	53.3647056	15.413	0
4594	1238	4	0	54.8472944	17.07	0
4595	1238	3	0	55.5527056	17.07	-2.13122
4596	1238	3	0	52.6592944	18.727	-2.13122
4597	1238	4	0	53.3647056	18.727	0
4598	1238	4	0	54.8472944	20.384	0
4599	1238	3	0	55.5527056	20.384	-2.13122
4600	1238	3	0	52.6592944	22.041	-2.13122
4601	1238	4	0	53.3647056	22.041	0
4602	1238	4	0	54.8472944	23.698	0
4603	1238	3	0	55.5527056	23.698	-2.13122
4604	1238	3	0	52.6592944	25.355	-2.13122
4605	1238	4	0	53.3647056	25.355	0
4606	1238	4	0	54.8472944	27.012	0
4607	1238	3	0	55.5527056	27.012	-2.13122
4608	1238	3	0	52.6592944	28.669	-2.13122
4609	1238	4	0	53.3647056	28.669	0
4610	1238	4	0	54.8472944	30.326	0
4611	1238	3	0	55.5527056	30.326	-2.13122
4612	1238	3	0	52.6592944	31.983	-2.13122
4613	1238	4	0	53.3647056	31.983	0
4614	1238	4	0	54.8472944	33.64	0
4615	1238	3	0	55.5527056	33.64	-2.13122
4616	1238	3	0	52.6592944	35.297	-2.13122
4617	1238	4	0	53.3647056	35.297	0
4618	1238	4	0	54.8472944	36.954	0
4619	1238	3	0	55.5527056	36.954	-2.13122
4620	1238	3	0	52.6592944	38.611	-2.13122
4621	1238	4	0	53.3647056	38.611	0
4622	1238	4	0	54.8472944	40.268	0
4623	1238	3	0	55.5527056	40.268	-2.13122
4624	1238	3	0	52.6592944	41.925	-2.13122
4625	1238	4	0	53.3647056	41.925	0
4626	1238	4	0	54.8472944	43.582	0
4627	1238	3	0	55.5527056	43.582	-2.13122
4628	1238	3	0	52.6592944	45.239	-2.13122
4629	1238	4	0	53.3647056	45.239	0
4630	1238	4	0	54.8472944	46.896	0
4631	1238	3	0	55.5527056	46.896	-2.13122
4632	1238	3	0	52.6592944	48.553	-2.13122
4633	1238	4	0	53.3647056	48.553	0
4634	1238	4	0	54.8472944	50.21	0
4635	1238	3	0	55.5527056	50.21	-2.13122
4636	1238	3	0	52.6592944	51.867	-2.13122
4637	1238	4	0	53.3647056	51.867	0
4638	1238	4	0	54.8472944	53.524	0
4639	1238	3	0	55.5527056	53.524	-2.13122
4640	1238	3	0	52.6592944	55.181	-2.13122
4641	1238	4	0	53.3647056	55.181	0
4642	1238	4	0	54.8472944	56.838	0
4643	1238	3	0	55.5527056	56.838	-2.13122
4644	1238	3	0	52.6592944	58.495	-2.13122
4645	1238	4	0	53.3647056	58.495	0
4646	1238	4	0	54.8472944	60.152	0
4647	1238	3	0	55.5527056	60.152	-2.13122
4648	1238	3	0	57.0352944	2.157	-2.13122
4649	1238	4	0	57.7407056	2.157	0
4650	1238	4	0	59.2232944	3.814	0
4651	1238	3	0	59.9287056	3.814	-2.13122
4652	1238	3	0	57.0352944	5.471	-2.13122
4653	1238	4	0	57.7407056	5.471	0
4654	1238	4	0	59.2232944	7.128	0
4655	1238	3	0	59.9287056	7.128	-2.13122
4656	1238	3	0	57.0352944	8.785	-2.13122
4657	1238	4	0	57.7407056	8.785	0
4658	1238	4	0	59.2232944	10.442	0
4659	1238	3	0	59.9287056	10.442	-2.13122
4660	1238	3	0	57.0352944	12.099	-2.13122
4661	1238	4	0	57.7407056	12.099	0
4662	1238	4	0	59.2232944	13.756	0
4663	1238	3	0	59.9287056	13.756	-2.13122
4664	1238	3	0	57.0352944	15.413	-2.13122
4665	1238	4	0	57.7407056	15.413	0
4666	1238	4	0	59.2232944	17.07	0
4667	1238	3	0	59.9287056	17.07	-2.13122
4668	1238	3	0	57.0352944	18.727	-2.13122
4669	1238	4	0	57.7407056	18.727	0
4670	1238	4	0	59.2232944	20.384	0
4671	1238	3	0	59.9287056	20.384	-2.13122
4672	1238	3	0	57.0352944	22.041	-2.13122
4673	1238	4	0	57.7407056	22.041	0
4674	1238	4	0	59.2232944	23.698	0
4675	1238	3	0	59.9287056	23.698	-2.13122
4676	1238	3	0	57.0352944	25.355	-2.13122
4677	1238	4	0	57.7407056	25.355	0
4678	1238	4	0	59.2232944	27.012	0
4679	1238	3	0	59.9287056	27.012	-2.13122
4680	1238	3	0	57.0352944	28.669	-2.13122
4681	1238	4	0	57.7407056	28.669	0
4682	1238	4	0	59.2232944	30.326	0
4683	1238	3	0	59.9287056	30.326	-2.13122
4684	1238	3	0	57.0352944	31.983	-2.13122
4685	1238	4	0	57.7407056	31.983	0
4686	1238	4	0	59.2232944	33.64	0
4687	1238	3	0	59.9287056	33.64	-2.13122
4688	1238	3	0	57.0352944	35.297	-2.13122
4689	1238	4	0	57.7407056	35.297	0
4690	1238	4	0	59.2232944	36.954	0
4691	1238	3	0	59.9287056	36.954	-2.13122
4692	1238	3	0	57.0352944	38.611	-2.13122
4693	1238	4	0	57.7407056	38.611	0
4694	1238	4	0	59.2232944	40.268	0
4695	1238	3	0	59.9287056	40.268	-2.13122
4696	1238	3	0	57.0352944	41.925	-2.13122
4697	1238	4	0	57.7407056	41.925	0
4698	1238	4	0	59.2232944	43.582	0
4699	1238	3	0	59.9287056	43.582	-2.13122
4700	1238	3	0	57.0352944	45.239	-2.13122
4701	1238	4	0	57.7407056	45.239	0
4702	1238	4	0	59.2232944	46.896	0
4703	1238	3	0	59.9287056	46.896	-2.13122
4704	1238	3	0	57.0352944	48.553	-2.13122
4705	1238	4	0	57.7407056	48.553	0
4706	1238	4	0	59.2232944	50.21	0
4707	1238	3	0	59.9287056	50.21	-2.13122
4708	1238	3	0	57.0352944	51.867	-2.13122
4709	1238	4	0	57.7407056	51.867	0
4710	1238	4	0	59.2232944	53.524	0
4711	1238	3	0	59.9287056	53.524	-2.13122
4712	1238	3	0	57.0352944	55.181	-2.13122
4713	1238	4	0	57.7407056	55.181	0
4714	1238	4	0	59.2232944	56.838	0
4715	1238	3	0	59.9287056	56.838	-2.13122
4716	1238	3	0	57.0352944	58.495	-2.13122
4717	1238	4	0	57.7407056	58.495	0
4718	1238	4	0	59.2232944	60.152	0
4719	1238	3	0	59.9287056	60.152	-2.13122
