           1           1          0.14729440          2.15700000         52.05388740
           2           2          0.85270560          2.15700000         54.18511260
           3           2          2.33529440          3.81400000         54.18511260
           4           1          3.04070560          3.81400000         52.05388740
           5           1          0.14729440          5.47100000         52.05388740
           6           2          0.85270560          5.47100000         54.18511260
           7           2          2.33529440          7.12800000         54.18511260
           8           1          3.04070560          7.12800000         52.05388740
           9           1          0.14729440          8.78500000         52.05388740
          10           2          0.85270560          8.78500000         54.18511260
          11           2          2.33529440         10.44200000         54.18511260
          12           1          3.04070560         10.44200000         52.05388740
          13           1          0.14729440         12.09900000         52.05388740
          14           2          0.85270560         12.09900000         54.18511260
          15           2          2.33529440         13.75600000         54.18511260
          16           1          3.04070560         13.75600000         52.05388740
          17           1          0.14729440         15.41300000         52.05388740
          18           2          0.85270560         15.41300000         54.18511260
          19           2          2.33529440         17.07000000         54.18511260
          20           1          3.04070560         17.07000000         52.05388740
          21           1          0.14729440         18.72700000         52.05388740
          22           2          0.85270560         18.72700000         54.18511260
          23           2          2.33529440         20.38400000         54.18511260
          24           1          3.04070560         20.38400000         52.05388740
          25           1          0.14729440         22.04100000         52.05388740
          26           2          0.85270560         22.04100000         54.18511260
          27           2          2.33529440         23.69800000         54.18511260
          28           1          3.04070560         23.69800000         52.05388740
          29           1          0.14729440         25.35500000         52.05388740
          30           2          0.85270560         25.35500000         54.18511260
          31           2          2.33529440         27.01200000         54.18511260
          32           1          3.04070560         27.01200000         52.05388740
          33           1          0.14729440         28.66900000         52.05388740
          34           2          0.85270560         28.66900000         54.18511260
          35           2          2.33529440         30.32600000         54.18511260
          36           1          3.04070560         30.32600000         52.05388740
          37           1          0.14729440         31.98300000         52.05388740
          38           2          0.85270560         31.98300000         54.18511260
          39           2          2.33529440         33.64000000         54.18511260
          40           1          3.04070560         33.64000000         52.05388740
          41           1          0.14729440         35.29700000         52.05388740
          42           2          0.85270560         35.29700000         54.18511260
          43           2          2.33529440         36.95400000         54.18511260
          44           1          3.04070560         36.95400000         52.05388740
          45           1          0.14729440         38.61100000         52.05388740
          46           2          0.85270560         38.61100000         54.18511260
          47           2          2.33529440         40.26800000         54.18511260
          48           1          3.04070560         40.26800000         52.05388740
          49           1          0.14729440         41.92500000         52.05388740
          50           2          0.85270560         41.92500000         54.18511260
          51           2          2.33529440         43.58200000         54.18511260
          52           1          3.04070560         43.58200000         52.05388740
          53           1          0.14729440         45.23900000         52.05388740
          54           2          0.85270560         45.23900000         54.18511260
          55           2          2.33529440         46.89600000         54.18511260
          56           1          3.04070560         46.89600000         52.05388740
          57           1          0.14729440         48.55300000         52.05388740
          58           2          0.85270560         48.55300000         54.18511260
          59           2          2.33529440         50.21000000         54.18511260
          60           1          3.04070560         50.21000000         52.05388740
          61           1          0.14729440         51.86700000         52.05388740
          62           2          0.85270560         51.86700000         54.18511260
          63           2          2.33529440         53.52400000         54.18511260
          64           1          3.04070560         53.52400000         52.05388740
          65           1          0.14729440         55.18100000         52.05388740
          66           2          0.85270560         55.18100000         54.18511260
          67           2          2.33529440         56.83800000         54.18511260
          68           1          3.04070560         56.83800000         52.05388740
          69           1          0.14729440         58.49500000         52.05388740
          70           2          0.85270560         58.49500000         54.18511260
          71           2          2.33529440         60.15200000         54.18511260
          72           1          3.04070560         60.15200000         52.05388740
          73           1          4.52329440          2.15700000         52.05388740
          74           2          5.22870560          2.15700000         54.18511260
          75           2          6.71129440          3.81400000         54.18511260
          76           1          7.41670560          3.81400000         52.05388740
          77           1          4.52329440          5.47100000         52.05388740
          78           2          5.22870560          5.47100000         54.18511260
          79           2          6.71129440          7.12800000         54.18511260
          80           1          7.41670560          7.12800000         52.05388740
          81           1          4.52329440          8.78500000         52.05388740
          82           2          5.22870560          8.78500000         54.18511260
          83           2          6.71129440         10.44200000         54.18511260
          84           1          7.41670560         10.44200000         52.05388740
          85           1          4.52329440         12.09900000         52.05388740
          86           2          5.22870560         12.09900000         54.18511260
          87           2          6.71129440         13.75600000         54.18511260
          88           1          7.41670560         13.75600000         52.05388740
          89           1          4.52329440         15.41300000         52.05388740
          90           2          5.22870560         15.41300000         54.18511260
          91           2          6.71129440         17.07000000         54.18511260
          92           1          7.41670560         17.07000000         52.05388740
          93           1          4.52329440         18.72700000         52.05388740
          94           2          5.22870560         18.72700000         54.18511260
          95           2          6.71129440         20.38400000         54.18511260
          96           1          7.41670560         20.38400000         52.05388740
          97           1          4.52329440         22.04100000         52.05388740
          98           2          5.22870560         22.04100000         54.18511260
          99           2          6.71129440         23.69800000         54.18511260
         100           1          7.41670560         23.69800000         52.05388740
         101           1          4.52329440         25.35500000         52.05388740
         102           2          5.22870560         25.35500000         54.18511260
         103           2          6.71129440         27.01200000         54.18511260
         104           1          7.41670560         27.01200000         52.05388740
         105           1          4.52329440         28.66900000         52.05388740
         106           2          5.22870560         28.66900000         54.18511260
         107           2          6.71129440         30.32600000         54.18511260
         108           1          7.41670560         30.32600000         52.05388740
         109           1          4.52329440         31.98300000         52.05388740
         110           2          5.22870560         31.98300000         54.18511260
         111           2          6.71129440         33.64000000         54.18511260
         112           1          7.41670560         33.64000000         52.05388740
         113           1          4.52329440         35.29700000         52.05388740
         114           2          5.22870560         35.29700000         54.18511260
         115           2          6.71129440         36.95400000         54.18511260
         116           1          7.41670560         36.95400000         52.05388740
         117           1          4.52329440         38.61100000         52.05388740
         118           2          5.22870560         38.61100000         54.18511260
         119           2          6.71129440         40.26800000         54.18511260
         120           1          7.41670560         40.26800000         52.05388740
         121           1          4.52329440         41.92500000         52.05388740
         122           2          5.22870560         41.92500000         54.18511260
         123           2          6.71129440         43.58200000         54.18511260
         124           1          7.41670560         43.58200000         52.05388740
         125           1          4.52329440         45.23900000         52.05388740
         126           2          5.22870560         45.23900000         54.18511260
         127           2          6.71129440         46.89600000         54.18511260
         128           1          7.41670560         46.89600000         52.05388740
         129           1          4.52329440         48.55300000         52.05388740
         130           2          5.22870560         48.55300000         54.18511260
         131           2          6.71129440         50.21000000         54.18511260
         132           1          7.41670560         50.21000000         52.05388740
         133           1          4.52329440         51.86700000         52.05388740
         134           2          5.22870560         51.86700000         54.18511260
         135           2          6.71129440         53.52400000         54.18511260
         136           1          7.41670560         53.52400000         52.05388740
         137           1          4.52329440         55.18100000         52.05388740
         138           2          5.22870560         55.18100000         54.18511260
         139           2          6.71129440         56.83800000         54.18511260
         140           1          7.41670560         56.83800000         52.05388740
         141           1          4.52329440         58.49500000         52.05388740
         142           2          5.22870560         58.49500000         54.18511260
         143           2          6.71129440         60.15200000         54.18511260
         144           1          7.41670560         60.15200000         52.05388740
         145           1          8.89929440          2.15700000         52.05388740
         146           2          9.60470560          2.15700000         54.18511260
         147           2         11.08729440          3.81400000         54.18511260
         148           1         11.79270560          3.81400000         52.05388740
         149           1          8.89929440          5.47100000         52.05388740
         150           2          9.60470560          5.47100000         54.18511260
         151           2         11.08729440          7.12800000         54.18511260
         152           1         11.79270560          7.12800000         52.05388740
         153           1          8.89929440          8.78500000         52.05388740
         154           2          9.60470560          8.78500000         54.18511260
         155           2         11.08729440         10.44200000         54.18511260
         156           1         11.79270560         10.44200000         52.05388740
         157           1          8.89929440         12.09900000         52.05388740
         158           2          9.60470560         12.09900000         54.18511260
         159           2         11.08729440         13.75600000         54.18511260
         160           1         11.79270560         13.75600000         52.05388740
         161           1          8.89929440         15.41300000         52.05388740
         162           2          9.60470560         15.41300000         54.18511260
         163           2         11.08729440         17.07000000         54.18511260
         164           1         11.79270560         17.07000000         52.05388740
         165           1          8.89929440         18.72700000         52.05388740
         166           2          9.60470560         18.72700000         54.18511260
         167           2         11.08729440         20.38400000         54.18511260
         168           1         11.79270560         20.38400000         52.05388740
         169           1          8.89929440         22.04100000         52.05388740
         170           2          9.60470560         22.04100000         54.18511260
         171           2         11.08729440         23.69800000         54.18511260
         172           1         11.79270560         23.69800000         52.05388740
         173           1          8.89929440         25.35500000         52.05388740
         174           2          9.60470560         25.35500000         54.18511260
         175           2         11.08729440         27.01200000         54.18511260
         176           1         11.79270560         27.01200000         52.05388740
         177           1          8.89929440         28.66900000         52.05388740
         178           2          9.60470560         28.66900000         54.18511260
         179           2         11.08729440         30.32600000         54.18511260
         180           1         11.79270560         30.32600000         52.05388740
         181           1          8.89929440         31.98300000         52.05388740
         182           2          9.60470560         31.98300000         54.18511260
         183           2         11.08729440         33.64000000         54.18511260
         184           1         11.79270560         33.64000000         52.05388740
         185           1          8.89929440         35.29700000         52.05388740
         186           2          9.60470560         35.29700000         54.18511260
         187           2         11.08729440         36.95400000         54.18511260
         188           1         11.79270560         36.95400000         52.05388740
         189           1          8.89929440         38.61100000         52.05388740
         190           2          9.60470560         38.61100000         54.18511260
         191           2         11.08729440         40.26800000         54.18511260
         192           1         11.79270560         40.26800000         52.05388740
         193           1          8.89929440         41.92500000         52.05388740
         194           2          9.60470560         41.92500000         54.18511260
         195           2         11.08729440         43.58200000         54.18511260
         196           1         11.79270560         43.58200000         52.05388740
         197           1          8.89929440         45.23900000         52.05388740
         198           2          9.60470560         45.23900000         54.18511260
         199           2         11.08729440         46.89600000         54.18511260
         200           1         11.79270560         46.89600000         52.05388740
         201           1          8.89929440         48.55300000         52.05388740
         202           2          9.60470560         48.55300000         54.18511260
         203           2         11.08729440         50.21000000         54.18511260
         204           1         11.79270560         50.21000000         52.05388740
         205           1          8.89929440         51.86700000         52.05388740
         206           2          9.60470560         51.86700000         54.18511260
         207           2         11.08729440         53.52400000         54.18511260
         208           1         11.79270560         53.52400000         52.05388740
         209           1          8.89929440         55.18100000         52.05388740
         210           2          9.60470560         55.18100000         54.18511260
         211           2         11.08729440         56.83800000         54.18511260
         212           1         11.79270560         56.83800000         52.05388740
         213           1          8.89929440         58.49500000         52.05388740
         214           2          9.60470560         58.49500000         54.18511260
         215           2         11.08729440         60.15200000         54.18511260
         216           1         11.79270560         60.15200000         52.05388740
         217           1         13.27529440          2.15700000         52.05388740
         218           2         13.98070560          2.15700000         54.18511260
         219           2         15.46329440          3.81400000         54.18511260
         220           1         16.16870560          3.81400000         52.05388740
         221           1         13.27529440          5.47100000         52.05388740
         222           2         13.98070560          5.47100000         54.18511260
         223           2         15.46329440          7.12800000         54.18511260
         224           1         16.16870560          7.12800000         52.05388740
         225           1         13.27529440          8.78500000         52.05388740
         226           2         13.98070560          8.78500000         54.18511260
         227           2         15.46329440         10.44200000         54.18511260
         228           1         16.16870560         10.44200000         52.05388740
         229           1         13.27529440         12.09900000         52.05388740
         230           2         13.98070560         12.09900000         54.18511260
         231           2         15.46329440         13.75600000         54.18511260
         232           1         16.16870560         13.75600000         52.05388740
         233           1         13.27529440         15.41300000         52.05388740
         234           2         13.98070560         15.41300000         54.18511260
         235           2         15.46329440         17.07000000         54.18511260
         236           1         16.16870560         17.07000000         52.05388740
         237           1         13.27529440         18.72700000         52.05388740
         238           2         13.98070560         18.72700000         54.18511260
         239           2         15.46329440         20.38400000         54.18511260
         240           1         16.16870560         20.38400000         52.05388740
         241           1         13.27529440         22.04100000         52.05388740
         242           2         13.98070560         22.04100000         54.18511260
         243           2         15.46329440         23.69800000         54.18511260
         244           1         16.16870560         23.69800000         52.05388740
         245           1         13.27529440         25.35500000         52.05388740
         246           2         13.98070560         25.35500000         54.18511260
         247           2         15.46329440         27.01200000         54.18511260
         248           1         16.16870560         27.01200000         52.05388740
         249           1         13.27529440         28.66900000         52.05388740
         250           2         13.98070560         28.66900000         54.18511260
         251           2         15.46329440         30.32600000         54.18511260
         252           1         16.16870560         30.32600000         52.05388740
         253           1         13.27529440         31.98300000         52.05388740
         254           2         13.98070560         31.98300000         54.18511260
         255           2         15.46329440         33.64000000         54.18511260
         256           1         16.16870560         33.64000000         52.05388740
         257           1         13.27529440         35.29700000         52.05388740
         258           2         13.98070560         35.29700000         54.18511260
         259           2         15.46329440         36.95400000         54.18511260
         260           1         16.16870560         36.95400000         52.05388740
         261           1         13.27529440         38.61100000         52.05388740
         262           2         13.98070560         38.61100000         54.18511260
         263           2         15.46329440         40.26800000         54.18511260
         264           1         16.16870560         40.26800000         52.05388740
         265           1         13.27529440         41.92500000         52.05388740
         266           2         13.98070560         41.92500000         54.18511260
         267           2         15.46329440         43.58200000         54.18511260
         268           1         16.16870560         43.58200000         52.05388740
         269           1         13.27529440         45.23900000         52.05388740
         270           2         13.98070560         45.23900000         54.18511260
         271           2         15.46329440         46.89600000         54.18511260
         272           1         16.16870560         46.89600000         52.05388740
         273           1         13.27529440         48.55300000         52.05388740
         274           2         13.98070560         48.55300000         54.18511260
         275           2         15.46329440         50.21000000         54.18511260
         276           1         16.16870560         50.21000000         52.05388740
         277           1         13.27529440         51.86700000         52.05388740
         278           2         13.98070560         51.86700000         54.18511260
         279           2         15.46329440         53.52400000         54.18511260
         280           1         16.16870560         53.52400000         52.05388740
         281           1         13.27529440         55.18100000         52.05388740
         282           2         13.98070560         55.18100000         54.18511260
         283           2         15.46329440         56.83800000         54.18511260
         284           1         16.16870560         56.83800000         52.05388740
         285           1         13.27529440         58.49500000         52.05388740
         286           2         13.98070560         58.49500000         54.18511260
         287           2         15.46329440         60.15200000         54.18511260
         288           1         16.16870560         60.15200000         52.05388740
         289           1         17.65129440          2.15700000         52.05388740
         290           2         18.35670560          2.15700000         54.18511260
         291           2         19.83929440          3.81400000         54.18511260
         292           1         20.54470560          3.81400000         52.05388740
         293           1         17.65129440          5.47100000         52.05388740
         294           2         18.35670560          5.47100000         54.18511260
         295           2         19.83929440          7.12800000         54.18511260
         296           1         20.54470560          7.12800000         52.05388740
         297           1         17.65129440          8.78500000         52.05388740
         298           2         18.35670560          8.78500000         54.18511260
         299           2         19.83929440         10.44200000         54.18511260
         300           1         20.54470560         10.44200000         52.05388740
         301           1         17.65129440         12.09900000         52.05388740
         302           2         18.35670560         12.09900000         54.18511260
         303           2         19.83929440         13.75600000         54.18511260
         304           1         20.54470560         13.75600000         52.05388740
         305           1         17.65129440         15.41300000         52.05388740
         306           2         18.35670560         15.41300000         54.18511260
         307           2         19.83929440         17.07000000         54.18511260
         308           1         20.54470560         17.07000000         52.05388740
         309           1         17.65129440         18.72700000         52.05388740
         310           2         18.35670560         18.72700000         54.18511260
         311           2         19.83929440         20.38400000         54.18511260
         312           1         20.54470560         20.38400000         52.05388740
         313           1         17.65129440         22.04100000         52.05388740
         314           2         18.35670560         22.04100000         54.18511260
         315           2         19.83929440         23.69800000         54.18511260
         316           1         20.54470560         23.69800000         52.05388740
         317           1         17.65129440         25.35500000         52.05388740
         318           2         18.35670560         25.35500000         54.18511260
         319           2         19.83929440         27.01200000         54.18511260
         320           1         20.54470560         27.01200000         52.05388740
         321           1         17.65129440         28.66900000         52.05388740
         322           2         18.35670560         28.66900000         54.18511260
         323           2         19.83929440         30.32600000         54.18511260
         324           1         20.54470560         30.32600000         52.05388740
         325           1         17.65129440         31.98300000         52.05388740
         326           2         18.35670560         31.98300000         54.18511260
         327           2         19.83929440         33.64000000         54.18511260
         328           1         20.54470560         33.64000000         52.05388740
         329           1         17.65129440         35.29700000         52.05388740
         330           2         18.35670560         35.29700000         54.18511260
         331           2         19.83929440         36.95400000         54.18511260
         332           1         20.54470560         36.95400000         52.05388740
         333           1         17.65129440         38.61100000         52.05388740
         334           2         18.35670560         38.61100000         54.18511260
         335           2         19.83929440         40.26800000         54.18511260
         336           1         20.54470560         40.26800000         52.05388740
         337           1         17.65129440         41.92500000         52.05388740
         338           2         18.35670560         41.92500000         54.18511260
         339           2         19.83929440         43.58200000         54.18511260
         340           1         20.54470560         43.58200000         52.05388740
         341           1         17.65129440         45.23900000         52.05388740
         342           2         18.35670560         45.23900000         54.18511260
         343           2         19.83929440         46.89600000         54.18511260
         344           1         20.54470560         46.89600000         52.05388740
         345           1         17.65129440         48.55300000         52.05388740
         346           2         18.35670560         48.55300000         54.18511260
         347           2         19.83929440         50.21000000         54.18511260
         348           1         20.54470560         50.21000000         52.05388740
         349           1         17.65129440         51.86700000         52.05388740
         350           2         18.35670560         51.86700000         54.18511260
         351           2         19.83929440         53.52400000         54.18511260
         352           1         20.54470560         53.52400000         52.05388740
         353           1         17.65129440         55.18100000         52.05388740
         354           2         18.35670560         55.18100000         54.18511260
         355           2         19.83929440         56.83800000         54.18511260
         356           1         20.54470560         56.83800000         52.05388740
         357           1         17.65129440         58.49500000         52.05388740
         358           2         18.35670560         58.49500000         54.18511260
         359           2         19.83929440         60.15200000         54.18511260
         360           1         20.54470560         60.15200000         52.05388740
         361           1         22.02729440          2.15700000         52.05388740
         362           2         22.73270560          2.15700000         54.18511260
         363           2         24.21529440          3.81400000         54.18511260
         364           1         24.92070560          3.81400000         52.05388740
         365           1         22.02729440          5.47100000         52.05388740
         366           2         22.73270560          5.47100000         54.18511260
         367           2         24.21529440          7.12800000         54.18511260
         368           1         24.92070560          7.12800000         52.05388740
         369           1         22.02729440          8.78500000         52.05388740
         370           2         22.73270560          8.78500000         54.18511260
         371           2         24.21529440         10.44200000         54.18511260
         372           1         24.92070560         10.44200000         52.05388740
         373           1         22.02729440         12.09900000         52.05388740
         374           2         22.73270560         12.09900000         54.18511260
         375           2         24.21529440         13.75600000         54.18511260
         376           1         24.92070560         13.75600000         52.05388740
         377           1         22.02729440         15.41300000         52.05388740
         378           2         22.73270560         15.41300000         54.18511260
         379           2         24.21529440         17.07000000         54.18511260
         380           1         24.92070560         17.07000000         52.05388740
         381           1         22.02729440         18.72700000         52.05388740
         382           2         22.73270560         18.72700000         54.18511260
         383           2         24.21529440         20.38400000         54.18511260
         384           1         24.92070560         20.38400000         52.05388740
         385           1         22.02729440         22.04100000         52.05388740
         386           2         22.73270560         22.04100000         54.18511260
         387           2         24.21529440         23.69800000         54.18511260
         388           1         24.92070560         23.69800000         52.05388740
         389           1         22.02729440         25.35500000         52.05388740
         390           2         22.73270560         25.35500000         54.18511260
         391           2         24.21529440         27.01200000         54.18511260
         392           1         24.92070560         27.01200000         52.05388740
         393           1         22.02729440         28.66900000         52.05388740
         394           2         22.73270560         28.66900000         54.18511260
         395           2         24.21529440         30.32600000         54.18511260
         396           1         24.92070560         30.32600000         52.05388740
         397           1         22.02729440         31.98300000         52.05388740
         398           2         22.73270560         31.98300000         54.18511260
         399           2         24.21529440         33.64000000         54.18511260
         400           1         24.92070560         33.64000000         52.05388740
         401           1         22.02729440         35.29700000         52.05388740
         402           2         22.73270560         35.29700000         54.18511260
         403           2         24.21529440         36.95400000         54.18511260
         404           1         24.92070560         36.95400000         52.05388740
         405           1         22.02729440         38.61100000         52.05388740
         406           2         22.73270560         38.61100000         54.18511260
         407           2         24.21529440         40.26800000         54.18511260
         408           1         24.92070560         40.26800000         52.05388740
         409           1         22.02729440         41.92500000         52.05388740
         410           2         22.73270560         41.92500000         54.18511260
         411           2         24.21529440         43.58200000         54.18511260
         412           1         24.92070560         43.58200000         52.05388740
         413           1         22.02729440         45.23900000         52.05388740
         414           2         22.73270560         45.23900000         54.18511260
         415           2         24.21529440         46.89600000         54.18511260
         416           1         24.92070560         46.89600000         52.05388740
         417           1         22.02729440         48.55300000         52.05388740
         418           2         22.73270560         48.55300000         54.18511260
         419           2         24.21529440         50.21000000         54.18511260
         420           1         24.92070560         50.21000000         52.05388740
         421           1         22.02729440         51.86700000         52.05388740
         422           2         22.73270560         51.86700000         54.18511260
         423           2         24.21529440         53.52400000         54.18511260
         424           1         24.92070560         53.52400000         52.05388740
         425           1         22.02729440         55.18100000         52.05388740
         426           2         22.73270560         55.18100000         54.18511260
         427           2         24.21529440         56.83800000         54.18511260
         428           1         24.92070560         56.83800000         52.05388740
         429           1         22.02729440         58.49500000         52.05388740
         430           2         22.73270560         58.49500000         54.18511260
         431           2         24.21529440         60.15200000         54.18511260
         432           1         24.92070560         60.15200000         52.05388740
         433           1         26.40329440          2.15700000         52.05388740
         434           2         27.10870560          2.15700000         54.18511260
         435           2         28.59129440          3.81400000         54.18511260
         436           1         29.29670560          3.81400000         52.05388740
         437           1         26.40329440          5.47100000         52.05388740
         438           2         27.10870560          5.47100000         54.18511260
         439           2         28.59129440          7.12800000         54.18511260
         440           1         29.29670560          7.12800000         52.05388740
         441           1         26.40329440          8.78500000         52.05388740
         442           2         27.10870560          8.78500000         54.18511260
         443           2         28.59129440         10.44200000         54.18511260
         444           1         29.29670560         10.44200000         52.05388740
         445           1         26.40329440         12.09900000         52.05388740
         446           2         27.10870560         12.09900000         54.18511260
         447           2         28.59129440         13.75600000         54.18511260
         448           1         29.29670560         13.75600000         52.05388740
         449           1         26.40329440         15.41300000         52.05388740
         450           2         27.10870560         15.41300000         54.18511260
         451           2         28.59129440         17.07000000         54.18511260
         452           1         29.29670560         17.07000000         52.05388740
         453           1         26.40329440         18.72700000         52.05388740
         454           2         27.10870560         18.72700000         54.18511260
         455           2         28.59129440         20.38400000         54.18511260
         456           1         29.29670560         20.38400000         52.05388740
         457           1         26.40329440         22.04100000         52.05388740
         458           2         27.10870560         22.04100000         54.18511260
         459           2         28.59129440         23.69800000         54.18511260
         460           1         29.29670560         23.69800000         52.05388740
         461           1         26.40329440         25.35500000         52.05388740
         462           2         27.10870560         25.35500000         54.18511260
         463           2         28.59129440         27.01200000         54.18511260
         464           1         29.29670560         27.01200000         52.05388740
         465           1         26.40329440         28.66900000         52.05388740
         466           2         27.10870560         28.66900000         54.18511260
         467           2         28.59129440         30.32600000         54.18511260
         468           1         29.29670560         30.32600000         52.05388740
         469           1         26.40329440         31.98300000         52.05388740
         470           2         27.10870560         31.98300000         54.18511260
         471           2         28.59129440         33.64000000         54.18511260
         472           1         29.29670560         33.64000000         52.05388740
         473           1         26.40329440         35.29700000         52.05388740
         474           2         27.10870560         35.29700000         54.18511260
         475           2         28.59129440         36.95400000         54.18511260
         476           1         29.29670560         36.95400000         52.05388740
         477           1         26.40329440         38.61100000         52.05388740
         478           2         27.10870560         38.61100000         54.18511260
         479           2         28.59129440         40.26800000         54.18511260
         480           1         29.29670560         40.26800000         52.05388740
         481           1         26.40329440         41.92500000         52.05388740
         482           2         27.10870560         41.92500000         54.18511260
         483           2         28.59129440         43.58200000         54.18511260
         484           1         29.29670560         43.58200000         52.05388740
         485           1         26.40329440         45.23900000         52.05388740
         486           2         27.10870560         45.23900000         54.18511260
         487           2         28.59129440         46.89600000         54.18511260
         488           1         29.29670560         46.89600000         52.05388740
         489           1         26.40329440         48.55300000         52.05388740
         490           2         27.10870560         48.55300000         54.18511260
         491           2         28.59129440         50.21000000         54.18511260
         492           1         29.29670560         50.21000000         52.05388740
         493           1         26.40329440         51.86700000         52.05388740
         494           2         27.10870560         51.86700000         54.18511260
         495           2         28.59129440         53.52400000         54.18511260
         496           1         29.29670560         53.52400000         52.05388740
         497           1         26.40329440         55.18100000         52.05388740
         498           2         27.10870560         55.18100000         54.18511260
         499           2         28.59129440         56.83800000         54.18511260
         500           1         29.29670560         56.83800000         52.05388740
         501           1         26.40329440         58.49500000         52.05388740
         502           2         27.10870560         58.49500000         54.18511260
         503           2         28.59129440         60.15200000         54.18511260
         504           1         29.29670560         60.15200000         52.05388740
         505           1         30.77929440          2.15700000         52.05388740
         506           2         31.48470560          2.15700000         54.18511260
         507           2         32.96729440          3.81400000         54.18511260
         508           1         33.67270560          3.81400000         52.05388740
         509           1         30.77929440          5.47100000         52.05388740
         510           2         31.48470560          5.47100000         54.18511260
         511           2         32.96729440          7.12800000         54.18511260
         512           1         33.67270560          7.12800000         52.05388740
         513           1         30.77929440          8.78500000         52.05388740
         514           2         31.48470560          8.78500000         54.18511260
         515           2         32.96729440         10.44200000         54.18511260
         516           1         33.67270560         10.44200000         52.05388740
         517           1         30.77929440         12.09900000         52.05388740
         518           2         31.48470560         12.09900000         54.18511260
         519           2         32.96729440         13.75600000         54.18511260
         520           1         33.67270560         13.75600000         52.05388740
         521           1         30.77929440         15.41300000         52.05388740
         522           2         31.48470560         15.41300000         54.18511260
         523           2         32.96729440         17.07000000         54.18511260
         524           1         33.67270560         17.07000000         52.05388740
         525           1         30.77929440         18.72700000         52.05388740
         526           2         31.48470560         18.72700000         54.18511260
         527           2         32.96729440         20.38400000         54.18511260
         528           1         33.67270560         20.38400000         52.05388740
         529           1         30.77929440         22.04100000         52.05388740
         530           2         31.48470560         22.04100000         54.18511260
         531           2         32.96729440         23.69800000         54.18511260
         532           1         33.67270560         23.69800000         52.05388740
         533           1         30.77929440         25.35500000         52.05388740
         534           2         31.48470560         25.35500000         54.18511260
         535           2         32.96729440         27.01200000         54.18511260
         536           1         33.67270560         27.01200000         52.05388740
         537           1         30.77929440         28.66900000         52.05388740
         538           2         31.48470560         28.66900000         54.18511260
         539           2         32.96729440         30.32600000         54.18511260
         540           1         33.67270560         30.32600000         52.05388740
         541           1         30.77929440         31.98300000         52.05388740
         542           2         31.48470560         31.98300000         54.18511260
         543           2         32.96729440         33.64000000         54.18511260
         544           1         33.67270560         33.64000000         52.05388740
         545           1         30.77929440         35.29700000         52.05388740
         546           2         31.48470560         35.29700000         54.18511260
         547           2         32.96729440         36.95400000         54.18511260
         548           1         33.67270560         36.95400000         52.05388740
         549           1         30.77929440         38.61100000         52.05388740
         550           2         31.48470560         38.61100000         54.18511260
         551           2         32.96729440         40.26800000         54.18511260
         552           1         33.67270560         40.26800000         52.05388740
         553           1         30.77929440         41.92500000         52.05388740
         554           2         31.48470560         41.92500000         54.18511260
         555           2         32.96729440         43.58200000         54.18511260
         556           1         33.67270560         43.58200000         52.05388740
         557           1         30.77929440         45.23900000         52.05388740
         558           2         31.48470560         45.23900000         54.18511260
         559           2         32.96729440         46.89600000         54.18511260
         560           1         33.67270560         46.89600000         52.05388740
         561           1         30.77929440         48.55300000         52.05388740
         562           2         31.48470560         48.55300000         54.18511260
         563           2         32.96729440         50.21000000         54.18511260
         564           1         33.67270560         50.21000000         52.05388740
         565           1         30.77929440         51.86700000         52.05388740
         566           2         31.48470560         51.86700000         54.18511260
         567           2         32.96729440         53.52400000         54.18511260
         568           1         33.67270560         53.52400000         52.05388740
         569           1         30.77929440         55.18100000         52.05388740
         570           2         31.48470560         55.18100000         54.18511260
         571           2         32.96729440         56.83800000         54.18511260
         572           1         33.67270560         56.83800000         52.05388740
         573           1         30.77929440         58.49500000         52.05388740
         574           2         31.48470560         58.49500000         54.18511260
         575           2         32.96729440         60.15200000         54.18511260
         576           1         33.67270560         60.15200000         52.05388740
         577           1         35.15529440          2.15700000         52.05388740
         578           2         35.86070560          2.15700000         54.18511260
         579           2         37.34329440          3.81400000         54.18511260
         580           1         38.04870560          3.81400000         52.05388740
         581           1         35.15529440          5.47100000         52.05388740
         582           2         35.86070560          5.47100000         54.18511260
         583           2         37.34329440          7.12800000         54.18511260
         584           1         38.04870560          7.12800000         52.05388740
         585           1         35.15529440          8.78500000         52.05388740
         586           2         35.86070560          8.78500000         54.18511260
         587           2         37.34329440         10.44200000         54.18511260
         588           1         38.04870560         10.44200000         52.05388740
         589           1         35.15529440         12.09900000         52.05388740
         590           2         35.86070560         12.09900000         54.18511260
         591           2         37.34329440         13.75600000         54.18511260
         592           1         38.04870560         13.75600000         52.05388740
         593           1         35.15529440         15.41300000         52.05388740
         594           2         35.86070560         15.41300000         54.18511260
         595           2         37.34329440         17.07000000         54.18511260
         596           1         38.04870560         17.07000000         52.05388740
         597           1         35.15529440         18.72700000         52.05388740
         598           2         35.86070560         18.72700000         54.18511260
         599           2         37.34329440         20.38400000         54.18511260
         600           1         38.04870560         20.38400000         52.05388740
         601           1         35.15529440         22.04100000         52.05388740
         602           2         35.86070560         22.04100000         54.18511260
         603           2         37.34329440         23.69800000         54.18511260
         604           1         38.04870560         23.69800000         52.05388740
         605           1         35.15529440         25.35500000         52.05388740
         606           2         35.86070560         25.35500000         54.18511260
         607           2         37.34329440         27.01200000         54.18511260
         608           1         38.04870560         27.01200000         52.05388740
         609           1         35.15529440         28.66900000         52.05388740
         610           2         35.86070560         28.66900000         54.18511260
         611           2         37.34329440         30.32600000         54.18511260
         612           1         38.04870560         30.32600000         52.05388740
         613           1         35.15529440         31.98300000         52.05388740
         614           2         35.86070560         31.98300000         54.18511260
         615           2         37.34329440         33.64000000         54.18511260
         616           1         38.04870560         33.64000000         52.05388740
         617           1         35.15529440         35.29700000         52.05388740
         618           2         35.86070560         35.29700000         54.18511260
         619           2         37.34329440         36.95400000         54.18511260
         620           1         38.04870560         36.95400000         52.05388740
         621           1         35.15529440         38.61100000         52.05388740
         622           2         35.86070560         38.61100000         54.18511260
         623           2         37.34329440         40.26800000         54.18511260
         624           1         38.04870560         40.26800000         52.05388740
         625           1         35.15529440         41.92500000         52.05388740
         626           2         35.86070560         41.92500000         54.18511260
         627           2         37.34329440         43.58200000         54.18511260
         628           1         38.04870560         43.58200000         52.05388740
         629           1         35.15529440         45.23900000         52.05388740
         630           2         35.86070560         45.23900000         54.18511260
         631           2         37.34329440         46.89600000         54.18511260
         632           1         38.04870560         46.89600000         52.05388740
         633           1         35.15529440         48.55300000         52.05388740
         634           2         35.86070560         48.55300000         54.18511260
         635           2         37.34329440         50.21000000         54.18511260
         636           1         38.04870560         50.21000000         52.05388740
         637           1         35.15529440         51.86700000         52.05388740
         638           2         35.86070560         51.86700000         54.18511260
         639           2         37.34329440         53.52400000         54.18511260
         640           1         38.04870560         53.52400000         52.05388740
         641           1         35.15529440         55.18100000         52.05388740
         642           2         35.86070560         55.18100000         54.18511260
         643           2         37.34329440         56.83800000         54.18511260
         644           1         38.04870560         56.83800000         52.05388740
         645           1         35.15529440         58.49500000         52.05388740
         646           2         35.86070560         58.49500000         54.18511260
         647           2         37.34329440         60.15200000         54.18511260
         648           1         38.04870560         60.15200000         52.05388740
         649           1         39.53129440          2.15700000         52.05388740
         650           2         40.23670560          2.15700000         54.18511260
         651           2         41.71929440          3.81400000         54.18511260
         652           1         42.42470560          3.81400000         52.05388740
         653           1         39.53129440          5.47100000         52.05388740
         654           2         40.23670560          5.47100000         54.18511260
         655           2         41.71929440          7.12800000         54.18511260
         656           1         42.42470560          7.12800000         52.05388740
         657           1         39.53129440          8.78500000         52.05388740
         658           2         40.23670560          8.78500000         54.18511260
         659           2         41.71929440         10.44200000         54.18511260
         660           1         42.42470560         10.44200000         52.05388740
         661           1         39.53129440         12.09900000         52.05388740
         662           2         40.23670560         12.09900000         54.18511260
         663           2         41.71929440         13.75600000         54.18511260
         664           1         42.42470560         13.75600000         52.05388740
         665           1         39.53129440         15.41300000         52.05388740
         666           2         40.23670560         15.41300000         54.18511260
         667           2         41.71929440         17.07000000         54.18511260
         668           1         42.42470560         17.07000000         52.05388740
         669           1         39.53129440         18.72700000         52.05388740
         670           2         40.23670560         18.72700000         54.18511260
         671           2         41.71929440         20.38400000         54.18511260
         672           1         42.42470560         20.38400000         52.05388740
         673           1         39.53129440         22.04100000         52.05388740
         674           2         40.23670560         22.04100000         54.18511260
         675           2         41.71929440         23.69800000         54.18511260
         676           1         42.42470560         23.69800000         52.05388740
         677           1         39.53129440         25.35500000         52.05388740
         678           2         40.23670560         25.35500000         54.18511260
         679           2         41.71929440         27.01200000         54.18511260
         680           1         42.42470560         27.01200000         52.05388740
         681           1         39.53129440         28.66900000         52.05388740
         682           2         40.23670560         28.66900000         54.18511260
         683           2         41.71929440         30.32600000         54.18511260
         684           1         42.42470560         30.32600000         52.05388740
         685           1         39.53129440         31.98300000         52.05388740
         686           2         40.23670560         31.98300000         54.18511260
         687           2         41.71929440         33.64000000         54.18511260
         688           1         42.42470560         33.64000000         52.05388740
         689           1         39.53129440         35.29700000         52.05388740
         690           2         40.23670560         35.29700000         54.18511260
         691           2         41.71929440         36.95400000         54.18511260
         692           1         42.42470560         36.95400000         52.05388740
         693           1         39.53129440         38.61100000         52.05388740
         694           2         40.23670560         38.61100000         54.18511260
         695           2         41.71929440         40.26800000         54.18511260
         696           1         42.42470560         40.26800000         52.05388740
         697           1         39.53129440         41.92500000         52.05388740
         698           2         40.23670560         41.92500000         54.18511260
         699           2         41.71929440         43.58200000         54.18511260
         700           1         42.42470560         43.58200000         52.05388740
         701           1         39.53129440         45.23900000         52.05388740
         702           2         40.23670560         45.23900000         54.18511260
         703           2         41.71929440         46.89600000         54.18511260
         704           1         42.42470560         46.89600000         52.05388740
         705           1         39.53129440         48.55300000         52.05388740
         706           2         40.23670560         48.55300000         54.18511260
         707           2         41.71929440         50.21000000         54.18511260
         708           1         42.42470560         50.21000000         52.05388740
         709           1         39.53129440         51.86700000         52.05388740
         710           2         40.23670560         51.86700000         54.18511260
         711           2         41.71929440         53.52400000         54.18511260
         712           1         42.42470560         53.52400000         52.05388740
         713           1         39.53129440         55.18100000         52.05388740
         714           2         40.23670560         55.18100000         54.18511260
         715           2         41.71929440         56.83800000         54.18511260
         716           1         42.42470560         56.83800000         52.05388740
         717           1         39.53129440         58.49500000         52.05388740
         718           2         40.23670560         58.49500000         54.18511260
         719           2         41.71929440         60.15200000         54.18511260
         720           1         42.42470560         60.15200000         52.05388740
         721           1         43.90729440          2.15700000         52.05388740
         722           2         44.61270560          2.15700000         54.18511260
         723           2         46.09529440          3.81400000         54.18511260
         724           1         46.80070560          3.81400000         52.05388740
         725           1         43.90729440          5.47100000         52.05388740
         726           2         44.61270560          5.47100000         54.18511260
         727           2         46.09529440          7.12800000         54.18511260
         728           1         46.80070560          7.12800000         52.05388740
         729           1         43.90729440          8.78500000         52.05388740
         730           2         44.61270560          8.78500000         54.18511260
         731           2         46.09529440         10.44200000         54.18511260
         732           1         46.80070560         10.44200000         52.05388740
         733           1         43.90729440         12.09900000         52.05388740
         734           2         44.61270560         12.09900000         54.18511260
         735           2         46.09529440         13.75600000         54.18511260
         736           1         46.80070560         13.75600000         52.05388740
         737           1         43.90729440         15.41300000         52.05388740
         738           2         44.61270560         15.41300000         54.18511260
         739           2         46.09529440         17.07000000         54.18511260
         740           1         46.80070560         17.07000000         52.05388740
         741           1         43.90729440         18.72700000         52.05388740
         742           2         44.61270560         18.72700000         54.18511260
         743           2         46.09529440         20.38400000         54.18511260
         744           1         46.80070560         20.38400000         52.05388740
         745           1         43.90729440         22.04100000         52.05388740
         746           2         44.61270560         22.04100000         54.18511260
         747           2         46.09529440         23.69800000         54.18511260
         748           1         46.80070560         23.69800000         52.05388740
         749           1         43.90729440         25.35500000         52.05388740
         750           2         44.61270560         25.35500000         54.18511260
         751           2         46.09529440         27.01200000         54.18511260
         752           1         46.80070560         27.01200000         52.05388740
         753           1         43.90729440         28.66900000         52.05388740
         754           2         44.61270560         28.66900000         54.18511260
         755           2         46.09529440         30.32600000         54.18511260
         756           1         46.80070560         30.32600000         52.05388740
         757           1         43.90729440         31.98300000         52.05388740
         758           2         44.61270560         31.98300000         54.18511260
         759           2         46.09529440         33.64000000         54.18511260
         760           1         46.80070560         33.64000000         52.05388740
         761           1         43.90729440         35.29700000         52.05388740
         762           2         44.61270560         35.29700000         54.18511260
         763           2         46.09529440         36.95400000         54.18511260
         764           1         46.80070560         36.95400000         52.05388740
         765           1         43.90729440         38.61100000         52.05388740
         766           2         44.61270560         38.61100000         54.18511260
         767           2         46.09529440         40.26800000         54.18511260
         768           1         46.80070560         40.26800000         52.05388740
         769           1         43.90729440         41.92500000         52.05388740
         770           2         44.61270560         41.92500000         54.18511260
         771           2         46.09529440         43.58200000         54.18511260
         772           1         46.80070560         43.58200000         52.05388740
         773           1         43.90729440         45.23900000         52.05388740
         774           2         44.61270560         45.23900000         54.18511260
         775           2         46.09529440         46.89600000         54.18511260
         776           1         46.80070560         46.89600000         52.05388740
         777           1         43.90729440         48.55300000         52.05388740
         778           2         44.61270560         48.55300000         54.18511260
         779           2         46.09529440         50.21000000         54.18511260
         780           1         46.80070560         50.21000000         52.05388740
         781           1         43.90729440         51.86700000         52.05388740
         782           2         44.61270560         51.86700000         54.18511260
         783           2         46.09529440         53.52400000         54.18511260
         784           1         46.80070560         53.52400000         52.05388740
         785           1         43.90729440         55.18100000         52.05388740
         786           2         44.61270560         55.18100000         54.18511260
         787           2         46.09529440         56.83800000         54.18511260
         788           1         46.80070560         56.83800000         52.05388740
         789           1         43.90729440         58.49500000         52.05388740
         790           2         44.61270560         58.49500000         54.18511260
         791           2         46.09529440         60.15200000         54.18511260
         792           1         46.80070560         60.15200000         52.05388740
         793           1         48.28329440          2.15700000         52.05388740
         794           2         48.98870560          2.15700000         54.18511260
         795           2         50.47129440          3.81400000         54.18511260
         796           1         51.17670560          3.81400000         52.05388740
         797           1         48.28329440          5.47100000         52.05388740
         798           2         48.98870560          5.47100000         54.18511260
         799           2         50.47129440          7.12800000         54.18511260
         800           1         51.17670560          7.12800000         52.05388740
         801           1         48.28329440          8.78500000         52.05388740
         802           2         48.98870560          8.78500000         54.18511260
         803           2         50.47129440         10.44200000         54.18511260
         804           1         51.17670560         10.44200000         52.05388740
         805           1         48.28329440         12.09900000         52.05388740
         806           2         48.98870560         12.09900000         54.18511260
         807           2         50.47129440         13.75600000         54.18511260
         808           1         51.17670560         13.75600000         52.05388740
         809           1         48.28329440         15.41300000         52.05388740
         810           2         48.98870560         15.41300000         54.18511260
         811           2         50.47129440         17.07000000         54.18511260
         812           1         51.17670560         17.07000000         52.05388740
         813           1         48.28329440         18.72700000         52.05388740
         814           2         48.98870560         18.72700000         54.18511260
         815           2         50.47129440         20.38400000         54.18511260
         816           1         51.17670560         20.38400000         52.05388740
         817           1         48.28329440         22.04100000         52.05388740
         818           2         48.98870560         22.04100000         54.18511260
         819           2         50.47129440         23.69800000         54.18511260
         820           1         51.17670560         23.69800000         52.05388740
         821           1         48.28329440         25.35500000         52.05388740
         822           2         48.98870560         25.35500000         54.18511260
         823           2         50.47129440         27.01200000         54.18511260
         824           1         51.17670560         27.01200000         52.05388740
         825           1         48.28329440         28.66900000         52.05388740
         826           2         48.98870560         28.66900000         54.18511260
         827           2         50.47129440         30.32600000         54.18511260
         828           1         51.17670560         30.32600000         52.05388740
         829           1         48.28329440         31.98300000         52.05388740
         830           2         48.98870560         31.98300000         54.18511260
         831           2         50.47129440         33.64000000         54.18511260
         832           1         51.17670560         33.64000000         52.05388740
         833           1         48.28329440         35.29700000         52.05388740
         834           2         48.98870560         35.29700000         54.18511260
         835           2         50.47129440         36.95400000         54.18511260
         836           1         51.17670560         36.95400000         52.05388740
         837           1         48.28329440         38.61100000         52.05388740
         838           2         48.98870560         38.61100000         54.18511260
         839           2         50.47129440         40.26800000         54.18511260
         840           1         51.17670560         40.26800000         52.05388740
         841           1         48.28329440         41.92500000         52.05388740
         842           2         48.98870560         41.92500000         54.18511260
         843           2         50.47129440         43.58200000         54.18511260
         844           1         51.17670560         43.58200000         52.05388740
         845           1         48.28329440         45.23900000         52.05388740
         846           2         48.98870560         45.23900000         54.18511260
         847           2         50.47129440         46.89600000         54.18511260
         848           1         51.17670560         46.89600000         52.05388740
         849           1         48.28329440         48.55300000         52.05388740
         850           2         48.98870560         48.55300000         54.18511260
         851           2         50.47129440         50.21000000         54.18511260
         852           1         51.17670560         50.21000000         52.05388740
         853           1         48.28329440         51.86700000         52.05388740
         854           2         48.98870560         51.86700000         54.18511260
         855           2         50.47129440         53.52400000         54.18511260
         856           1         51.17670560         53.52400000         52.05388740
         857           1         48.28329440         55.18100000         52.05388740
         858           2         48.98870560         55.18100000         54.18511260
         859           2         50.47129440         56.83800000         54.18511260
         860           1         51.17670560         56.83800000         52.05388740
         861           1         48.28329440         58.49500000         52.05388740
         862           2         48.98870560         58.49500000         54.18511260
         863           2         50.47129440         60.15200000         54.18511260
         864           1         51.17670560         60.15200000         52.05388740
         865           1         52.65929440          2.15700000         52.05388740
         866           2         53.36470560          2.15700000         54.18511260
         867           2         54.84729440          3.81400000         54.18511260
         868           1         55.55270560          3.81400000         52.05388740
         869           1         52.65929440          5.47100000         52.05388740
         870           2         53.36470560          5.47100000         54.18511260
         871           2         54.84729440          7.12800000         54.18511260
         872           1         55.55270560          7.12800000         52.05388740
         873           1         52.65929440          8.78500000         52.05388740
         874           2         53.36470560          8.78500000         54.18511260
         875           2         54.84729440         10.44200000         54.18511260
         876           1         55.55270560         10.44200000         52.05388740
         877           1         52.65929440         12.09900000         52.05388740
         878           2         53.36470560         12.09900000         54.18511260
         879           2         54.84729440         13.75600000         54.18511260
         880           1         55.55270560         13.75600000         52.05388740
         881           1         52.65929440         15.41300000         52.05388740
         882           2         53.36470560         15.41300000         54.18511260
         883           2         54.84729440         17.07000000         54.18511260
         884           1         55.55270560         17.07000000         52.05388740
         885           1         52.65929440         18.72700000         52.05388740
         886           2         53.36470560         18.72700000         54.18511260
         887           2         54.84729440         20.38400000         54.18511260
         888           1         55.55270560         20.38400000         52.05388740
         889           1         52.65929440         22.04100000         52.05388740
         890           2         53.36470560         22.04100000         54.18511260
         891           2         54.84729440         23.69800000         54.18511260
         892           1         55.55270560         23.69800000         52.05388740
         893           1         52.65929440         25.35500000         52.05388740
         894           2         53.36470560         25.35500000         54.18511260
         895           2         54.84729440         27.01200000         54.18511260
         896           1         55.55270560         27.01200000         52.05388740
         897           1         52.65929440         28.66900000         52.05388740
         898           2         53.36470560         28.66900000         54.18511260
         899           2         54.84729440         30.32600000         54.18511260
         900           1         55.55270560         30.32600000         52.05388740
         901           1         52.65929440         31.98300000         52.05388740
         902           2         53.36470560         31.98300000         54.18511260
         903           2         54.84729440         33.64000000         54.18511260
         904           1         55.55270560         33.64000000         52.05388740
         905           1         52.65929440         35.29700000         52.05388740
         906           2         53.36470560         35.29700000         54.18511260
         907           2         54.84729440         36.95400000         54.18511260
         908           1         55.55270560         36.95400000         52.05388740
         909           1         52.65929440         38.61100000         52.05388740
         910           2         53.36470560         38.61100000         54.18511260
         911           2         54.84729440         40.26800000         54.18511260
         912           1         55.55270560         40.26800000         52.05388740
         913           1         52.65929440         41.92500000         52.05388740
         914           2         53.36470560         41.92500000         54.18511260
         915           2         54.84729440         43.58200000         54.18511260
         916           1         55.55270560         43.58200000         52.05388740
         917           1         52.65929440         45.23900000         52.05388740
         918           2         53.36470560         45.23900000         54.18511260
         919           2         54.84729440         46.89600000         54.18511260
         920           1         55.55270560         46.89600000         52.05388740
         921           1         52.65929440         48.55300000         52.05388740
         922           2         53.36470560         48.55300000         54.18511260
         923           2         54.84729440         50.21000000         54.18511260
         924           1         55.55270560         50.21000000         52.05388740
         925           1         52.65929440         51.86700000         52.05388740
         926           2         53.36470560         51.86700000         54.18511260
         927           2         54.84729440         53.52400000         54.18511260
         928           1         55.55270560         53.52400000         52.05388740
         929           1         52.65929440         55.18100000         52.05388740
         930           2         53.36470560         55.18100000         54.18511260
         931           2         54.84729440         56.83800000         54.18511260
         932           1         55.55270560         56.83800000         52.05388740
         933           1         52.65929440         58.49500000         52.05388740
         934           2         53.36470560         58.49500000         54.18511260
         935           2         54.84729440         60.15200000         54.18511260
         936           1         55.55270560         60.15200000         52.05388740
         937           1         57.03529440          2.15700000         52.05388740
         938           2         57.74070560          2.15700000         54.18511260
         939           2         59.22329440          3.81400000         54.18511260
         940           1         59.92870560          3.81400000         52.05388740
         941           1         57.03529440          5.47100000         52.05388740
         942           2         57.74070560          5.47100000         54.18511260
         943           2         59.22329440          7.12800000         54.18511260
         944           1         59.92870560          7.12800000         52.05388740
         945           1         57.03529440          8.78500000         52.05388740
         946           2         57.74070560          8.78500000         54.18511260
         947           2         59.22329440         10.44200000         54.18511260
         948           1         59.92870560         10.44200000         52.05388740
         949           1         57.03529440         12.09900000         52.05388740
         950           2         57.74070560         12.09900000         54.18511260
         951           2         59.22329440         13.75600000         54.18511260
         952           1         59.92870560         13.75600000         52.05388740
         953           1         57.03529440         15.41300000         52.05388740
         954           2         57.74070560         15.41300000         54.18511260
         955           2         59.22329440         17.07000000         54.18511260
         956           1         59.92870560         17.07000000         52.05388740
         957           1         57.03529440         18.72700000         52.05388740
         958           2         57.74070560         18.72700000         54.18511260
         959           2         59.22329440         20.38400000         54.18511260
         960           1         59.92870560         20.38400000         52.05388740
         961           1         57.03529440         22.04100000         52.05388740
         962           2         57.74070560         22.04100000         54.18511260
         963           2         59.22329440         23.69800000         54.18511260
         964           1         59.92870560         23.69800000         52.05388740
         965           1         57.03529440         25.35500000         52.05388740
         966           2         57.74070560         25.35500000         54.18511260
         967           2         59.22329440         27.01200000         54.18511260
         968           1         59.92870560         27.01200000         52.05388740
         969           1         57.03529440         28.66900000         52.05388740
         970           2         57.74070560         28.66900000         54.18511260
         971           2         59.22329440         30.32600000         54.18511260
         972           1         59.92870560         30.32600000         52.05388740
         973           1         57.03529440         31.98300000         52.05388740
         974           2         57.74070560         31.98300000         54.18511260
         975           2         59.22329440         33.64000000         54.18511260
         976           1         59.92870560         33.64000000         52.05388740
         977           1         57.03529440         35.29700000         52.05388740
         978           2         57.74070560         35.29700000         54.18511260
         979           2         59.22329440         36.95400000         54.18511260
         980           1         59.92870560         36.95400000         52.05388740
         981           1         57.03529440         38.61100000         52.05388740
         982           2         57.74070560         38.61100000         54.18511260
         983           2         59.22329440         40.26800000         54.18511260
         984           1         59.92870560         40.26800000         52.05388740
         985           1         57.03529440         41.92500000         52.05388740
         986           2         57.74070560         41.92500000         54.18511260
         987           2         59.22329440         43.58200000         54.18511260
         988           1         59.92870560         43.58200000         52.05388740
         989           1         57.03529440         45.23900000         52.05388740
         990           2         57.74070560         45.23900000         54.18511260
         991           2         59.22329440         46.89600000         54.18511260
         992           1         59.92870560         46.89600000         52.05388740
         993           1         57.03529440         48.55300000         52.05388740
         994           2         57.74070560         48.55300000         54.18511260
         995           2         59.22329440         50.21000000         54.18511260
         996           1         59.92870560         50.21000000         52.05388740
         997           1         57.03529440         51.86700000         52.05388740
         998           2         57.74070560         51.86700000         54.18511260
         999           2         59.22329440         53.52400000         54.18511260
        1000           1         59.92870560         53.52400000         52.05388740
        1001           1         57.03529440         55.18100000         52.05388740
        1002           2         57.74070560         55.18100000         54.18511260
        1003           2         59.22329440         56.83800000         54.18511260
        1004           1         59.92870560         56.83800000         52.05388740
        1005           1         57.03529440         58.49500000         52.05388740
        1006           2         57.74070560         58.49500000         54.18511260
        1007           2         59.22329440         60.15200000         54.18511260
        1008           1         59.92870560         60.15200000         52.05388740
