10600	3223	3	0	0.1472944	2.157	30
10601	3223	4	0	0.8527056	2.157	32.13122
10602	3223	4	0	2.3352944	3.814	32.13122
10603	3223	3	0	3.0407056	3.814	30
10604	3223	3	0	0.1472944	5.471	30
10605	3223	4	0	0.8527056	5.471	32.13122
10606	3223	4	0	2.3352944	7.128	32.13122
10607	3223	3	0	3.0407056	7.128	30
10608	3223	3	0	0.1472944	8.785	30
10609	3223	4	0	0.8527056	8.785	32.13122
10610	3223	4	0	2.3352944	10.442	32.13122
10611	3223	3	0	3.0407056	10.442	30
10612	3223	3	0	0.1472944	12.099	30
10613	3223	4	0	0.8527056	12.099	32.13122
10614	3223	4	0	2.3352944	13.756	32.13122
10615	3223	3	0	3.0407056	13.756	30
10616	3223	3	0	0.1472944	15.413	30
10617	3223	4	0	0.8527056	15.413	32.13122
10618	3223	4	0	2.3352944	17.07	32.13122
10619	3223	3	0	3.0407056	17.07	30
10620	3223	3	0	0.1472944	18.727	30
10621	3223	4	0	0.8527056	18.727	32.13122
10622	3223	4	0	2.3352944	20.384	32.13122
10623	3223	3	0	3.0407056	20.384	30
10624	3223	3	0	0.1472944	22.041	30
10625	3223	4	0	0.8527056	22.041	32.13122
10626	3223	4	0	2.3352944	23.698	32.13122
10627	3223	3	0	3.0407056	23.698	30
10628	3223	3	0	0.1472944	25.355	30
10629	3223	4	0	0.8527056	25.355	32.13122
10630	3223	4	0	2.3352944	27.012	32.13122
10631	3223	3	0	3.0407056	27.012	30
10632	3223	3	0	0.1472944	28.669	30
10633	3223	4	0	0.8527056	28.669	32.13122
10634	3223	4	0	2.3352944	30.326	32.13122
10635	3223	3	0	3.0407056	30.326	30
10636	3223	3	0	0.1472944	31.983	30
10637	3223	4	0	0.8527056	31.983	32.13122
10638	3223	4	0	2.3352944	33.64	32.13122
10639	3223	3	0	3.0407056	33.64	30
10640	3223	3	0	0.1472944	35.297	30
10641	3223	4	0	0.8527056	35.297	32.13122
10642	3223	4	0	2.3352944	36.954	32.13122
10643	3223	3	0	3.0407056	36.954	30
10644	3223	3	0	0.1472944	38.611	30
10645	3223	4	0	0.8527056	38.611	32.13122
10646	3223	4	0	2.3352944	40.268	32.13122
10647	3223	3	0	3.0407056	40.268	30
10648	3223	3	0	0.1472944	41.925	30
10649	3223	4	0	0.8527056	41.925	32.13122
10650	3223	4	0	2.3352944	43.582	32.13122
10651	3223	3	0	3.0407056	43.582	30
10652	3223	3	0	0.1472944	45.239	30
10653	3223	4	0	0.8527056	45.239	32.13122
10654	3223	4	0	2.3352944	46.896	32.13122
10655	3223	3	0	3.0407056	46.896	30
10656	3223	3	0	0.1472944	48.553	30
10657	3223	4	0	0.8527056	48.553	32.13122
10658	3223	4	0	2.3352944	50.21	32.13122
10659	3223	3	0	3.0407056	50.21	30
10660	3223	3	0	0.1472944	51.867	30
10661	3223	4	0	0.8527056	51.867	32.13122
10662	3223	4	0	2.3352944	53.524	32.13122
10663	3223	3	0	3.0407056	53.524	30
10664	3223	3	0	0.1472944	55.181	30
10665	3223	4	0	0.8527056	55.181	32.13122
10666	3223	4	0	2.3352944	56.838	32.13122
10667	3223	3	0	3.0407056	56.838	30
10668	3223	3	0	0.1472944	58.495	30
10669	3223	4	0	0.8527056	58.495	32.13122
10670	3223	4	0	2.3352944	60.152	32.13122
10671	3223	3	0	3.0407056	60.152	30
10672	3223	3	0	4.5232944	2.157	30
10673	3223	4	0	5.2287056	2.157	32.13122
10674	3223	4	0	6.7112944	3.814	32.13122
10675	3223	3	0	7.4167056	3.814	30
10676	3223	3	0	4.5232944	5.471	30
10677	3223	4	0	5.2287056	5.471	32.13122
10678	3223	4	0	6.7112944	7.128	32.13122
10679	3223	3	0	7.4167056	7.128	30
10680	3223	3	0	4.5232944	8.785	30
10681	3223	4	0	5.2287056	8.785	32.13122
10682	3223	4	0	6.7112944	10.442	32.13122
10683	3223	3	0	7.4167056	10.442	30
10684	3223	3	0	4.5232944	12.099	30
10685	3223	4	0	5.2287056	12.099	32.13122
10686	3223	4	0	6.7112944	13.756	32.13122
10687	3223	3	0	7.4167056	13.756	30
10688	3223	3	0	4.5232944	15.413	30
10689	3223	4	0	5.2287056	15.413	32.13122
10690	3223	4	0	6.7112944	17.07	32.13122
10691	3223	3	0	7.4167056	17.07	30
10692	3223	3	0	4.5232944	18.727	30
10693	3223	4	0	5.2287056	18.727	32.13122
10694	3223	4	0	6.7112944	20.384	32.13122
10695	3223	3	0	7.4167056	20.384	30
10696	3223	3	0	4.5232944	22.041	30
10697	3223	4	0	5.2287056	22.041	32.13122
10698	3223	4	0	6.7112944	23.698	32.13122
10699	3223	3	0	7.4167056	23.698	30
10700	3223	3	0	4.5232944	25.355	30
10701	3223	4	0	5.2287056	25.355	32.13122
10702	3223	4	0	6.7112944	27.012	32.13122
10703	3223	3	0	7.4167056	27.012	30
10704	3223	3	0	4.5232944	28.669	30
10705	3223	4	0	5.2287056	28.669	32.13122
10706	3223	4	0	6.7112944	30.326	32.13122
10707	3223	3	0	7.4167056	30.326	30
10708	3223	3	0	4.5232944	31.983	30
10709	3223	4	0	5.2287056	31.983	32.13122
10710	3223	4	0	6.7112944	33.64	32.13122
10711	3223	3	0	7.4167056	33.64	30
10712	3223	3	0	4.5232944	35.297	30
10713	3223	4	0	5.2287056	35.297	32.13122
10714	3223	4	0	6.7112944	36.954	32.13122
10715	3223	3	0	7.4167056	36.954	30
10716	3223	3	0	4.5232944	38.611	30
10717	3223	4	0	5.2287056	38.611	32.13122
10718	3223	4	0	6.7112944	40.268	32.13122
10719	3223	3	0	7.4167056	40.268	30
10720	3223	3	0	4.5232944	41.925	30
10721	3223	4	0	5.2287056	41.925	32.13122
10722	3223	4	0	6.7112944	43.582	32.13122
10723	3223	3	0	7.4167056	43.582	30
10724	3223	3	0	4.5232944	45.239	30
10725	3223	4	0	5.2287056	45.239	32.13122
10726	3223	4	0	6.7112944	46.896	32.13122
10727	3223	3	0	7.4167056	46.896	30
10728	3223	3	0	4.5232944	48.553	30
10729	3223	4	0	5.2287056	48.553	32.13122
10730	3223	4	0	6.7112944	50.21	32.13122
10731	3223	3	0	7.4167056	50.21	30
10732	3223	3	0	4.5232944	51.867	30
10733	3223	4	0	5.2287056	51.867	32.13122
10734	3223	4	0	6.7112944	53.524	32.13122
10735	3223	3	0	7.4167056	53.524	30
10736	3223	3	0	4.5232944	55.181	30
10737	3223	4	0	5.2287056	55.181	32.13122
10738	3223	4	0	6.7112944	56.838	32.13122
10739	3223	3	0	7.4167056	56.838	30
10740	3223	3	0	4.5232944	58.495	30
10741	3223	4	0	5.2287056	58.495	32.13122
10742	3223	4	0	6.7112944	60.152	32.13122
10743	3223	3	0	7.4167056	60.152	30
10744	3223	3	0	8.8992944	2.157	30
10745	3223	4	0	9.6047056	2.157	32.13122
10746	3223	4	0	11.0872944	3.814	32.13122
10747	3223	3	0	11.7927056	3.814	30
10748	3223	3	0	8.8992944	5.471	30
10749	3223	4	0	9.6047056	5.471	32.13122
10750	3223	4	0	11.0872944	7.128	32.13122
10751	3223	3	0	11.7927056	7.128	30
10752	3223	3	0	8.8992944	8.785	30
10753	3223	4	0	9.6047056	8.785	32.13122
10754	3223	4	0	11.0872944	10.442	32.13122
10755	3223	3	0	11.7927056	10.442	30
10756	3223	3	0	8.8992944	12.099	30
10757	3223	4	0	9.6047056	12.099	32.13122
10758	3223	4	0	11.0872944	13.756	32.13122
10759	3223	3	0	11.7927056	13.756	30
10760	3223	3	0	8.8992944	15.413	30
10761	3223	4	0	9.6047056	15.413	32.13122
10762	3223	4	0	11.0872944	17.07	32.13122
10763	3223	3	0	11.7927056	17.07	30
10764	3223	3	0	8.8992944	18.727	30
10765	3223	4	0	9.6047056	18.727	32.13122
10766	3223	4	0	11.0872944	20.384	32.13122
10767	3223	3	0	11.7927056	20.384	30
10768	3223	3	0	8.8992944	22.041	30
10769	3223	4	0	9.6047056	22.041	32.13122
10770	3223	4	0	11.0872944	23.698	32.13122
10771	3223	3	0	11.7927056	23.698	30
10772	3223	3	0	8.8992944	25.355	30
10773	3223	4	0	9.6047056	25.355	32.13122
10774	3223	4	0	11.0872944	27.012	32.13122
10775	3223	3	0	11.7927056	27.012	30
10776	3223	3	0	8.8992944	28.669	30
10777	3223	4	0	9.6047056	28.669	32.13122
10778	3223	4	0	11.0872944	30.326	32.13122
10779	3223	3	0	11.7927056	30.326	30
10780	3223	3	0	8.8992944	31.983	30
10781	3223	4	0	9.6047056	31.983	32.13122
10782	3223	4	0	11.0872944	33.64	32.13122
10783	3223	3	0	11.7927056	33.64	30
10784	3223	3	0	8.8992944	35.297	30
10785	3223	4	0	9.6047056	35.297	32.13122
10786	3223	4	0	11.0872944	36.954	32.13122
10787	3223	3	0	11.7927056	36.954	30
10788	3223	3	0	8.8992944	38.611	30
10789	3223	4	0	9.6047056	38.611	32.13122
10790	3223	4	0	11.0872944	40.268	32.13122
10791	3223	3	0	11.7927056	40.268	30
10792	3223	3	0	8.8992944	41.925	30
10793	3223	4	0	9.6047056	41.925	32.13122
10794	3223	4	0	11.0872944	43.582	32.13122
10795	3223	3	0	11.7927056	43.582	30
10796	3223	3	0	8.8992944	45.239	30
10797	3223	4	0	9.6047056	45.239	32.13122
10798	3223	4	0	11.0872944	46.896	32.13122
10799	3223	3	0	11.7927056	46.896	30
10800	3223	3	0	8.8992944	48.553	30
10801	3223	4	0	9.6047056	48.553	32.13122
10802	3223	4	0	11.0872944	50.21	32.13122
10803	3223	3	0	11.7927056	50.21	30
10804	3223	3	0	8.8992944	51.867	30
10805	3223	4	0	9.6047056	51.867	32.13122
10806	3223	4	0	11.0872944	53.524	32.13122
10807	3223	3	0	11.7927056	53.524	30
10808	3223	3	0	8.8992944	55.181	30
10809	3223	4	0	9.6047056	55.181	32.13122
10810	3223	4	0	11.0872944	56.838	32.13122
10811	3223	3	0	11.7927056	56.838	30
10812	3223	3	0	8.8992944	58.495	30
10813	3223	4	0	9.6047056	58.495	32.13122
10814	3223	4	0	11.0872944	60.152	32.13122
10815	3223	3	0	11.7927056	60.152	30
10816	3223	3	0	13.2752944	2.157	30
10817	3223	4	0	13.9807056	2.157	32.13122
10818	3223	4	0	15.4632944	3.814	32.13122
10819	3223	3	0	16.1687056	3.814	30
10820	3223	3	0	13.2752944	5.471	30
10821	3223	4	0	13.9807056	5.471	32.13122
10822	3223	4	0	15.4632944	7.128	32.13122
10823	3223	3	0	16.1687056	7.128	30
10824	3223	3	0	13.2752944	8.785	30
10825	3223	4	0	13.9807056	8.785	32.13122
10826	3223	4	0	15.4632944	10.442	32.13122
10827	3223	3	0	16.1687056	10.442	30
10828	3223	3	0	13.2752944	12.099	30
10829	3223	4	0	13.9807056	12.099	32.13122
10830	3223	4	0	15.4632944	13.756	32.13122
10831	3223	3	0	16.1687056	13.756	30
10832	3223	3	0	13.2752944	15.413	30
10833	3223	4	0	13.9807056	15.413	32.13122
10834	3223	4	0	15.4632944	17.07	32.13122
10835	3223	3	0	16.1687056	17.07	30
10836	3223	3	0	13.2752944	18.727	30
10837	3223	4	0	13.9807056	18.727	32.13122
10838	3223	4	0	15.4632944	20.384	32.13122
10839	3223	3	0	16.1687056	20.384	30
10840	3223	3	0	13.2752944	22.041	30
10841	3223	4	0	13.9807056	22.041	32.13122
10842	3223	4	0	15.4632944	23.698	32.13122
10843	3223	3	0	16.1687056	23.698	30
10844	3223	3	0	13.2752944	25.355	30
10845	3223	4	0	13.9807056	25.355	32.13122
10846	3223	4	0	15.4632944	27.012	32.13122
10847	3223	3	0	16.1687056	27.012	30
10848	3223	3	0	13.2752944	28.669	30
10849	3223	4	0	13.9807056	28.669	32.13122
10850	3223	4	0	15.4632944	30.326	32.13122
10851	3223	3	0	16.1687056	30.326	30
10852	3223	3	0	13.2752944	31.983	30
10853	3223	4	0	13.9807056	31.983	32.13122
10854	3223	4	0	15.4632944	33.64	32.13122
10855	3223	3	0	16.1687056	33.64	30
10856	3223	3	0	13.2752944	35.297	30
10857	3223	4	0	13.9807056	35.297	32.13122
10858	3223	4	0	15.4632944	36.954	32.13122
10859	3223	3	0	16.1687056	36.954	30
10860	3223	3	0	13.2752944	38.611	30
10861	3223	4	0	13.9807056	38.611	32.13122
10862	3223	4	0	15.4632944	40.268	32.13122
10863	3223	3	0	16.1687056	40.268	30
10864	3223	3	0	13.2752944	41.925	30
10865	3223	4	0	13.9807056	41.925	32.13122
10866	3223	4	0	15.4632944	43.582	32.13122
10867	3223	3	0	16.1687056	43.582	30
10868	3223	3	0	13.2752944	45.239	30
10869	3223	4	0	13.9807056	45.239	32.13122
10870	3223	4	0	15.4632944	46.896	32.13122
10871	3223	3	0	16.1687056	46.896	30
10872	3223	3	0	13.2752944	48.553	30
10873	3223	4	0	13.9807056	48.553	32.13122
10874	3223	4	0	15.4632944	50.21	32.13122
10875	3223	3	0	16.1687056	50.21	30
10876	3223	3	0	13.2752944	51.867	30
10877	3223	4	0	13.9807056	51.867	32.13122
10878	3223	4	0	15.4632944	53.524	32.13122
10879	3223	3	0	16.1687056	53.524	30
10880	3223	3	0	13.2752944	55.181	30
10881	3223	4	0	13.9807056	55.181	32.13122
10882	3223	4	0	15.4632944	56.838	32.13122
10883	3223	3	0	16.1687056	56.838	30
10884	3223	3	0	13.2752944	58.495	30
10885	3223	4	0	13.9807056	58.495	32.13122
10886	3223	4	0	15.4632944	60.152	32.13122
10887	3223	3	0	16.1687056	60.152	30
10888	3223	3	0	17.6512944	2.157	30
10889	3223	4	0	18.3567056	2.157	32.13122
10890	3223	4	0	19.8392944	3.814	32.13122
10891	3223	3	0	20.5447056	3.814	30
10892	3223	3	0	17.6512944	5.471	30
10893	3223	4	0	18.3567056	5.471	32.13122
10894	3223	4	0	19.8392944	7.128	32.13122
10895	3223	3	0	20.5447056	7.128	30
10896	3223	3	0	17.6512944	8.785	30
10897	3223	4	0	18.3567056	8.785	32.13122
10898	3223	4	0	19.8392944	10.442	32.13122
10899	3223	3	0	20.5447056	10.442	30
10900	3223	3	0	17.6512944	12.099	30
10901	3223	4	0	18.3567056	12.099	32.13122
10902	3223	4	0	19.8392944	13.756	32.13122
10903	3223	3	0	20.5447056	13.756	30
10904	3223	3	0	17.6512944	15.413	30
10905	3223	4	0	18.3567056	15.413	32.13122
10906	3223	4	0	19.8392944	17.07	32.13122
10907	3223	3	0	20.5447056	17.07	30
10908	3223	3	0	17.6512944	18.727	30
10909	3223	4	0	18.3567056	18.727	32.13122
10910	3223	4	0	19.8392944	20.384	32.13122
10911	3223	3	0	20.5447056	20.384	30
10912	3223	3	0	17.6512944	22.041	30
10913	3223	4	0	18.3567056	22.041	32.13122
10914	3223	4	0	19.8392944	23.698	32.13122
10915	3223	3	0	20.5447056	23.698	30
10916	3223	3	0	17.6512944	25.355	30
10917	3223	4	0	18.3567056	25.355	32.13122
10918	3223	4	0	19.8392944	27.012	32.13122
10919	3223	3	0	20.5447056	27.012	30
10920	3223	3	0	17.6512944	28.669	30
10921	3223	4	0	18.3567056	28.669	32.13122
10922	3223	4	0	19.8392944	30.326	32.13122
10923	3223	3	0	20.5447056	30.326	30
10924	3223	3	0	17.6512944	31.983	30
10925	3223	4	0	18.3567056	31.983	32.13122
10926	3223	4	0	19.8392944	33.64	32.13122
10927	3223	3	0	20.5447056	33.64	30
10928	3223	3	0	17.6512944	35.297	30
10929	3223	4	0	18.3567056	35.297	32.13122
10930	3223	4	0	19.8392944	36.954	32.13122
10931	3223	3	0	20.5447056	36.954	30
10932	3223	3	0	17.6512944	38.611	30
10933	3223	4	0	18.3567056	38.611	32.13122
10934	3223	4	0	19.8392944	40.268	32.13122
10935	3223	3	0	20.5447056	40.268	30
10936	3223	3	0	17.6512944	41.925	30
10937	3223	4	0	18.3567056	41.925	32.13122
10938	3223	4	0	19.8392944	43.582	32.13122
10939	3223	3	0	20.5447056	43.582	30
10940	3223	3	0	17.6512944	45.239	30
10941	3223	4	0	18.3567056	45.239	32.13122
10942	3223	4	0	19.8392944	46.896	32.13122
10943	3223	3	0	20.5447056	46.896	30
10944	3223	3	0	17.6512944	48.553	30
10945	3223	4	0	18.3567056	48.553	32.13122
10946	3223	4	0	19.8392944	50.21	32.13122
10947	3223	3	0	20.5447056	50.21	30
10948	3223	3	0	17.6512944	51.867	30
10949	3223	4	0	18.3567056	51.867	32.13122
10950	3223	4	0	19.8392944	53.524	32.13122
10951	3223	3	0	20.5447056	53.524	30
10952	3223	3	0	17.6512944	55.181	30
10953	3223	4	0	18.3567056	55.181	32.13122
10954	3223	4	0	19.8392944	56.838	32.13122
10955	3223	3	0	20.5447056	56.838	30
10956	3223	3	0	17.6512944	58.495	30
10957	3223	4	0	18.3567056	58.495	32.13122
10958	3223	4	0	19.8392944	60.152	32.13122
10959	3223	3	0	20.5447056	60.152	30
10960	3223	3	0	22.0272944	2.157	30
10961	3223	4	0	22.7327056	2.157	32.13122
10962	3223	4	0	24.2152944	3.814	32.13122
10963	3223	3	0	24.9207056	3.814	30
10964	3223	3	0	22.0272944	5.471	30
10965	3223	4	0	22.7327056	5.471	32.13122
10966	3223	4	0	24.2152944	7.128	32.13122
10967	3223	3	0	24.9207056	7.128	30
10968	3223	3	0	22.0272944	8.785	30
10969	3223	4	0	22.7327056	8.785	32.13122
10970	3223	4	0	24.2152944	10.442	32.13122
10971	3223	3	0	24.9207056	10.442	30
10972	3223	3	0	22.0272944	12.099	30
10973	3223	4	0	22.7327056	12.099	32.13122
10974	3223	4	0	24.2152944	13.756	32.13122
10975	3223	3	0	24.9207056	13.756	30
10976	3223	3	0	22.0272944	15.413	30
10977	3223	4	0	22.7327056	15.413	32.13122
10978	3223	4	0	24.2152944	17.07	32.13122
10979	3223	3	0	24.9207056	17.07	30
10980	3223	3	0	22.0272944	18.727	30
10981	3223	4	0	22.7327056	18.727	32.13122
10982	3223	4	0	24.2152944	20.384	32.13122
10983	3223	3	0	24.9207056	20.384	30
10984	3223	3	0	22.0272944	22.041	30
10985	3223	4	0	22.7327056	22.041	32.13122
10986	3223	4	0	24.2152944	23.698	32.13122
10987	3223	3	0	24.9207056	23.698	30
10988	3223	3	0	22.0272944	25.355	30
10989	3223	4	0	22.7327056	25.355	32.13122
10990	3223	4	0	24.2152944	27.012	32.13122
10991	3223	3	0	24.9207056	27.012	30
10992	3223	3	0	22.0272944	28.669	30
10993	3223	4	0	22.7327056	28.669	32.13122
10994	3223	4	0	24.2152944	30.326	32.13122
10995	3223	3	0	24.9207056	30.326	30
10996	3223	3	0	22.0272944	31.983	30
10997	3223	4	0	22.7327056	31.983	32.13122
10998	3223	4	0	24.2152944	33.64	32.13122
10999	3223	3	0	24.9207056	33.64	30
11000	3223	3	0	22.0272944	35.297	30
11001	3223	4	0	22.7327056	35.297	32.13122
11002	3223	4	0	24.2152944	36.954	32.13122
11003	3223	3	0	24.9207056	36.954	30
11004	3223	3	0	22.0272944	38.611	30
11005	3223	4	0	22.7327056	38.611	32.13122
11006	3223	4	0	24.2152944	40.268	32.13122
11007	3223	3	0	24.9207056	40.268	30
11008	3223	3	0	22.0272944	41.925	30
11009	3223	4	0	22.7327056	41.925	32.13122
11010	3223	4	0	24.2152944	43.582	32.13122
11011	3223	3	0	24.9207056	43.582	30
11012	3223	3	0	22.0272944	45.239	30
11013	3223	4	0	22.7327056	45.239	32.13122
11014	3223	4	0	24.2152944	46.896	32.13122
11015	3223	3	0	24.9207056	46.896	30
11016	3223	3	0	22.0272944	48.553	30
11017	3223	4	0	22.7327056	48.553	32.13122
11018	3223	4	0	24.2152944	50.21	32.13122
11019	3223	3	0	24.9207056	50.21	30
11020	3223	3	0	22.0272944	51.867	30
11021	3223	4	0	22.7327056	51.867	32.13122
11022	3223	4	0	24.2152944	53.524	32.13122
11023	3223	3	0	24.9207056	53.524	30
11024	3223	3	0	22.0272944	55.181	30
11025	3223	4	0	22.7327056	55.181	32.13122
11026	3223	4	0	24.2152944	56.838	32.13122
11027	3223	3	0	24.9207056	56.838	30
11028	3223	3	0	22.0272944	58.495	30
11029	3223	4	0	22.7327056	58.495	32.13122
11030	3223	4	0	24.2152944	60.152	32.13122
11031	3223	3	0	24.9207056	60.152	30
11032	3223	3	0	26.4032944	2.157	30
11033	3223	4	0	27.1087056	2.157	32.13122
11034	3223	4	0	28.5912944	3.814	32.13122
11035	3223	3	0	29.2967056	3.814	30
11036	3223	3	0	26.4032944	5.471	30
11037	3223	4	0	27.1087056	5.471	32.13122
11038	3223	4	0	28.5912944	7.128	32.13122
11039	3223	3	0	29.2967056	7.128	30
11040	3223	3	0	26.4032944	8.785	30
11041	3223	4	0	27.1087056	8.785	32.13122
11042	3223	4	0	28.5912944	10.442	32.13122
11043	3223	3	0	29.2967056	10.442	30
11044	3223	3	0	26.4032944	12.099	30
11045	3223	4	0	27.1087056	12.099	32.13122
11046	3223	4	0	28.5912944	13.756	32.13122
11047	3223	3	0	29.2967056	13.756	30
11048	3223	3	0	26.4032944	15.413	30
11049	3223	4	0	27.1087056	15.413	32.13122
11050	3223	4	0	28.5912944	17.07	32.13122
11051	3223	3	0	29.2967056	17.07	30
11052	3223	3	0	26.4032944	18.727	30
11053	3223	4	0	27.1087056	18.727	32.13122
11054	3223	4	0	28.5912944	20.384	32.13122
11055	3223	3	0	29.2967056	20.384	30
11056	3223	3	0	26.4032944	22.041	30
11057	3223	4	0	27.1087056	22.041	32.13122
11058	3223	4	0	28.5912944	23.698	32.13122
11059	3223	3	0	29.2967056	23.698	30
11060	3223	3	0	26.4032944	25.355	30
11061	3223	4	0	27.1087056	25.355	32.13122
11062	3223	4	0	28.5912944	27.012	32.13122
11063	3223	3	0	29.2967056	27.012	30
11064	3223	3	0	26.4032944	28.669	30
11065	3223	4	0	27.1087056	28.669	32.13122
11066	3223	4	0	28.5912944	30.326	32.13122
11067	3223	3	0	29.2967056	30.326	30
11068	3223	3	0	26.4032944	31.983	30
11069	3223	4	0	27.1087056	31.983	32.13122
11070	3223	4	0	28.5912944	33.64	32.13122
11071	3223	3	0	29.2967056	33.64	30
11072	3223	3	0	26.4032944	35.297	30
11073	3223	4	0	27.1087056	35.297	32.13122
11074	3223	4	0	28.5912944	36.954	32.13122
11075	3223	3	0	29.2967056	36.954	30
11076	3223	3	0	26.4032944	38.611	30
11077	3223	4	0	27.1087056	38.611	32.13122
11078	3223	4	0	28.5912944	40.268	32.13122
11079	3223	3	0	29.2967056	40.268	30
11080	3223	3	0	26.4032944	41.925	30
11081	3223	4	0	27.1087056	41.925	32.13122
11082	3223	4	0	28.5912944	43.582	32.13122
11083	3223	3	0	29.2967056	43.582	30
11084	3223	3	0	26.4032944	45.239	30
11085	3223	4	0	27.1087056	45.239	32.13122
11086	3223	4	0	28.5912944	46.896	32.13122
11087	3223	3	0	29.2967056	46.896	30
11088	3223	3	0	26.4032944	48.553	30
11089	3223	4	0	27.1087056	48.553	32.13122
11090	3223	4	0	28.5912944	50.21	32.13122
11091	3223	3	0	29.2967056	50.21	30
11092	3223	3	0	26.4032944	51.867	30
11093	3223	4	0	27.1087056	51.867	32.13122
11094	3223	4	0	28.5912944	53.524	32.13122
11095	3223	3	0	29.2967056	53.524	30
11096	3223	3	0	26.4032944	55.181	30
11097	3223	4	0	27.1087056	55.181	32.13122
11098	3223	4	0	28.5912944	56.838	32.13122
11099	3223	3	0	29.2967056	56.838	30
11100	3223	3	0	26.4032944	58.495	30
11101	3223	4	0	27.1087056	58.495	32.13122
11102	3223	4	0	28.5912944	60.152	32.13122
11103	3223	3	0	29.2967056	60.152	30
11104	3223	3	0	30.7792944	2.157	30
11105	3223	4	0	31.4847056	2.157	32.13122
11106	3223	4	0	32.9672944	3.814	32.13122
11107	3223	3	0	33.6727056	3.814	30
11108	3223	3	0	30.7792944	5.471	30
11109	3223	4	0	31.4847056	5.471	32.13122
11110	3223	4	0	32.9672944	7.128	32.13122
11111	3223	3	0	33.6727056	7.128	30
11112	3223	3	0	30.7792944	8.785	30
11113	3223	4	0	31.4847056	8.785	32.13122
11114	3223	4	0	32.9672944	10.442	32.13122
11115	3223	3	0	33.6727056	10.442	30
11116	3223	3	0	30.7792944	12.099	30
11117	3223	4	0	31.4847056	12.099	32.13122
11118	3223	4	0	32.9672944	13.756	32.13122
11119	3223	3	0	33.6727056	13.756	30
11120	3223	3	0	30.7792944	15.413	30
11121	3223	4	0	31.4847056	15.413	32.13122
11122	3223	4	0	32.9672944	17.07	32.13122
11123	3223	3	0	33.6727056	17.07	30
11124	3223	3	0	30.7792944	18.727	30
11125	3223	4	0	31.4847056	18.727	32.13122
11126	3223	4	0	32.9672944	20.384	32.13122
11127	3223	3	0	33.6727056	20.384	30
11128	3223	3	0	30.7792944	22.041	30
11129	3223	4	0	31.4847056	22.041	32.13122
11130	3223	4	0	32.9672944	23.698	32.13122
11131	3223	3	0	33.6727056	23.698	30
11132	3223	3	0	30.7792944	25.355	30
11133	3223	4	0	31.4847056	25.355	32.13122
11134	3223	4	0	32.9672944	27.012	32.13122
11135	3223	3	0	33.6727056	27.012	30
11136	3223	3	0	30.7792944	28.669	30
11137	3223	4	0	31.4847056	28.669	32.13122
11138	3223	4	0	32.9672944	30.326	32.13122
11139	3223	3	0	33.6727056	30.326	30
11140	3223	3	0	30.7792944	31.983	30
11141	3223	4	0	31.4847056	31.983	32.13122
11142	3223	4	0	32.9672944	33.64	32.13122
11143	3223	3	0	33.6727056	33.64	30
11144	3223	3	0	30.7792944	35.297	30
11145	3223	4	0	31.4847056	35.297	32.13122
11146	3223	4	0	32.9672944	36.954	32.13122
11147	3223	3	0	33.6727056	36.954	30
11148	3223	3	0	30.7792944	38.611	30
11149	3223	4	0	31.4847056	38.611	32.13122
11150	3223	4	0	32.9672944	40.268	32.13122
11151	3223	3	0	33.6727056	40.268	30
11152	3223	3	0	30.7792944	41.925	30
11153	3223	4	0	31.4847056	41.925	32.13122
11154	3223	4	0	32.9672944	43.582	32.13122
11155	3223	3	0	33.6727056	43.582	30
11156	3223	3	0	30.7792944	45.239	30
11157	3223	4	0	31.4847056	45.239	32.13122
11158	3223	4	0	32.9672944	46.896	32.13122
11159	3223	3	0	33.6727056	46.896	30
11160	3223	3	0	30.7792944	48.553	30
11161	3223	4	0	31.4847056	48.553	32.13122
11162	3223	4	0	32.9672944	50.21	32.13122
11163	3223	3	0	33.6727056	50.21	30
11164	3223	3	0	30.7792944	51.867	30
11165	3223	4	0	31.4847056	51.867	32.13122
11166	3223	4	0	32.9672944	53.524	32.13122
11167	3223	3	0	33.6727056	53.524	30
11168	3223	3	0	30.7792944	55.181	30
11169	3223	4	0	31.4847056	55.181	32.13122
11170	3223	4	0	32.9672944	56.838	32.13122
11171	3223	3	0	33.6727056	56.838	30
11172	3223	3	0	30.7792944	58.495	30
11173	3223	4	0	31.4847056	58.495	32.13122
11174	3223	4	0	32.9672944	60.152	32.13122
11175	3223	3	0	33.6727056	60.152	30
11176	3223	3	0	35.1552944	2.157	30
11177	3223	4	0	35.8607056	2.157	32.13122
11178	3223	4	0	37.3432944	3.814	32.13122
11179	3223	3	0	38.0487056	3.814	30
11180	3223	3	0	35.1552944	5.471	30
11181	3223	4	0	35.8607056	5.471	32.13122
11182	3223	4	0	37.3432944	7.128	32.13122
11183	3223	3	0	38.0487056	7.128	30
11184	3223	3	0	35.1552944	8.785	30
11185	3223	4	0	35.8607056	8.785	32.13122
11186	3223	4	0	37.3432944	10.442	32.13122
11187	3223	3	0	38.0487056	10.442	30
11188	3223	3	0	35.1552944	12.099	30
11189	3223	4	0	35.8607056	12.099	32.13122
11190	3223	4	0	37.3432944	13.756	32.13122
11191	3223	3	0	38.0487056	13.756	30
11192	3223	3	0	35.1552944	15.413	30
11193	3223	4	0	35.8607056	15.413	32.13122
11194	3223	4	0	37.3432944	17.07	32.13122
11195	3223	3	0	38.0487056	17.07	30
11196	3223	3	0	35.1552944	18.727	30
11197	3223	4	0	35.8607056	18.727	32.13122
11198	3223	4	0	37.3432944	20.384	32.13122
11199	3223	3	0	38.0487056	20.384	30
11200	3223	3	0	35.1552944	22.041	30
11201	3223	4	0	35.8607056	22.041	32.13122
11202	3223	4	0	37.3432944	23.698	32.13122
11203	3223	3	0	38.0487056	23.698	30
11204	3223	3	0	35.1552944	25.355	30
11205	3223	4	0	35.8607056	25.355	32.13122
11206	3223	4	0	37.3432944	27.012	32.13122
11207	3223	3	0	38.0487056	27.012	30
11208	3223	3	0	35.1552944	28.669	30
11209	3223	4	0	35.8607056	28.669	32.13122
11210	3223	4	0	37.3432944	30.326	32.13122
11211	3223	3	0	38.0487056	30.326	30
11212	3223	3	0	35.1552944	31.983	30
11213	3223	4	0	35.8607056	31.983	32.13122
11214	3223	4	0	37.3432944	33.64	32.13122
11215	3223	3	0	38.0487056	33.64	30
11216	3223	3	0	35.1552944	35.297	30
11217	3223	4	0	35.8607056	35.297	32.13122
11218	3223	4	0	37.3432944	36.954	32.13122
11219	3223	3	0	38.0487056	36.954	30
11220	3223	3	0	35.1552944	38.611	30
11221	3223	4	0	35.8607056	38.611	32.13122
11222	3223	4	0	37.3432944	40.268	32.13122
11223	3223	3	0	38.0487056	40.268	30
11224	3223	3	0	35.1552944	41.925	30
11225	3223	4	0	35.8607056	41.925	32.13122
11226	3223	4	0	37.3432944	43.582	32.13122
11227	3223	3	0	38.0487056	43.582	30
11228	3223	3	0	35.1552944	45.239	30
11229	3223	4	0	35.8607056	45.239	32.13122
11230	3223	4	0	37.3432944	46.896	32.13122
11231	3223	3	0	38.0487056	46.896	30
11232	3223	3	0	35.1552944	48.553	30
11233	3223	4	0	35.8607056	48.553	32.13122
11234	3223	4	0	37.3432944	50.21	32.13122
11235	3223	3	0	38.0487056	50.21	30
11236	3223	3	0	35.1552944	51.867	30
11237	3223	4	0	35.8607056	51.867	32.13122
11238	3223	4	0	37.3432944	53.524	32.13122
11239	3223	3	0	38.0487056	53.524	30
11240	3223	3	0	35.1552944	55.181	30
11241	3223	4	0	35.8607056	55.181	32.13122
11242	3223	4	0	37.3432944	56.838	32.13122
11243	3223	3	0	38.0487056	56.838	30
11244	3223	3	0	35.1552944	58.495	30
11245	3223	4	0	35.8607056	58.495	32.13122
11246	3223	4	0	37.3432944	60.152	32.13122
11247	3223	3	0	38.0487056	60.152	30
11248	3223	3	0	39.5312944	2.157	30
11249	3223	4	0	40.2367056	2.157	32.13122
11250	3223	4	0	41.7192944	3.814	32.13122
11251	3223	3	0	42.4247056	3.814	30
11252	3223	3	0	39.5312944	5.471	30
11253	3223	4	0	40.2367056	5.471	32.13122
11254	3223	4	0	41.7192944	7.128	32.13122
11255	3223	3	0	42.4247056	7.128	30
11256	3223	3	0	39.5312944	8.785	30
11257	3223	4	0	40.2367056	8.785	32.13122
11258	3223	4	0	41.7192944	10.442	32.13122
11259	3223	3	0	42.4247056	10.442	30
11260	3223	3	0	39.5312944	12.099	30
11261	3223	4	0	40.2367056	12.099	32.13122
11262	3223	4	0	41.7192944	13.756	32.13122
11263	3223	3	0	42.4247056	13.756	30
11264	3223	3	0	39.5312944	15.413	30
11265	3223	4	0	40.2367056	15.413	32.13122
11266	3223	4	0	41.7192944	17.07	32.13122
11267	3223	3	0	42.4247056	17.07	30
11268	3223	3	0	39.5312944	18.727	30
11269	3223	4	0	40.2367056	18.727	32.13122
11270	3223	4	0	41.7192944	20.384	32.13122
11271	3223	3	0	42.4247056	20.384	30
11272	3223	3	0	39.5312944	22.041	30
11273	3223	4	0	40.2367056	22.041	32.13122
11274	3223	4	0	41.7192944	23.698	32.13122
11275	3223	3	0	42.4247056	23.698	30
11276	3223	3	0	39.5312944	25.355	30
11277	3223	4	0	40.2367056	25.355	32.13122
11278	3223	4	0	41.7192944	27.012	32.13122
11279	3223	3	0	42.4247056	27.012	30
11280	3223	3	0	39.5312944	28.669	30
11281	3223	4	0	40.2367056	28.669	32.13122
11282	3223	4	0	41.7192944	30.326	32.13122
11283	3223	3	0	42.4247056	30.326	30
11284	3223	3	0	39.5312944	31.983	30
11285	3223	4	0	40.2367056	31.983	32.13122
11286	3223	4	0	41.7192944	33.64	32.13122
11287	3223	3	0	42.4247056	33.64	30
11288	3223	3	0	39.5312944	35.297	30
11289	3223	4	0	40.2367056	35.297	32.13122
11290	3223	4	0	41.7192944	36.954	32.13122
11291	3223	3	0	42.4247056	36.954	30
11292	3223	3	0	39.5312944	38.611	30
11293	3223	4	0	40.2367056	38.611	32.13122
11294	3223	4	0	41.7192944	40.268	32.13122
11295	3223	3	0	42.4247056	40.268	30
11296	3223	3	0	39.5312944	41.925	30
11297	3223	4	0	40.2367056	41.925	32.13122
11298	3223	4	0	41.7192944	43.582	32.13122
11299	3223	3	0	42.4247056	43.582	30
11300	3223	3	0	39.5312944	45.239	30
11301	3223	4	0	40.2367056	45.239	32.13122
11302	3223	4	0	41.7192944	46.896	32.13122
11303	3223	3	0	42.4247056	46.896	30
11304	3223	3	0	39.5312944	48.553	30
11305	3223	4	0	40.2367056	48.553	32.13122
11306	3223	4	0	41.7192944	50.21	32.13122
11307	3223	3	0	42.4247056	50.21	30
11308	3223	3	0	39.5312944	51.867	30
11309	3223	4	0	40.2367056	51.867	32.13122
11310	3223	4	0	41.7192944	53.524	32.13122
11311	3223	3	0	42.4247056	53.524	30
11312	3223	3	0	39.5312944	55.181	30
11313	3223	4	0	40.2367056	55.181	32.13122
11314	3223	4	0	41.7192944	56.838	32.13122
11315	3223	3	0	42.4247056	56.838	30
11316	3223	3	0	39.5312944	58.495	30
11317	3223	4	0	40.2367056	58.495	32.13122
11318	3223	4	0	41.7192944	60.152	32.13122
11319	3223	3	0	42.4247056	60.152	30
11320	3223	3	0	43.9072944	2.157	30
11321	3223	4	0	44.6127056	2.157	32.13122
11322	3223	4	0	46.0952944	3.814	32.13122
11323	3223	3	0	46.8007056	3.814	30
11324	3223	3	0	43.9072944	5.471	30
11325	3223	4	0	44.6127056	5.471	32.13122
11326	3223	4	0	46.0952944	7.128	32.13122
11327	3223	3	0	46.8007056	7.128	30
11328	3223	3	0	43.9072944	8.785	30
11329	3223	4	0	44.6127056	8.785	32.13122
11330	3223	4	0	46.0952944	10.442	32.13122
11331	3223	3	0	46.8007056	10.442	30
11332	3223	3	0	43.9072944	12.099	30
11333	3223	4	0	44.6127056	12.099	32.13122
11334	3223	4	0	46.0952944	13.756	32.13122
11335	3223	3	0	46.8007056	13.756	30
11336	3223	3	0	43.9072944	15.413	30
11337	3223	4	0	44.6127056	15.413	32.13122
11338	3223	4	0	46.0952944	17.07	32.13122
11339	3223	3	0	46.8007056	17.07	30
11340	3223	3	0	43.9072944	18.727	30
11341	3223	4	0	44.6127056	18.727	32.13122
11342	3223	4	0	46.0952944	20.384	32.13122
11343	3223	3	0	46.8007056	20.384	30
11344	3223	3	0	43.9072944	22.041	30
11345	3223	4	0	44.6127056	22.041	32.13122
11346	3223	4	0	46.0952944	23.698	32.13122
11347	3223	3	0	46.8007056	23.698	30
11348	3223	3	0	43.9072944	25.355	30
11349	3223	4	0	44.6127056	25.355	32.13122
11350	3223	4	0	46.0952944	27.012	32.13122
11351	3223	3	0	46.8007056	27.012	30
11352	3223	3	0	43.9072944	28.669	30
11353	3223	4	0	44.6127056	28.669	32.13122
11354	3223	4	0	46.0952944	30.326	32.13122
11355	3223	3	0	46.8007056	30.326	30
11356	3223	3	0	43.9072944	31.983	30
11357	3223	4	0	44.6127056	31.983	32.13122
11358	3223	4	0	46.0952944	33.64	32.13122
11359	3223	3	0	46.8007056	33.64	30
11360	3223	3	0	43.9072944	35.297	30
11361	3223	4	0	44.6127056	35.297	32.13122
11362	3223	4	0	46.0952944	36.954	32.13122
11363	3223	3	0	46.8007056	36.954	30
11364	3223	3	0	43.9072944	38.611	30
11365	3223	4	0	44.6127056	38.611	32.13122
11366	3223	4	0	46.0952944	40.268	32.13122
11367	3223	3	0	46.8007056	40.268	30
11368	3223	3	0	43.9072944	41.925	30
11369	3223	4	0	44.6127056	41.925	32.13122
11370	3223	4	0	46.0952944	43.582	32.13122
11371	3223	3	0	46.8007056	43.582	30
11372	3223	3	0	43.9072944	45.239	30
11373	3223	4	0	44.6127056	45.239	32.13122
11374	3223	4	0	46.0952944	46.896	32.13122
11375	3223	3	0	46.8007056	46.896	30
11376	3223	3	0	43.9072944	48.553	30
11377	3223	4	0	44.6127056	48.553	32.13122
11378	3223	4	0	46.0952944	50.21	32.13122
11379	3223	3	0	46.8007056	50.21	30
11380	3223	3	0	43.9072944	51.867	30
11381	3223	4	0	44.6127056	51.867	32.13122
11382	3223	4	0	46.0952944	53.524	32.13122
11383	3223	3	0	46.8007056	53.524	30
11384	3223	3	0	43.9072944	55.181	30
11385	3223	4	0	44.6127056	55.181	32.13122
11386	3223	4	0	46.0952944	56.838	32.13122
11387	3223	3	0	46.8007056	56.838	30
11388	3223	3	0	43.9072944	58.495	30
11389	3223	4	0	44.6127056	58.495	32.13122
11390	3223	4	0	46.0952944	60.152	32.13122
11391	3223	3	0	46.8007056	60.152	30
11392	3223	3	0	48.2832944	2.157	30
11393	3223	4	0	48.9887056	2.157	32.13122
11394	3223	4	0	50.4712944	3.814	32.13122
11395	3223	3	0	51.1767056	3.814	30
11396	3223	3	0	48.2832944	5.471	30
11397	3223	4	0	48.9887056	5.471	32.13122
11398	3223	4	0	50.4712944	7.128	32.13122
11399	3223	3	0	51.1767056	7.128	30
11400	3223	3	0	48.2832944	8.785	30
11401	3223	4	0	48.9887056	8.785	32.13122
11402	3223	4	0	50.4712944	10.442	32.13122
11403	3223	3	0	51.1767056	10.442	30
11404	3223	3	0	48.2832944	12.099	30
11405	3223	4	0	48.9887056	12.099	32.13122
11406	3223	4	0	50.4712944	13.756	32.13122
11407	3223	3	0	51.1767056	13.756	30
11408	3223	3	0	48.2832944	15.413	30
11409	3223	4	0	48.9887056	15.413	32.13122
11410	3223	4	0	50.4712944	17.07	32.13122
11411	3223	3	0	51.1767056	17.07	30
11412	3223	3	0	48.2832944	18.727	30
11413	3223	4	0	48.9887056	18.727	32.13122
11414	3223	4	0	50.4712944	20.384	32.13122
11415	3223	3	0	51.1767056	20.384	30
11416	3223	3	0	48.2832944	22.041	30
11417	3223	4	0	48.9887056	22.041	32.13122
11418	3223	4	0	50.4712944	23.698	32.13122
11419	3223	3	0	51.1767056	23.698	30
11420	3223	3	0	48.2832944	25.355	30
11421	3223	4	0	48.9887056	25.355	32.13122
11422	3223	4	0	50.4712944	27.012	32.13122
11423	3223	3	0	51.1767056	27.012	30
11424	3223	3	0	48.2832944	28.669	30
11425	3223	4	0	48.9887056	28.669	32.13122
11426	3223	4	0	50.4712944	30.326	32.13122
11427	3223	3	0	51.1767056	30.326	30
11428	3223	3	0	48.2832944	31.983	30
11429	3223	4	0	48.9887056	31.983	32.13122
11430	3223	4	0	50.4712944	33.64	32.13122
11431	3223	3	0	51.1767056	33.64	30
11432	3223	3	0	48.2832944	35.297	30
11433	3223	4	0	48.9887056	35.297	32.13122
11434	3223	4	0	50.4712944	36.954	32.13122
11435	3223	3	0	51.1767056	36.954	30
11436	3223	3	0	48.2832944	38.611	30
11437	3223	4	0	48.9887056	38.611	32.13122
11438	3223	4	0	50.4712944	40.268	32.13122
11439	3223	3	0	51.1767056	40.268	30
11440	3223	3	0	48.2832944	41.925	30
11441	3223	4	0	48.9887056	41.925	32.13122
11442	3223	4	0	50.4712944	43.582	32.13122
11443	3223	3	0	51.1767056	43.582	30
11444	3223	3	0	48.2832944	45.239	30
11445	3223	4	0	48.9887056	45.239	32.13122
11446	3223	4	0	50.4712944	46.896	32.13122
11447	3223	3	0	51.1767056	46.896	30
11448	3223	3	0	48.2832944	48.553	30
11449	3223	4	0	48.9887056	48.553	32.13122
11450	3223	4	0	50.4712944	50.21	32.13122
11451	3223	3	0	51.1767056	50.21	30
11452	3223	3	0	48.2832944	51.867	30
11453	3223	4	0	48.9887056	51.867	32.13122
11454	3223	4	0	50.4712944	53.524	32.13122
11455	3223	3	0	51.1767056	53.524	30
11456	3223	3	0	48.2832944	55.181	30
11457	3223	4	0	48.9887056	55.181	32.13122
11458	3223	4	0	50.4712944	56.838	32.13122
11459	3223	3	0	51.1767056	56.838	30
11460	3223	3	0	48.2832944	58.495	30
11461	3223	4	0	48.9887056	58.495	32.13122
11462	3223	4	0	50.4712944	60.152	32.13122
11463	3223	3	0	51.1767056	60.152	30
11464	3223	3	0	52.6592944	2.157	30
11465	3223	4	0	53.3647056	2.157	32.13122
11466	3223	4	0	54.8472944	3.814	32.13122
11467	3223	3	0	55.5527056	3.814	30
11468	3223	3	0	52.6592944	5.471	30
11469	3223	4	0	53.3647056	5.471	32.13122
11470	3223	4	0	54.8472944	7.128	32.13122
11471	3223	3	0	55.5527056	7.128	30
11472	3223	3	0	52.6592944	8.785	30
11473	3223	4	0	53.3647056	8.785	32.13122
11474	3223	4	0	54.8472944	10.442	32.13122
11475	3223	3	0	55.5527056	10.442	30
11476	3223	3	0	52.6592944	12.099	30
11477	3223	4	0	53.3647056	12.099	32.13122
11478	3223	4	0	54.8472944	13.756	32.13122
11479	3223	3	0	55.5527056	13.756	30
11480	3223	3	0	52.6592944	15.413	30
11481	3223	4	0	53.3647056	15.413	32.13122
11482	3223	4	0	54.8472944	17.07	32.13122
11483	3223	3	0	55.5527056	17.07	30
11484	3223	3	0	52.6592944	18.727	30
11485	3223	4	0	53.3647056	18.727	32.13122
11486	3223	4	0	54.8472944	20.384	32.13122
11487	3223	3	0	55.5527056	20.384	30
11488	3223	3	0	52.6592944	22.041	30
11489	3223	4	0	53.3647056	22.041	32.13122
11490	3223	4	0	54.8472944	23.698	32.13122
11491	3223	3	0	55.5527056	23.698	30
11492	3223	3	0	52.6592944	25.355	30
11493	3223	4	0	53.3647056	25.355	32.13122
11494	3223	4	0	54.8472944	27.012	32.13122
11495	3223	3	0	55.5527056	27.012	30
11496	3223	3	0	52.6592944	28.669	30
11497	3223	4	0	53.3647056	28.669	32.13122
11498	3223	4	0	54.8472944	30.326	32.13122
11499	3223	3	0	55.5527056	30.326	30
11500	3223	3	0	52.6592944	31.983	30
11501	3223	4	0	53.3647056	31.983	32.13122
11502	3223	4	0	54.8472944	33.64	32.13122
11503	3223	3	0	55.5527056	33.64	30
11504	3223	3	0	52.6592944	35.297	30
11505	3223	4	0	53.3647056	35.297	32.13122
11506	3223	4	0	54.8472944	36.954	32.13122
11507	3223	3	0	55.5527056	36.954	30
11508	3223	3	0	52.6592944	38.611	30
11509	3223	4	0	53.3647056	38.611	32.13122
11510	3223	4	0	54.8472944	40.268	32.13122
11511	3223	3	0	55.5527056	40.268	30
11512	3223	3	0	52.6592944	41.925	30
11513	3223	4	0	53.3647056	41.925	32.13122
11514	3223	4	0	54.8472944	43.582	32.13122
11515	3223	3	0	55.5527056	43.582	30
11516	3223	3	0	52.6592944	45.239	30
11517	3223	4	0	53.3647056	45.239	32.13122
11518	3223	4	0	54.8472944	46.896	32.13122
11519	3223	3	0	55.5527056	46.896	30
11520	3223	3	0	52.6592944	48.553	30
11521	3223	4	0	53.3647056	48.553	32.13122
11522	3223	4	0	54.8472944	50.21	32.13122
11523	3223	3	0	55.5527056	50.21	30
11524	3223	3	0	52.6592944	51.867	30
11525	3223	4	0	53.3647056	51.867	32.13122
11526	3223	4	0	54.8472944	53.524	32.13122
11527	3223	3	0	55.5527056	53.524	30
11528	3223	3	0	52.6592944	55.181	30
11529	3223	4	0	53.3647056	55.181	32.13122
11530	3223	4	0	54.8472944	56.838	32.13122
11531	3223	3	0	55.5527056	56.838	30
11532	3223	3	0	52.6592944	58.495	30
11533	3223	4	0	53.3647056	58.495	32.13122
11534	3223	4	0	54.8472944	60.152	32.13122
11535	3223	3	0	55.5527056	60.152	30
