0.000000
0.709000
2.127000
2.836000
0.000000
0.709000
2.127000
2.836000
0.000000
0.709000
2.127000
2.836000
0.000000
0.709000
2.127000
2.836000
0.000000
0.709000
2.127000
2.836000
0.000000
0.709000
2.127000
2.836000
0.000000
0.709000
2.127000
2.836000
0.000000
0.709000
2.127000
2.836000
0.000000
0.709000
2.127000
2.836000
0.000000
0.709000
2.127000
2.836000
0.000000
0.709000
2.127000
2.836000
0.000000
0.709000
2.127000
2.836000
0.000000
0.709000
2.127000
2.836000
0.000000
0.709000
2.127000
2.836000
0.000000
0.709000
2.127000
2.836000
0.000000
0.709000
2.127000
2.836000
0.000000
0.709000
2.127000
2.836000
0.000000
0.709000
2.127000
2.836000
0.000000
0.709000
2.127000
2.836000
0.000000
0.709000
2.127000
2.836000
0.000000
0.709000
2.127000
2.836000
0.000000
0.709000
2.127000
2.836000
0.000000
0.709000
2.127000
2.836000
0.000000
0.709000
2.127000
2.836000
0.000000
0.709000
2.127000
2.836000
4.254000
4.963000
6.381000
7.090000
4.254000
4.963000
6.381000
7.090000
4.254000
4.963000
6.381000
7.090000
4.254000
4.963000
6.381000
7.090000
4.254000
4.963000
6.381000
7.090000
4.254000
4.963000
6.381000
7.090000
4.254000
4.963000
6.381000
7.090000
4.254000
4.963000
6.381000
7.090000
4.254000
4.963000
6.381000
7.090000
4.254000
4.963000
6.381000
7.090000
4.254000
4.963000
6.381000
7.090000
4.254000
4.963000
6.381000
7.090000
4.254000
4.963000
6.381000
7.090000
4.254000
4.963000
6.381000
7.090000
4.254000
4.963000
6.381000
7.090000
4.254000
4.963000
6.381000
7.090000
4.254000
4.963000
6.381000
7.090000
4.254000
4.963000
6.381000
7.090000
4.254000
4.963000
6.381000
7.090000
4.254000
4.963000
6.381000
7.090000
4.254000
4.963000
6.381000
7.090000
4.254000
4.963000
6.381000
7.090000
4.254000
4.963000
6.381000
7.090000
4.254000
4.963000
6.381000
7.090000
4.254000
4.963000
6.381000
7.090000
8.508000
9.217000
10.635000
11.344000
8.508000
9.217000
10.635000
11.344000
8.508000
9.217000
10.635000
11.344000
8.508000
9.217000
10.635000
11.344000
8.508000
9.217000
10.635000
11.344000
8.508000
9.217000
10.635000
11.344000
8.508000
9.217000
10.635000
11.344000
8.508000
9.217000
10.635000
11.344000
8.508000
9.217000
10.635000
11.344000
8.508000
9.217000
10.635000
11.344000
8.508000
9.217000
10.635000
11.344000
8.508000
9.217000
10.635000
11.344000
8.508000
9.217000
10.635000
11.344000
8.508000
9.217000
10.635000
11.344000
8.508000
9.217000
10.635000
11.344000
8.508000
9.217000
10.635000
11.344000
8.508000
9.217000
10.635000
11.344000
8.508000
9.217000
10.635000
11.344000
8.508000
9.217000
10.635000
11.344000
8.508000
9.217000
10.635000
11.344000
8.508000
9.217000
10.635000
11.344000
8.508000
9.217000
10.635000
11.344000
8.508000
9.217000
10.635000
11.344000
8.508000
9.217000
10.635000
11.344000
8.508000
9.217000
10.635000
11.344000
12.762000
13.471000
14.889000
15.598000
12.762000
13.471000
14.889000
15.598000
12.762000
13.471000
14.889000
15.598000
12.762000
13.471000
14.889000
15.598000
12.762000
13.471000
14.889000
15.598000
12.762000
13.471000
14.889000
15.598000
12.762000
13.471000
14.889000
15.598000
12.762000
13.471000
14.889000
15.598000
12.762000
13.471000
14.889000
15.598000
12.762000
13.471000
14.889000
15.598000
12.762000
13.471000
14.889000
15.598000
12.762000
13.471000
14.889000
15.598000
12.762000
13.471000
14.889000
15.598000
12.762000
13.471000
14.889000
15.598000
12.762000
13.471000
14.889000
15.598000
12.762000
13.471000
14.889000
15.598000
12.762000
13.471000
14.889000
15.598000
12.762000
13.471000
14.889000
15.598000
12.762000
13.471000
14.889000
15.598000
12.762000
13.471000
14.889000
15.598000
12.762000
13.471000
14.889000
15.598000
12.762000
13.471000
14.889000
15.598000
12.762000
13.471000
14.889000
15.598000
12.762000
13.471000
14.889000
15.598000
12.762000
13.471000
14.889000
15.598000
17.016001
17.725000
19.143000
19.851999
17.016001
17.725000
19.143000
19.851999
17.016001
17.725000
19.143000
19.851999
17.016001
17.725000
19.143000
19.851999
17.016001
17.725000
19.143000
19.851999
17.016001
17.725000
19.143000
19.851999
17.016001
17.725000
19.143000
19.851999
17.016001
17.725000
19.143000
19.851999
17.016001
17.725000
19.143000
19.851999
17.016001
17.725000
19.143000
19.851999
17.016001
17.725000
19.143000
19.851999
17.016001
17.725000
19.143000
19.851999
17.016001
17.725000
19.143000
19.851999
17.016001
17.725000
19.143000
19.851999
17.016001
17.725000
19.143000
19.851999
17.016001
17.725000
19.143000
19.851999
17.016001
17.725000
19.143000
19.851999
17.016001
17.725000
19.143000
19.851999
17.016001
17.725000
19.143000
19.851999
17.016001
17.725000
19.143000
19.851999
17.016001
17.725000
19.143000
19.851999
17.016001
17.725000
19.143000
19.851999
17.016001
17.725000
19.143000
19.851999
17.016001
17.725000
19.143000
19.851999
17.016001
17.725000
19.143000
19.851999
21.270000
21.979000
23.396999
24.106001
21.270000
21.979000
23.396999
24.106001
21.270000
21.979000
23.396999
24.106001
21.270000
21.979000
23.396999
24.106001
21.270000
21.979000
23.396999
24.106001
21.270000
21.979000
23.396999
24.106001
21.270000
21.979000
23.396999
24.106001
21.270000
21.979000
23.396999
24.106001
21.270000
21.979000
23.396999
24.106001
21.270000
21.979000
23.396999
24.106001
21.270000
21.979000
23.396999
24.106001
21.270000
21.979000
23.396999
24.106001
21.270000
21.979000
23.396999
24.106001
21.270000
21.979000
23.396999
24.106001
21.270000
21.979000
23.396999
24.106001
21.270000
21.979000
23.396999
24.106001
21.270000
21.979000
23.396999
24.106001
21.270000
21.979000
23.396999
24.106001
21.270000
21.979000
23.396999
24.106001
21.270000
21.979000
23.396999
24.106001
21.270000
21.979000
23.396999
24.106001
21.270000
21.979000
23.396999
24.106001
21.270000
21.979000
23.396999
24.106001
21.270000
21.979000
23.396999
24.106001
21.270000
21.979000
23.396999
24.106001
25.524000
26.233000
27.650999
28.360001
25.524000
26.233000
27.650999
28.360001
25.524000
26.233000
27.650999
28.360001
25.524000
26.233000
27.650999
28.360001
25.524000
26.233000
27.650999
28.360001
25.524000
26.233000
27.650999
28.360001
25.524000
26.233000
27.650999
28.360001
25.524000
26.233000
27.650999
28.360001
25.524000
26.233000
27.650999
28.360001
25.524000
26.233000
27.650999
28.360001
25.524000
26.233000
27.650999
28.360001
25.524000
26.233000
27.650999
28.360001
25.524000
26.233000
27.650999
28.360001
25.524000
26.233000
27.650999
28.360001
25.524000
26.233000
27.650999
28.360001
25.524000
26.233000
27.650999
28.360001
25.524000
26.233000
27.650999
28.360001
25.524000
26.233000
27.650999
28.360001
25.524000
26.233000
27.650999
28.360001
25.524000
26.233000
27.650999
28.360001
25.524000
26.233000
27.650999
28.360001
25.524000
26.233000
27.650999
28.360001
25.524000
26.233000
27.650999
28.360001
25.524000
26.233000
27.650999
28.360001
25.524000
26.233000
27.650999
28.360001
29.778000
30.487000
31.905001
32.613998
29.778000
30.487000
31.905001
32.613998
29.778000
30.487000
31.905001
32.613998
29.778000
30.487000
31.905001
32.613998
29.778000
30.487000
31.905001
32.613998
29.778000
30.487000
31.905001
32.613998
29.778000
30.487000
31.905001
32.613998
29.778000
30.487000
31.905001
32.613998
29.778000
30.487000
31.905001
32.613998
29.778000
30.487000
31.905001
32.613998
29.778000
30.487000
31.905001
32.613998
29.778000
30.487000
31.905001
32.613998
29.778000
30.487000
31.905001
32.613998
29.778000
30.487000
31.905001
32.613998
29.778000
30.487000
31.905001
32.613998
29.778000
30.487000
31.905001
32.613998
29.778000
30.487000
31.905001
32.613998
29.778000
30.487000
31.905001
32.613998
29.778000
30.487000
31.905001
32.613998
29.778000
30.487000
31.905001
32.613998
29.778000
30.487000
31.905001
32.613998
29.778000
30.487000
31.905001
32.613998
29.778000
30.487000
31.905001
32.613998
29.778000
30.487000
31.905001
32.613998
29.778000
30.487000
31.905001
32.613998
34.032001
34.741001
36.159000
36.868000
34.032001
34.741001
36.159000
36.868000
34.032001
34.741001
36.159000
36.868000
34.032001
34.741001
36.159000
36.868000
34.032001
34.741001
36.159000
36.868000
34.032001
34.741001
36.159000
36.868000
34.032001
34.741001
36.159000
36.868000
34.032001
34.741001
36.159000
36.868000
34.032001
34.741001
36.159000
36.868000
34.032001
34.741001
36.159000
36.868000
34.032001
34.741001
36.159000
36.868000
34.032001
34.741001
36.159000
36.868000
34.032001
34.741001
36.159000
36.868000
34.032001
34.741001
36.159000
36.868000
34.032001
34.741001
36.159000
36.868000
34.032001
34.741001
36.159000
36.868000
34.032001
34.741001
36.159000
36.868000
34.032001
34.741001
36.159000
36.868000
34.032001
34.741001
36.159000
36.868000
34.032001
34.741001
36.159000
36.868000
34.032001
34.741001
36.159000
36.868000
34.032001
34.741001
36.159000
36.868000
34.032001
34.741001
36.159000
36.868000
34.032001
34.741001
36.159000
36.868000
34.032001
34.741001
36.159000
36.868000
38.285999
38.994999
40.412998
41.122002
38.285999
38.994999
40.412998
41.122002
38.285999
38.994999
40.412998
41.122002
38.285999
38.994999
40.412998
41.122002
38.285999
38.994999
40.412998
41.122002
38.285999
38.994999
40.412998
41.122002
38.285999
38.994999
40.412998
41.122002
38.285999
38.994999
40.412998
41.122002
38.285999
38.994999
40.412998
41.122002
38.285999
38.994999
40.412998
41.122002
38.285999
38.994999
40.412998
41.122002
38.285999
38.994999
40.412998
41.122002
38.285999
38.994999
40.412998
41.122002
38.285999
38.994999
40.412998
41.122002
38.285999
38.994999
40.412998
41.122002
38.285999
38.994999
40.412998
41.122002
38.285999
38.994999
40.412998
41.122002
38.285999
38.994999
40.412998
41.122002
38.285999
38.994999
40.412998
41.122002
38.285999
38.994999
40.412998
41.122002
38.285999
38.994999
40.412998
41.122002
38.285999
38.994999
40.412998
41.122002
38.285999
38.994999
40.412998
41.122002
38.285999
38.994999
40.412998
41.122002
38.285999
38.994999
40.412998
41.122002
42.540001
43.249001
44.667000
45.375999
42.540001
43.249001
44.667000
45.375999
42.540001
43.249001
44.667000
45.375999
42.540001
43.249001
44.667000
45.375999
42.540001
43.249001
44.667000
45.375999
42.540001
43.249001
44.667000
45.375999
42.540001
43.249001
44.667000
45.375999
42.540001
43.249001
44.667000
45.375999
42.540001
43.249001
44.667000
45.375999
42.540001
43.249001
44.667000
45.375999
42.540001
43.249001
44.667000
45.375999
42.540001
43.249001
44.667000
45.375999
42.540001
43.249001
44.667000
45.375999
42.540001
43.249001
44.667000
45.375999
42.540001
43.249001
44.667000
45.375999
42.540001
43.249001
44.667000
45.375999
42.540001
43.249001
44.667000
45.375999
42.540001
43.249001
44.667000
45.375999
42.540001
43.249001
44.667000
45.375999
42.540001
43.249001
44.667000
45.375999
42.540001
43.249001
44.667000
45.375999
42.540001
43.249001
44.667000
45.375999
42.540001
43.249001
44.667000
45.375999
42.540001
43.249001
44.667000
45.375999
42.540001
43.249001
44.667000
45.375999
46.793999
47.502998
48.921001
49.630001
46.793999
47.502998
48.921001
49.630001
46.793999
47.502998
48.921001
49.630001
46.793999
47.502998
48.921001
49.630001
46.793999
47.502998
48.921001
49.630001
46.793999
47.502998
48.921001
49.630001
46.793999
47.502998
48.921001
49.630001
46.793999
47.502998
48.921001
49.630001
46.793999
47.502998
48.921001
49.630001
46.793999
47.502998
48.921001
49.630001
46.793999
47.502998
48.921001
49.630001
46.793999
47.502998
48.921001
49.630001
46.793999
47.502998
48.921001
49.630001
46.793999
47.502998
48.921001
49.630001
46.793999
47.502998
48.921001
49.630001
46.793999
47.502998
48.921001
49.630001
46.793999
47.502998
48.921001
49.630001
46.793999
47.502998
48.921001
49.630001
46.793999
47.502998
48.921001
49.630001
46.793999
47.502998
48.921001
49.630001
46.793999
47.502998
48.921001
49.630001
46.793999
47.502998
48.921001
49.630001
46.793999
47.502998
48.921001
49.630001
46.793999
47.502998
48.921001
49.630001
46.793999
47.502998
48.921001
49.630001
51.048000
51.757000
53.174999
53.883999
51.048000
51.757000
53.174999
53.883999
51.048000
51.757000
53.174999
53.883999
51.048000
51.757000
53.174999
53.883999
51.048000
51.757000
53.174999
53.883999
51.048000
51.757000
53.174999
53.883999
51.048000
51.757000
53.174999
53.883999
51.048000
51.757000
53.174999
53.883999
51.048000
51.757000
53.174999
53.883999
51.048000
51.757000
53.174999
53.883999
51.048000
51.757000
53.174999
53.883999
51.048000
51.757000
53.174999
53.883999
51.048000
51.757000
53.174999
53.883999
51.048000
51.757000
53.174999
53.883999
51.048000
51.757000
53.174999
53.883999
51.048000
51.757000
53.174999
53.883999
51.048000
51.757000
53.174999
53.883999
51.048000
51.757000
53.174999
53.883999
51.048000
51.757000
53.174999
53.883999
51.048000
51.757000
53.174999
53.883999
51.048000
51.757000
53.174999
53.883999
51.048000
51.757000
53.174999
53.883999
51.048000
51.757000
53.174999
53.883999
51.048000
51.757000
53.174999
53.883999
51.048000
51.757000
53.174999
53.883999
55.301998
56.011002
57.429001
58.138000
55.301998
56.011002
57.429001
58.138000
55.301998
56.011002
57.429001
58.138000
55.301998
56.011002
57.429001
58.138000
55.301998
56.011002
57.429001
58.138000
55.301998
56.011002
57.429001
58.138000
55.301998
56.011002
57.429001
58.138000
55.301998
56.011002
57.429001
58.138000
55.301998
56.011002
57.429001
58.138000
55.301998
56.011002
57.429001
58.138000
55.301998
56.011002
57.429001
58.138000
55.301998
56.011002
57.429001
58.138000
55.301998
56.011002
57.429001
58.138000
55.301998
56.011002
57.429001
58.138000
55.301998
56.011002
57.429001
58.138000
55.301998
56.011002
57.429001
58.138000
55.301998
56.011002
57.429001
58.138000
55.301998
56.011002
57.429001
58.138000
55.301998
56.011002
57.429001
58.138000
55.301998
56.011002
57.429001
58.138000
55.301998
56.011002
57.429001
58.138000
55.301998
56.011002
57.429001
58.138000
55.301998
56.011002
57.429001
58.138000
55.301998
56.011002
57.429001
58.138000
55.301998
56.011002
57.429001
58.138000
59.556000
60.264999
61.682999
62.391998
59.556000
60.264999
61.682999
62.391998
59.556000
60.264999
61.682999
62.391998
59.556000
60.264999
61.682999
62.391998
59.556000
60.264999
61.682999
62.391998
59.556000
60.264999
61.682999
62.391998
59.556000
60.264999
61.682999
62.391998
59.556000
60.264999
61.682999
62.391998
59.556000
60.264999
61.682999
62.391998
59.556000
60.264999
61.682999
62.391998
59.556000
60.264999
61.682999
62.391998
59.556000
60.264999
61.682999
62.391998
59.556000
60.264999
61.682999
62.391998
59.556000
60.264999
61.682999
62.391998
59.556000
60.264999
61.682999
62.391998
59.556000
60.264999
61.682999
62.391998
59.556000
60.264999
61.682999
62.391998
59.556000
60.264999
61.682999
62.391998
59.556000
60.264999
61.682999
62.391998
59.556000
60.264999
61.682999
62.391998
59.556000
60.264999
61.682999
62.391998
59.556000
60.264999
61.682999
62.391998
59.556000
60.264999
61.682999
62.391998
59.556000
60.264999
61.682999
62.391998
59.556000
60.264999
61.682999
62.391998
1.418000
2.127000
3.545000
4.254000
1.418000
2.127000
3.545000
4.254000
1.418000
2.127000
3.545000
4.254000
1.418000
2.127000
3.545000
4.254000
1.418000
2.127000
3.545000
4.254000
1.418000
2.127000
3.545000
4.254000
1.418000
2.127000
3.545000
4.254000
1.418000
2.127000
3.545000
4.254000
1.418000
2.127000
3.545000
4.254000
1.418000
2.127000
3.545000
4.254000
1.418000
2.127000
3.545000
4.254000
1.418000
2.127000
3.545000
4.254000
1.418000
2.127000
3.545000
4.254000
1.418000
2.127000
3.545000
4.254000
1.418000
2.127000
3.545000
4.254000
1.418000
2.127000
3.545000
4.254000
1.418000
2.127000
3.545000
4.254000
1.418000
2.127000
3.545000
4.254000
1.418000
2.127000
3.545000
4.254000
1.418000
2.127000
3.545000
4.254000
1.418000
2.127000
3.545000
4.254000
1.418000
2.127000
3.545000
4.254000
1.418000
2.127000
3.545000
4.254000
1.418000
2.127000
3.545000
4.254000
1.418000
2.127000
3.545000
4.254000
5.672000
6.381000
7.799000
8.508000
5.672000
6.381000
7.799000
8.508000
5.672000
6.381000
7.799000
8.508000
5.672000
6.381000
7.799000
8.508000
5.672000
6.381000
7.799000
8.508000
5.672000
6.381000
7.799000
8.508000
5.672000
6.381000
7.799000
8.508000
5.672000
6.381000
7.799000
8.508000
5.672000
6.381000
7.799000
8.508000
5.672000
6.381000
7.799000
8.508000
5.672000
6.381000
7.799000
8.508000
5.672000
6.381000
7.799000
8.508000
5.672000
6.381000
7.799000
8.508000
5.672000
6.381000
7.799000
8.508000
5.672000
6.381000
7.799000
8.508000
5.672000
6.381000
7.799000
8.508000
5.672000
6.381000
7.799000
8.508000
5.672000
6.381000
7.799000
8.508000
5.672000
6.381000
7.799000
8.508000
5.672000
6.381000
7.799000
8.508000
5.672000
6.381000
7.799000
8.508000
5.672000
6.381000
7.799000
8.508000
5.672000
6.381000
7.799000
8.508000
5.672000
6.381000
7.799000
8.508000
5.672000
6.381000
7.799000
8.508000
9.926000
10.635000
12.053000
12.762000
9.926000
10.635000
12.053000
12.762000
9.926000
10.635000
12.053000
12.762000
9.926000
10.635000
12.053000
12.762000
9.926000
10.635000
12.053000
12.762000
9.926000
10.635000
12.053000
12.762000
9.926000
10.635000
12.053000
12.762000
9.926000
10.635000
12.053000
12.762000
9.926000
10.635000
12.053000
12.762000
9.926000
10.635000
12.053000
12.762000
9.926000
10.635000
12.053000
12.762000
9.926000
10.635000
12.053000
12.762000
9.926000
10.635000
12.053000
12.762000
9.926000
10.635000
12.053000
12.762000
9.926000
10.635000
12.053000
12.762000
9.926000
10.635000
12.053000
12.762000
9.926000
10.635000
12.053000
12.762000
9.926000
10.635000
12.053000
12.762000
9.926000
10.635000
12.053000
12.762000
9.926000
10.635000
12.053000
12.762000
9.926000
10.635000
12.053000
12.762000
9.926000
10.635000
12.053000
12.762000
9.926000
10.635000
12.053000
12.762000
9.926000
10.635000
12.053000
12.762000
9.926000
10.635000
12.053000
12.762000
14.180000
14.889000
16.306999
17.016001
14.180000
14.889000
16.306999
17.016001
14.180000
14.889000
16.306999
17.016001
14.180000
14.889000
16.306999
17.016001
14.180000
14.889000
16.306999
17.016001
14.180000
14.889000
16.306999
17.016001
14.180000
14.889000
16.306999
17.016001
14.180000
14.889000
16.306999
17.016001
14.180000
14.889000
16.306999
17.016001
14.180000
14.889000
16.306999
17.016001
14.180000
14.889000
16.306999
17.016001
14.180000
14.889000
16.306999
17.016001
14.180000
14.889000
16.306999
17.016001
14.180000
14.889000
16.306999
17.016001
14.180000
14.889000
16.306999
17.016001
14.180000
14.889000
16.306999
17.016001
14.180000
14.889000
16.306999
17.016001
14.180000
14.889000
16.306999
17.016001
14.180000
14.889000
16.306999
17.016001
14.180000
14.889000
16.306999
17.016001
14.180000
14.889000
16.306999
17.016001
14.180000
14.889000
16.306999
17.016001
14.180000
14.889000
16.306999
17.016001
14.180000
14.889000
16.306999
17.016001
14.180000
14.889000
16.306999
17.016001
18.434000
19.143000
20.561001
21.270000
18.434000
19.143000
20.561001
21.270000
18.434000
19.143000
20.561001
21.270000
18.434000
19.143000
20.561001
21.270000
18.434000
19.143000
20.561001
21.270000
18.434000
19.143000
20.561001
21.270000
18.434000
19.143000
20.561001
21.270000
18.434000
19.143000
20.561001
21.270000
18.434000
19.143000
20.561001
21.270000
18.434000
19.143000
20.561001
21.270000
18.434000
19.143000
20.561001
21.270000
18.434000
19.143000
20.561001
21.270000
18.434000
19.143000
20.561001
21.270000
18.434000
19.143000
20.561001
21.270000
18.434000
19.143000
20.561001
21.270000
18.434000
19.143000
20.561001
21.270000
18.434000
19.143000
20.561001
21.270000
18.434000
19.143000
20.561001
21.270000
18.434000
19.143000
20.561001
21.270000
18.434000
19.143000
20.561001
21.270000
18.434000
19.143000
20.561001
21.270000
18.434000
19.143000
20.561001
21.270000
18.434000
19.143000
20.561001
21.270000
18.434000
19.143000
20.561001
21.270000
18.434000
19.143000
20.561001
21.270000
22.688000
23.396999
24.815001
25.524000
22.688000
23.396999
24.815001
25.524000
22.688000
23.396999
24.815001
25.524000
22.688000
23.396999
24.815001
25.524000
22.688000
23.396999
24.815001
25.524000
22.688000
23.396999
24.815001
25.524000
22.688000
23.396999
24.815001
25.524000
22.688000
23.396999
24.815001
25.524000
22.688000
23.396999
24.815001
25.524000
22.688000
23.396999
24.815001
25.524000
22.688000
23.396999
24.815001
25.524000
22.688000
23.396999
24.815001
25.524000
22.688000
23.396999
24.815001
25.524000
22.688000
23.396999
24.815001
25.524000
22.688000
23.396999
24.815001
25.524000
22.688000
23.396999
24.815001
25.524000
22.688000
23.396999
24.815001
25.524000
22.688000
23.396999
24.815001
25.524000
22.688000
23.396999
24.815001
25.524000
22.688000
23.396999
24.815001
25.524000
22.688000
23.396999
24.815001
25.524000
22.688000
23.396999
24.815001
25.524000
22.688000
23.396999
24.815001
25.524000
22.688000
23.396999
24.815001
25.524000
22.688000
23.396999
24.815001
25.524000
26.941999
27.650999
29.069000
29.778000
26.941999
27.650999
29.069000
29.778000
26.941999
27.650999
29.069000
29.778000
26.941999
27.650999
29.069000
29.778000
26.941999
27.650999
29.069000
29.778000
26.941999
27.650999
29.069000
29.778000
26.941999
27.650999
29.069000
29.778000
26.941999
27.650999
29.069000
29.778000
26.941999
27.650999
29.069000
29.778000
26.941999
27.650999
29.069000
29.778000
26.941999
27.650999
29.069000
29.778000
26.941999
27.650999
29.069000
29.778000
26.941999
27.650999
29.069000
29.778000
26.941999
27.650999
29.069000
29.778000
26.941999
27.650999
29.069000
29.778000
26.941999
27.650999
29.069000
29.778000
26.941999
27.650999
29.069000
29.778000
26.941999
27.650999
29.069000
29.778000
26.941999
27.650999
29.069000
29.778000
26.941999
27.650999
29.069000
29.778000
26.941999
27.650999
29.069000
29.778000
26.941999
27.650999
29.069000
29.778000
26.941999
27.650999
29.069000
29.778000
26.941999
27.650999
29.069000
29.778000
26.941999
27.650999
29.069000
29.778000
31.195999
31.905001
33.323002
34.032001
31.195999
31.905001
33.323002
34.032001
31.195999
31.905001
33.323002
34.032001
31.195999
31.905001
33.323002
34.032001
31.195999
31.905001
33.323002
34.032001
31.195999
31.905001
33.323002
34.032001
31.195999
31.905001
33.323002
34.032001
31.195999
31.905001
33.323002
34.032001
31.195999
31.905001
33.323002
34.032001
31.195999
31.905001
33.323002
34.032001
31.195999
31.905001
33.323002
34.032001
31.195999
31.905001
33.323002
34.032001
31.195999
31.905001
33.323002
34.032001
31.195999
31.905001
33.323002
34.032001
31.195999
31.905001
33.323002
34.032001
31.195999
31.905001
33.323002
34.032001
31.195999
31.905001
33.323002
34.032001
31.195999
31.905001
33.323002
34.032001
31.195999
31.905001
33.323002
34.032001
31.195999
31.905001
33.323002
34.032001
31.195999
31.905001
33.323002
34.032001
31.195999
31.905001
33.323002
34.032001
31.195999
31.905001
33.323002
34.032001
31.195999
31.905001
33.323002
34.032001
31.195999
31.905001
33.323002
34.032001
35.450001
36.159000
37.577000
38.285999
35.450001
36.159000
37.577000
38.285999
35.450001
36.159000
37.577000
38.285999
35.450001
36.159000
37.577000
38.285999
35.450001
36.159000
37.577000
38.285999
35.450001
36.159000
37.577000
38.285999
35.450001
36.159000
37.577000
38.285999
35.450001
36.159000
37.577000
38.285999
35.450001
36.159000
37.577000
38.285999
35.450001
36.159000
37.577000
38.285999
35.450001
36.159000
37.577000
38.285999
35.450001
36.159000
37.577000
38.285999
35.450001
36.159000
37.577000
38.285999
35.450001
36.159000
37.577000
38.285999
35.450001
36.159000
37.577000
38.285999
35.450001
36.159000
37.577000
38.285999
35.450001
36.159000
37.577000
38.285999
35.450001
36.159000
37.577000
38.285999
35.450001
36.159000
37.577000
38.285999
35.450001
36.159000
37.577000
38.285999
35.450001
36.159000
37.577000
38.285999
35.450001
36.159000
37.577000
38.285999
35.450001
36.159000
37.577000
38.285999
35.450001
36.159000
37.577000
38.285999
35.450001
36.159000
37.577000
38.285999
39.703999
40.412998
41.831001
42.540001
39.703999
40.412998
41.831001
42.540001
39.703999
40.412998
41.831001
42.540001
39.703999
40.412998
41.831001
42.540001
39.703999
40.412998
41.831001
42.540001
39.703999
40.412998
41.831001
42.540001
39.703999
40.412998
41.831001
42.540001
39.703999
40.412998
41.831001
42.540001
39.703999
40.412998
41.831001
42.540001
39.703999
40.412998
41.831001
42.540001
39.703999
40.412998
41.831001
42.540001
39.703999
40.412998
41.831001
42.540001
39.703999
40.412998
41.831001
42.540001
39.703999
40.412998
41.831001
42.540001
39.703999
40.412998
41.831001
42.540001
39.703999
40.412998
41.831001
42.540001
39.703999
40.412998
41.831001
42.540001
39.703999
40.412998
41.831001
42.540001
39.703999
40.412998
41.831001
42.540001
39.703999
40.412998
41.831001
42.540001
39.703999
40.412998
41.831001
42.540001
39.703999
40.412998
41.831001
42.540001
39.703999
40.412998
41.831001
42.540001
39.703999
40.412998
41.831001
42.540001
39.703999
40.412998
41.831001
42.540001
43.958000
44.667000
46.084999
46.793999
43.958000
44.667000
46.084999
46.793999
43.958000
44.667000
46.084999
46.793999
43.958000
44.667000
46.084999
46.793999
43.958000
44.667000
46.084999
46.793999
43.958000
44.667000
46.084999
46.793999
43.958000
44.667000
46.084999
46.793999
43.958000
44.667000
46.084999
46.793999
43.958000
44.667000
46.084999
46.793999
43.958000
44.667000
46.084999
46.793999
43.958000
44.667000
46.084999
46.793999
43.958000
44.667000
46.084999
46.793999
43.958000
44.667000
46.084999
46.793999
43.958000
44.667000
46.084999
46.793999
43.958000
44.667000
46.084999
46.793999
43.958000
44.667000
46.084999
46.793999
43.958000
44.667000
46.084999
46.793999
43.958000
44.667000
46.084999
46.793999
43.958000
44.667000
46.084999
46.793999
43.958000
44.667000
46.084999
46.793999
43.958000
44.667000
46.084999
46.793999
43.958000
44.667000
46.084999
46.793999
43.958000
44.667000
46.084999
46.793999
43.958000
44.667000
46.084999
46.793999
43.958000
44.667000
46.084999
46.793999
48.212002
48.921001
50.339001
51.048000
48.212002
48.921001
50.339001
51.048000
48.212002
48.921001
50.339001
51.048000
48.212002
48.921001
50.339001
51.048000
48.212002
48.921001
50.339001
51.048000
48.212002
48.921001
50.339001
51.048000
48.212002
48.921001
50.339001
51.048000
48.212002
48.921001
50.339001
51.048000
48.212002
48.921001
50.339001
51.048000
48.212002
48.921001
50.339001
51.048000
48.212002
48.921001
50.339001
51.048000
48.212002
48.921001
50.339001
51.048000
48.212002
48.921001
50.339001
51.048000
48.212002
48.921001
50.339001
51.048000
48.212002
48.921001
50.339001
51.048000
48.212002
48.921001
50.339001
51.048000
48.212002
48.921001
50.339001
51.048000
48.212002
48.921001
50.339001
51.048000
48.212002
48.921001
50.339001
51.048000
48.212002
48.921001
50.339001
51.048000
48.212002
48.921001
50.339001
51.048000
48.212002
48.921001
50.339001
51.048000
48.212002
48.921001
50.339001
51.048000
48.212002
48.921001
50.339001
51.048000
48.212002
48.921001
50.339001
51.048000
52.466000
53.174999
54.592999
55.301998
52.466000
53.174999
54.592999
55.301998
52.466000
53.174999
54.592999
55.301998
52.466000
53.174999
54.592999
55.301998
52.466000
53.174999
54.592999
55.301998
52.466000
53.174999
54.592999
55.301998
52.466000
53.174999
54.592999
55.301998
52.466000
53.174999
54.592999
55.301998
52.466000
53.174999
54.592999
55.301998
52.466000
53.174999
54.592999
55.301998
52.466000
53.174999
54.592999
55.301998
52.466000
53.174999
54.592999
55.301998
52.466000
53.174999
54.592999
55.301998
52.466000
53.174999
54.592999
55.301998
52.466000
53.174999
54.592999
55.301998
52.466000
53.174999
54.592999
55.301998
52.466000
53.174999
54.592999
55.301998
52.466000
53.174999
54.592999
55.301998
52.466000
53.174999
54.592999
55.301998
52.466000
53.174999
54.592999
55.301998
52.466000
53.174999
54.592999
55.301998
52.466000
53.174999
54.592999
55.301998
52.466000
53.174999
54.592999
55.301998
52.466000
53.174999
54.592999
55.301998
52.466000
53.174999
54.592999
55.301998
56.720001
57.429001
58.847000
59.556000
56.720001
57.429001
58.847000
59.556000
56.720001
57.429001
58.847000
59.556000
56.720001
57.429001
58.847000
59.556000
56.720001
57.429001
58.847000
59.556000
56.720001
57.429001
58.847000
59.556000
56.720001
57.429001
58.847000
59.556000
56.720001
57.429001
58.847000
59.556000
56.720001
57.429001
58.847000
59.556000
56.720001
57.429001
58.847000
59.556000
56.720001
57.429001
58.847000
59.556000
56.720001
57.429001
58.847000
59.556000
56.720001
57.429001
58.847000
59.556000
56.720001
57.429001
58.847000
59.556000
56.720001
57.429001
58.847000
59.556000
56.720001
57.429001
58.847000
59.556000
56.720001
57.429001
58.847000
59.556000
56.720001
57.429001
58.847000
59.556000
56.720001
57.429001
58.847000
59.556000
56.720001
57.429001
58.847000
59.556000
56.720001
57.429001
58.847000
59.556000
56.720001
57.429001
58.847000
59.556000
56.720001
57.429001
58.847000
59.556000
56.720001
57.429001
58.847000
59.556000
56.720001
57.429001
58.847000
59.556000
60.973999
61.682999
63.101002
63.810001
60.973999
61.682999
63.101002
63.810001
60.973999
61.682999
63.101002
63.810001
60.973999
61.682999
63.101002
63.810001
60.973999
61.682999
63.101002
63.810001
60.973999
61.682999
63.101002
63.810001
60.973999
61.682999
63.101002
63.810001
60.973999
61.682999
63.101002
63.810001
60.973999
61.682999
63.101002
63.810001
60.973999
61.682999
63.101002
63.810001
60.973999
61.682999
63.101002
63.810001
60.973999
61.682999
63.101002
63.810001
60.973999
61.682999
63.101002
63.810001
60.973999
61.682999
63.101002
63.810001
60.973999
61.682999
63.101002
63.810001
60.973999
61.682999
63.101002
63.810001
60.973999
61.682999
63.101002
63.810001
60.973999
61.682999
63.101002
63.810001
60.973999
61.682999
63.101002
63.810001
60.973999
61.682999
63.101002
63.810001
60.973999
61.682999
63.101002
63.810001
60.973999
61.682999
63.101002
63.810001
60.973999
61.682999
63.101002
63.810001
60.973999
61.682999
63.101002
63.810001
60.973999
61.682999
63.101002
63.810001
