11131 3711 3 0 0.1472944 2.157 -2.13122
11132 3711 4 0 0.8527056 2.157 0
11133 3711 4 0 2.3352944 3.814 0
11134 3711 3 0 3.0407056 3.814 -2.13122
11135 3711 3 0 0.1472944 5.471 -2.13122
11136 3711 4 0 0.8527056 5.471 0
11137 3711 4 0 2.3352944 7.128 0
11138 3711 3 0 3.0407056 7.128 -2.13122
11139 3711 3 0 0.1472944 8.785 -2.13122
11140 3711 4 0 0.8527056 8.785 0
11141 3711 4 0 2.3352944 10.442 0
11142 3711 3 0 3.0407056 10.442 -2.13122
11143 3711 3 0 0.1472944 12.099 -2.13122
11144 3711 4 0 0.8527056 12.099 0
11145 3711 4 0 2.3352944 13.756 0
11146 3711 3 0 3.0407056 13.756 -2.13122
11147 3711 3 0 0.1472944 15.413 -2.13122
11148 3711 4 0 0.8527056 15.413 0
11149 3711 4 0 2.3352944 17.07 0
11150 3711 3 0 3.0407056 17.07 -2.13122
11151 3711 3 0 0.1472944 18.727 -2.13122
11152 3711 4 0 0.8527056 18.727 0
11153 3711 4 0 2.3352944 20.384 0
11154 3711 3 0 3.0407056 20.384 -2.13122
11155 3711 3 0 0.1472944 22.041 -2.13122
11156 3711 4 0 0.8527056 22.041 0
11157 3711 4 0 2.3352944 23.698 0
11158 3711 3 0 3.0407056 23.698 -2.13122
11159 3711 3 0 0.1472944 25.355 -2.13122
11160 3711 4 0 0.8527056 25.355 0
11161 3711 4 0 2.3352944 27.012 0
11162 3711 3 0 3.0407056 27.012 -2.13122
11163 3711 3 0 0.1472944 28.669 -2.13122
11164 3711 4 0 0.8527056 28.669 0
11165 3711 4 0 2.3352944 30.326 0
11166 3711 3 0 3.0407056 30.326 -2.13122
11167 3711 3 0 0.1472944 31.983 -2.13122
11168 3711 4 0 0.8527056 31.983 0
11169 3711 4 0 2.3352944 33.64 0
11170 3711 3 0 3.0407056 33.64 -2.13122
11171 3711 3 0 0.1472944 35.297 -2.13122
11172 3711 4 0 0.8527056 35.297 0
11173 3711 4 0 2.3352944 36.954 0
11174 3711 3 0 3.0407056 36.954 -2.13122
11175 3711 3 0 0.1472944 38.611 -2.13122
11176 3711 4 0 0.8527056 38.611 0
11177 3711 4 0 2.3352944 40.268 0
11178 3711 3 0 3.0407056 40.268 -2.13122
11179 3711 3 0 0.1472944 41.925 -2.13122
11180 3711 4 0 0.8527056 41.925 0
11181 3711 4 0 2.3352944 43.582 0
11182 3711 3 0 3.0407056 43.582 -2.13122
11183 3711 3 0 0.1472944 45.239 -2.13122
11184 3711 4 0 0.8527056 45.239 0
11185 3711 4 0 2.3352944 46.896 0
11186 3711 3 0 3.0407056 46.896 -2.13122
11187 3711 3 0 0.1472944 48.553 -2.13122
11188 3711 4 0 0.8527056 48.553 0
11189 3711 4 0 2.3352944 50.21 0
11190 3711 3 0 3.0407056 50.21 -2.13122
11191 3711 3 0 0.1472944 51.867 -2.13122
11192 3711 4 0 0.8527056 51.867 0
11193 3711 4 0 2.3352944 53.524 0
11194 3711 3 0 3.0407056 53.524 -2.13122
11195 3711 3 0 0.1472944 55.181 -2.13122
11196 3711 4 0 0.8527056 55.181 0
11197 3711 4 0 2.3352944 56.838 0
11198 3711 3 0 3.0407056 56.838 -2.13122
11199 3711 3 0 0.1472944 58.495 -2.13122
11200 3711 4 0 0.8527056 58.495 0
11201 3711 4 0 2.3352944 60.152 0
11202 3711 3 0 3.0407056 60.152 -2.13122
11203 3711 3 0 4.5232944 2.157 -2.13122
11204 3711 4 0 5.2287056 2.157 0
11205 3711 4 0 6.7112944 3.814 0
11206 3711 3 0 7.4167056 3.814 -2.13122
11207 3711 3 0 4.5232944 5.471 -2.13122
11208 3711 4 0 5.2287056 5.471 0
11209 3711 4 0 6.7112944 7.128 0
11210 3711 3 0 7.4167056 7.128 -2.13122
11211 3711 3 0 4.5232944 8.785 -2.13122
11212 3711 4 0 5.2287056 8.785 0
11213 3711 4 0 6.7112944 10.442 0
11214 3711 3 0 7.4167056 10.442 -2.13122
11215 3711 3 0 4.5232944 12.099 -2.13122
11216 3711 4 0 5.2287056 12.099 0
11217 3711 4 0 6.7112944 13.756 0
11218 3711 3 0 7.4167056 13.756 -2.13122
11219 3711 3 0 4.5232944 15.413 -2.13122
11220 3711 4 0 5.2287056 15.413 0
11221 3711 4 0 6.7112944 17.07 0
11222 3711 3 0 7.4167056 17.07 -2.13122
11223 3711 3 0 4.5232944 18.727 -2.13122
11224 3711 4 0 5.2287056 18.727 0
11225 3711 4 0 6.7112944 20.384 0
11226 3711 3 0 7.4167056 20.384 -2.13122
11227 3711 3 0 4.5232944 22.041 -2.13122
11228 3711 4 0 5.2287056 22.041 0
11229 3711 4 0 6.7112944 23.698 0
11230 3711 3 0 7.4167056 23.698 -2.13122
11231 3711 3 0 4.5232944 25.355 -2.13122
11232 3711 4 0 5.2287056 25.355 0
11233 3711 4 0 6.7112944 27.012 0
11234 3711 3 0 7.4167056 27.012 -2.13122
11235 3711 3 0 4.5232944 28.669 -2.13122
11236 3711 4 0 5.2287056 28.669 0
11237 3711 4 0 6.7112944 30.326 0
11238 3711 3 0 7.4167056 30.326 -2.13122
11239 3711 3 0 4.5232944 31.983 -2.13122
11240 3711 4 0 5.2287056 31.983 0
11241 3711 4 0 6.7112944 33.64 0
11242 3711 3 0 7.4167056 33.64 -2.13122
11243 3711 3 0 4.5232944 35.297 -2.13122
11244 3711 4 0 5.2287056 35.297 0
11245 3711 4 0 6.7112944 36.954 0
11246 3711 3 0 7.4167056 36.954 -2.13122
11247 3711 3 0 4.5232944 38.611 -2.13122
11248 3711 4 0 5.2287056 38.611 0
11249 3711 4 0 6.7112944 40.268 0
11250 3711 3 0 7.4167056 40.268 -2.13122
11251 3711 3 0 4.5232944 41.925 -2.13122
11252 3711 4 0 5.2287056 41.925 0
11253 3711 4 0 6.7112944 43.582 0
11254 3711 3 0 7.4167056 43.582 -2.13122
11255 3711 3 0 4.5232944 45.239 -2.13122
11256 3711 4 0 5.2287056 45.239 0
11257 3711 4 0 6.7112944 46.896 0
11258 3711 3 0 7.4167056 46.896 -2.13122
11259 3711 3 0 4.5232944 48.553 -2.13122
11260 3711 4 0 5.2287056 48.553 0
11261 3711 4 0 6.7112944 50.21 0
11262 3711 3 0 7.4167056 50.21 -2.13122
11263 3711 3 0 4.5232944 51.867 -2.13122
11264 3711 4 0 5.2287056 51.867 0
11265 3711 4 0 6.7112944 53.524 0
11266 3711 3 0 7.4167056 53.524 -2.13122
11267 3711 3 0 4.5232944 55.181 -2.13122
11268 3711 4 0 5.2287056 55.181 0
11269 3711 4 0 6.7112944 56.838 0
11270 3711 3 0 7.4167056 56.838 -2.13122
11271 3711 3 0 4.5232944 58.495 -2.13122
11272 3711 4 0 5.2287056 58.495 0
11273 3711 4 0 6.7112944 60.152 0
11274 3711 3 0 7.4167056 60.152 -2.13122
11275 3711 3 0 8.8992944 2.157 -2.13122
11276 3711 4 0 9.6047056 2.157 0
11277 3711 4 0 11.0872944 3.814 0
11278 3711 3 0 11.7927056 3.814 -2.13122
11279 3711 3 0 8.8992944 5.471 -2.13122
11280 3711 4 0 9.6047056 5.471 0
11281 3711 4 0 11.0872944 7.128 0
11282 3711 3 0 11.7927056 7.128 -2.13122
11283 3711 3 0 8.8992944 8.785 -2.13122
11284 3711 4 0 9.6047056 8.785 0
11285 3711 4 0 11.0872944 10.442 0
11286 3711 3 0 11.7927056 10.442 -2.13122
11287 3711 3 0 8.8992944 12.099 -2.13122
11288 3711 4 0 9.6047056 12.099 0
11289 3711 4 0 11.0872944 13.756 0
11290 3711 3 0 11.7927056 13.756 -2.13122
11291 3711 3 0 8.8992944 15.413 -2.13122
11292 3711 4 0 9.6047056 15.413 0
11293 3711 4 0 11.0872944 17.07 0
11294 3711 3 0 11.7927056 17.07 -2.13122
11295 3711 3 0 8.8992944 18.727 -2.13122
11296 3711 4 0 9.6047056 18.727 0
11297 3711 4 0 11.0872944 20.384 0
11298 3711 3 0 11.7927056 20.384 -2.13122
11299 3711 3 0 8.8992944 22.041 -2.13122
11300 3711 4 0 9.6047056 22.041 0
11301 3711 4 0 11.0872944 23.698 0
11302 3711 3 0 11.7927056 23.698 -2.13122
11303 3711 3 0 8.8992944 25.355 -2.13122
11304 3711 4 0 9.6047056 25.355 0
11305 3711 4 0 11.0872944 27.012 0
11306 3711 3 0 11.7927056 27.012 -2.13122
11307 3711 3 0 8.8992944 28.669 -2.13122
11308 3711 4 0 9.6047056 28.669 0
11309 3711 4 0 11.0872944 30.326 0
11310 3711 3 0 11.7927056 30.326 -2.13122
11311 3711 3 0 8.8992944 31.983 -2.13122
11312 3711 4 0 9.6047056 31.983 0
11313 3711 4 0 11.0872944 33.64 0
11314 3711 3 0 11.7927056 33.64 -2.13122
11315 3711 3 0 8.8992944 35.297 -2.13122
11316 3711 4 0 9.6047056 35.297 0
11317 3711 4 0 11.0872944 36.954 0
11318 3711 3 0 11.7927056 36.954 -2.13122
11319 3711 3 0 8.8992944 38.611 -2.13122
11320 3711 4 0 9.6047056 38.611 0
11321 3711 4 0 11.0872944 40.268 0
11322 3711 3 0 11.7927056 40.268 -2.13122
11323 3711 3 0 8.8992944 41.925 -2.13122
11324 3711 4 0 9.6047056 41.925 0
11325 3711 4 0 11.0872944 43.582 0
11326 3711 3 0 11.7927056 43.582 -2.13122
11327 3711 3 0 8.8992944 45.239 -2.13122
11328 3711 4 0 9.6047056 45.239 0
11329 3711 4 0 11.0872944 46.896 0
11330 3711 3 0 11.7927056 46.896 -2.13122
11331 3711 3 0 8.8992944 48.553 -2.13122
11332 3711 4 0 9.6047056 48.553 0
11333 3711 4 0 11.0872944 50.21 0
11334 3711 3 0 11.7927056 50.21 -2.13122
11335 3711 3 0 8.8992944 51.867 -2.13122
11336 3711 4 0 9.6047056 51.867 0
11337 3711 4 0 11.0872944 53.524 0
11338 3711 3 0 11.7927056 53.524 -2.13122
11339 3711 3 0 8.8992944 55.181 -2.13122
11340 3711 4 0 9.6047056 55.181 0
11341 3711 4 0 11.0872944 56.838 0
11342 3711 3 0 11.7927056 56.838 -2.13122
11343 3711 3 0 8.8992944 58.495 -2.13122
11344 3711 4 0 9.6047056 58.495 0
11345 3711 4 0 11.0872944 60.152 0
11346 3711 3 0 11.7927056 60.152 -2.13122
11347 3711 3 0 13.2752944 2.157 -2.13122
11348 3711 4 0 13.9807056 2.157 0
11349 3711 4 0 15.4632944 3.814 0
11350 3711 3 0 16.1687056 3.814 -2.13122
11351 3711 3 0 13.2752944 5.471 -2.13122
11352 3711 4 0 13.9807056 5.471 0
11353 3711 4 0 15.4632944 7.128 0
11354 3711 3 0 16.1687056 7.128 -2.13122
11355 3711 3 0 13.2752944 8.785 -2.13122
11356 3711 4 0 13.9807056 8.785 0
11357 3711 4 0 15.4632944 10.442 0
11358 3711 3 0 16.1687056 10.442 -2.13122
11359 3711 3 0 13.2752944 12.099 -2.13122
11360 3711 4 0 13.9807056 12.099 0
11361 3711 4 0 15.4632944 13.756 0
11362 3711 3 0 16.1687056 13.756 -2.13122
11363 3711 3 0 13.2752944 15.413 -2.13122
11364 3711 4 0 13.9807056 15.413 0
11365 3711 4 0 15.4632944 17.07 0
11366 3711 3 0 16.1687056 17.07 -2.13122
11367 3711 3 0 13.2752944 18.727 -2.13122
11368 3711 4 0 13.9807056 18.727 0
11369 3711 4 0 15.4632944 20.384 0
11370 3711 3 0 16.1687056 20.384 -2.13122
11371 3711 3 0 13.2752944 22.041 -2.13122
11372 3711 4 0 13.9807056 22.041 0
11373 3711 4 0 15.4632944 23.698 0
11374 3711 3 0 16.1687056 23.698 -2.13122
11375 3711 3 0 13.2752944 25.355 -2.13122
11376 3711 4 0 13.9807056 25.355 0
11377 3711 4 0 15.4632944 27.012 0
11378 3711 3 0 16.1687056 27.012 -2.13122
11379 3711 3 0 13.2752944 28.669 -2.13122
11380 3711 4 0 13.9807056 28.669 0
11381 3711 4 0 15.4632944 30.326 0
11382 3711 3 0 16.1687056 30.326 -2.13122
11383 3711 3 0 13.2752944 31.983 -2.13122
11384 3711 4 0 13.9807056 31.983 0
11385 3711 4 0 15.4632944 33.64 0
11386 3711 3 0 16.1687056 33.64 -2.13122
11387 3711 3 0 13.2752944 35.297 -2.13122
11388 3711 4 0 13.9807056 35.297 0
11389 3711 4 0 15.4632944 36.954 0
11390 3711 3 0 16.1687056 36.954 -2.13122
11391 3711 3 0 13.2752944 38.611 -2.13122
11392 3711 4 0 13.9807056 38.611 0
11393 3711 4 0 15.4632944 40.268 0
11394 3711 3 0 16.1687056 40.268 -2.13122
11395 3711 3 0 13.2752944 41.925 -2.13122
11396 3711 4 0 13.9807056 41.925 0
11397 3711 4 0 15.4632944 43.582 0
11398 3711 3 0 16.1687056 43.582 -2.13122
11399 3711 3 0 13.2752944 45.239 -2.13122
11400 3711 4 0 13.9807056 45.239 0
11401 3711 4 0 15.4632944 46.896 0
11402 3711 3 0 16.1687056 46.896 -2.13122
11403 3711 3 0 13.2752944 48.553 -2.13122
11404 3711 4 0 13.9807056 48.553 0
11405 3711 4 0 15.4632944 50.21 0
11406 3711 3 0 16.1687056 50.21 -2.13122
11407 3711 3 0 13.2752944 51.867 -2.13122
11408 3711 4 0 13.9807056 51.867 0
11409 3711 4 0 15.4632944 53.524 0
11410 3711 3 0 16.1687056 53.524 -2.13122
11411 3711 3 0 13.2752944 55.181 -2.13122
11412 3711 4 0 13.9807056 55.181 0
11413 3711 4 0 15.4632944 56.838 0
11414 3711 3 0 16.1687056 56.838 -2.13122
11415 3711 3 0 13.2752944 58.495 -2.13122
11416 3711 4 0 13.9807056 58.495 0
11417 3711 4 0 15.4632944 60.152 0
11418 3711 3 0 16.1687056 60.152 -2.13122
11419 3711 3 0 17.6512944 2.157 -2.13122
11420 3711 4 0 18.3567056 2.157 0
11421 3711 4 0 19.8392944 3.814 0
11422 3711 3 0 20.5447056 3.814 -2.13122
11423 3711 3 0 17.6512944 5.471 -2.13122
11424 3711 4 0 18.3567056 5.471 0
11425 3711 4 0 19.8392944 7.128 0
11426 3711 3 0 20.5447056 7.128 -2.13122
11427 3711 3 0 17.6512944 8.785 -2.13122
11428 3711 4 0 18.3567056 8.785 0
11429 3711 4 0 19.8392944 10.442 0
11430 3711 3 0 20.5447056 10.442 -2.13122
11431 3711 3 0 17.6512944 12.099 -2.13122
11432 3711 4 0 18.3567056 12.099 0
11433 3711 4 0 19.8392944 13.756 0
11434 3711 3 0 20.5447056 13.756 -2.13122
11435 3711 3 0 17.6512944 15.413 -2.13122
11436 3711 4 0 18.3567056 15.413 0
11437 3711 4 0 19.8392944 17.07 0
11438 3711 3 0 20.5447056 17.07 -2.13122
11439 3711 3 0 17.6512944 18.727 -2.13122
11440 3711 4 0 18.3567056 18.727 0
11441 3711 4 0 19.8392944 20.384 0
11442 3711 3 0 20.5447056 20.384 -2.13122
11443 3711 3 0 17.6512944 22.041 -2.13122
11444 3711 4 0 18.3567056 22.041 0
11445 3711 4 0 19.8392944 23.698 0
11446 3711 3 0 20.5447056 23.698 -2.13122
11447 3711 3 0 17.6512944 25.355 -2.13122
11448 3711 4 0 18.3567056 25.355 0
11449 3711 4 0 19.8392944 27.012 0
11450 3711 3 0 20.5447056 27.012 -2.13122
11451 3711 3 0 17.6512944 28.669 -2.13122
11452 3711 4 0 18.3567056 28.669 0
11453 3711 4 0 19.8392944 30.326 0
11454 3711 3 0 20.5447056 30.326 -2.13122
11455 3711 3 0 17.6512944 31.983 -2.13122
11456 3711 4 0 18.3567056 31.983 0
11457 3711 4 0 19.8392944 33.64 0
11458 3711 3 0 20.5447056 33.64 -2.13122
11459 3711 3 0 17.6512944 35.297 -2.13122
11460 3711 4 0 18.3567056 35.297 0
11461 3711 4 0 19.8392944 36.954 0
11462 3711 3 0 20.5447056 36.954 -2.13122
11463 3711 3 0 17.6512944 38.611 -2.13122
11464 3711 4 0 18.3567056 38.611 0
11465 3711 4 0 19.8392944 40.268 0
11466 3711 3 0 20.5447056 40.268 -2.13122
11467 3711 3 0 17.6512944 41.925 -2.13122
11468 3711 4 0 18.3567056 41.925 0
11469 3711 4 0 19.8392944 43.582 0
11470 3711 3 0 20.5447056 43.582 -2.13122
11471 3711 3 0 17.6512944 45.239 -2.13122
11472 3711 4 0 18.3567056 45.239 0
11473 3711 4 0 19.8392944 46.896 0
11474 3711 3 0 20.5447056 46.896 -2.13122
11475 3711 3 0 17.6512944 48.553 -2.13122
11476 3711 4 0 18.3567056 48.553 0
11477 3711 4 0 19.8392944 50.21 0
11478 3711 3 0 20.5447056 50.21 -2.13122
11479 3711 3 0 17.6512944 51.867 -2.13122
11480 3711 4 0 18.3567056 51.867 0
11481 3711 4 0 19.8392944 53.524 0
11482 3711 3 0 20.5447056 53.524 -2.13122
11483 3711 3 0 17.6512944 55.181 -2.13122
11484 3711 4 0 18.3567056 55.181 0
11485 3711 4 0 19.8392944 56.838 0
11486 3711 3 0 20.5447056 56.838 -2.13122
11487 3711 3 0 17.6512944 58.495 -2.13122
11488 3711 4 0 18.3567056 58.495 0
11489 3711 4 0 19.8392944 60.152 0
11490 3711 3 0 20.5447056 60.152 -2.13122
11491 3711 3 0 22.0272944 2.157 -2.13122
11492 3711 4 0 22.7327056 2.157 0
11493 3711 4 0 24.2152944 3.814 0
11494 3711 3 0 24.9207056 3.814 -2.13122
11495 3711 3 0 22.0272944 5.471 -2.13122
11496 3711 4 0 22.7327056 5.471 0
11497 3711 4 0 24.2152944 7.128 0
11498 3711 3 0 24.9207056 7.128 -2.13122
11499 3711 3 0 22.0272944 8.785 -2.13122
11500 3711 4 0 22.7327056 8.785 0
11501 3711 4 0 24.2152944 10.442 0
11502 3711 3 0 24.9207056 10.442 -2.13122
11503 3711 3 0 22.0272944 12.099 -2.13122
11504 3711 4 0 22.7327056 12.099 0
11505 3711 4 0 24.2152944 13.756 0
11506 3711 3 0 24.9207056 13.756 -2.13122
11507 3711 3 0 22.0272944 15.413 -2.13122
11508 3711 4 0 22.7327056 15.413 0
11509 3711 4 0 24.2152944 17.07 0
11510 3711 3 0 24.9207056 17.07 -2.13122
11511 3711 3 0 22.0272944 18.727 -2.13122
11512 3711 4 0 22.7327056 18.727 0
11513 3711 4 0 24.2152944 20.384 0
11514 3711 3 0 24.9207056 20.384 -2.13122
11515 3711 3 0 22.0272944 22.041 -2.13122
11516 3711 4 0 22.7327056 22.041 0
11517 3711 4 0 24.2152944 23.698 0
11518 3711 3 0 24.9207056 23.698 -2.13122
11519 3711 3 0 22.0272944 25.355 -2.13122
11520 3711 4 0 22.7327056 25.355 0
11521 3711 4 0 24.2152944 27.012 0
11522 3711 3 0 24.9207056 27.012 -2.13122
11523 3711 3 0 22.0272944 28.669 -2.13122
11524 3711 4 0 22.7327056 28.669 0
11525 3711 4 0 24.2152944 30.326 0
11526 3711 3 0 24.9207056 30.326 -2.13122
11527 3711 3 0 22.0272944 31.983 -2.13122
11528 3711 4 0 22.7327056 31.983 0
11529 3711 4 0 24.2152944 33.64 0
11530 3711 3 0 24.9207056 33.64 -2.13122
11531 3711 3 0 22.0272944 35.297 -2.13122
11532 3711 4 0 22.7327056 35.297 0
11533 3711 4 0 24.2152944 36.954 0
11534 3711 3 0 24.9207056 36.954 -2.13122
11535 3711 3 0 22.0272944 38.611 -2.13122
11536 3711 4 0 22.7327056 38.611 0
11537 3711 4 0 24.2152944 40.268 0
11538 3711 3 0 24.9207056 40.268 -2.13122
11539 3711 3 0 22.0272944 41.925 -2.13122
11540 3711 4 0 22.7327056 41.925 0
11541 3711 4 0 24.2152944 43.582 0
11542 3711 3 0 24.9207056 43.582 -2.13122
11543 3711 3 0 22.0272944 45.239 -2.13122
11544 3711 4 0 22.7327056 45.239 0
11545 3711 4 0 24.2152944 46.896 0
11546 3711 3 0 24.9207056 46.896 -2.13122
11547 3711 3 0 22.0272944 48.553 -2.13122
11548 3711 4 0 22.7327056 48.553 0
11549 3711 4 0 24.2152944 50.21 0
11550 3711 3 0 24.9207056 50.21 -2.13122
11551 3711 3 0 22.0272944 51.867 -2.13122
11552 3711 4 0 22.7327056 51.867 0
11553 3711 4 0 24.2152944 53.524 0
11554 3711 3 0 24.9207056 53.524 -2.13122
11555 3711 3 0 22.0272944 55.181 -2.13122
11556 3711 4 0 22.7327056 55.181 0
11557 3711 4 0 24.2152944 56.838 0
11558 3711 3 0 24.9207056 56.838 -2.13122
11559 3711 3 0 22.0272944 58.495 -2.13122
11560 3711 4 0 22.7327056 58.495 0
11561 3711 4 0 24.2152944 60.152 0
11562 3711 3 0 24.9207056 60.152 -2.13122
11563 3711 3 0 26.4032944 2.157 -2.13122
11564 3711 4 0 27.1087056 2.157 0
11565 3711 4 0 28.5912944 3.814 0
11566 3711 3 0 29.2967056 3.814 -2.13122
11567 3711 3 0 26.4032944 5.471 -2.13122
11568 3711 4 0 27.1087056 5.471 0
11569 3711 4 0 28.5912944 7.128 0
11570 3711 3 0 29.2967056 7.128 -2.13122
11571 3711 3 0 26.4032944 8.785 -2.13122
11572 3711 4 0 27.1087056 8.785 0
11573 3711 4 0 28.5912944 10.442 0
11574 3711 3 0 29.2967056 10.442 -2.13122
11575 3711 3 0 26.4032944 12.099 -2.13122
11576 3711 4 0 27.1087056 12.099 0
11577 3711 4 0 28.5912944 13.756 0
11578 3711 3 0 29.2967056 13.756 -2.13122
11579 3711 3 0 26.4032944 15.413 -2.13122
11580 3711 4 0 27.1087056 15.413 0
11581 3711 4 0 28.5912944 17.07 0
11582 3711 3 0 29.2967056 17.07 -2.13122
11583 3711 3 0 26.4032944 18.727 -2.13122
11584 3711 4 0 27.1087056 18.727 0
11585 3711 4 0 28.5912944 20.384 0
11586 3711 3 0 29.2967056 20.384 -2.13122
11587 3711 3 0 26.4032944 22.041 -2.13122
11588 3711 4 0 27.1087056 22.041 0
11589 3711 4 0 28.5912944 23.698 0
11590 3711 3 0 29.2967056 23.698 -2.13122
11591 3711 3 0 26.4032944 25.355 -2.13122
11592 3711 4 0 27.1087056 25.355 0
11593 3711 4 0 28.5912944 27.012 0
11594 3711 3 0 29.2967056 27.012 -2.13122
11595 3711 3 0 26.4032944 28.669 -2.13122
11596 3711 4 0 27.1087056 28.669 0
11597 3711 4 0 28.5912944 30.326 0
11598 3711 3 0 29.2967056 30.326 -2.13122
11599 3711 3 0 26.4032944 31.983 -2.13122
11600 3711 4 0 27.1087056 31.983 0
11601 3711 4 0 28.5912944 33.64 0
11602 3711 3 0 29.2967056 33.64 -2.13122
11603 3711 3 0 26.4032944 35.297 -2.13122
11604 3711 4 0 27.1087056 35.297 0
11605 3711 4 0 28.5912944 36.954 0
11606 3711 3 0 29.2967056 36.954 -2.13122
11607 3711 3 0 26.4032944 38.611 -2.13122
11608 3711 4 0 27.1087056 38.611 0
11609 3711 4 0 28.5912944 40.268 0
11610 3711 3 0 29.2967056 40.268 -2.13122
11611 3711 3 0 26.4032944 41.925 -2.13122
11612 3711 4 0 27.1087056 41.925 0
11613 3711 4 0 28.5912944 43.582 0
11614 3711 3 0 29.2967056 43.582 -2.13122
11615 3711 3 0 26.4032944 45.239 -2.13122
11616 3711 4 0 27.1087056 45.239 0
11617 3711 4 0 28.5912944 46.896 0
11618 3711 3 0 29.2967056 46.896 -2.13122
11619 3711 3 0 26.4032944 48.553 -2.13122
11620 3711 4 0 27.1087056 48.553 0
11621 3711 4 0 28.5912944 50.21 0
11622 3711 3 0 29.2967056 50.21 -2.13122
11623 3711 3 0 26.4032944 51.867 -2.13122
11624 3711 4 0 27.1087056 51.867 0
11625 3711 4 0 28.5912944 53.524 0
11626 3711 3 0 29.2967056 53.524 -2.13122
11627 3711 3 0 26.4032944 55.181 -2.13122
11628 3711 4 0 27.1087056 55.181 0
11629 3711 4 0 28.5912944 56.838 0
11630 3711 3 0 29.2967056 56.838 -2.13122
11631 3711 3 0 26.4032944 58.495 -2.13122
11632 3711 4 0 27.1087056 58.495 0
11633 3711 4 0 28.5912944 60.152 0
11634 3711 3 0 29.2967056 60.152 -2.13122
11635 3711 3 0 30.7792944 2.157 -2.13122
11636 3711 4 0 31.4847056 2.157 0
11637 3711 4 0 32.9672944 3.814 0
11638 3711 3 0 33.6727056 3.814 -2.13122
11639 3711 3 0 30.7792944 5.471 -2.13122
11640 3711 4 0 31.4847056 5.471 0
11641 3711 4 0 32.9672944 7.128 0
11642 3711 3 0 33.6727056 7.128 -2.13122
11643 3711 3 0 30.7792944 8.785 -2.13122
11644 3711 4 0 31.4847056 8.785 0
11645 3711 4 0 32.9672944 10.442 0
11646 3711 3 0 33.6727056 10.442 -2.13122
11647 3711 3 0 30.7792944 12.099 -2.13122
11648 3711 4 0 31.4847056 12.099 0
11649 3711 4 0 32.9672944 13.756 0
11650 3711 3 0 33.6727056 13.756 -2.13122
11651 3711 3 0 30.7792944 15.413 -2.13122
11652 3711 4 0 31.4847056 15.413 0
11653 3711 4 0 32.9672944 17.07 0
11654 3711 3 0 33.6727056 17.07 -2.13122
11655 3711 3 0 30.7792944 18.727 -2.13122
11656 3711 4 0 31.4847056 18.727 0
11657 3711 4 0 32.9672944 20.384 0
11658 3711 3 0 33.6727056 20.384 -2.13122
11659 3711 3 0 30.7792944 22.041 -2.13122
11660 3711 4 0 31.4847056 22.041 0
11661 3711 4 0 32.9672944 23.698 0
11662 3711 3 0 33.6727056 23.698 -2.13122
11663 3711 3 0 30.7792944 25.355 -2.13122
11664 3711 4 0 31.4847056 25.355 0
11665 3711 4 0 32.9672944 27.012 0
11666 3711 3 0 33.6727056 27.012 -2.13122
11667 3711 3 0 30.7792944 28.669 -2.13122
11668 3711 4 0 31.4847056 28.669 0
11669 3711 4 0 32.9672944 30.326 0
11670 3711 3 0 33.6727056 30.326 -2.13122
11671 3711 3 0 30.7792944 31.983 -2.13122
11672 3711 4 0 31.4847056 31.983 0
11673 3711 4 0 32.9672944 33.64 0
11674 3711 3 0 33.6727056 33.64 -2.13122
11675 3711 3 0 30.7792944 35.297 -2.13122
11676 3711 4 0 31.4847056 35.297 0
11677 3711 4 0 32.9672944 36.954 0
11678 3711 3 0 33.6727056 36.954 -2.13122
11679 3711 3 0 30.7792944 38.611 -2.13122
11680 3711 4 0 31.4847056 38.611 0
11681 3711 4 0 32.9672944 40.268 0
11682 3711 3 0 33.6727056 40.268 -2.13122
11683 3711 3 0 30.7792944 41.925 -2.13122
11684 3711 4 0 31.4847056 41.925 0
11685 3711 4 0 32.9672944 43.582 0
11686 3711 3 0 33.6727056 43.582 -2.13122
11687 3711 3 0 30.7792944 45.239 -2.13122
11688 3711 4 0 31.4847056 45.239 0
11689 3711 4 0 32.9672944 46.896 0
11690 3711 3 0 33.6727056 46.896 -2.13122
11691 3711 3 0 30.7792944 48.553 -2.13122
11692 3711 4 0 31.4847056 48.553 0
11693 3711 4 0 32.9672944 50.21 0
11694 3711 3 0 33.6727056 50.21 -2.13122
11695 3711 3 0 30.7792944 51.867 -2.13122
11696 3711 4 0 31.4847056 51.867 0
11697 3711 4 0 32.9672944 53.524 0
11698 3711 3 0 33.6727056 53.524 -2.13122
11699 3711 3 0 30.7792944 55.181 -2.13122
11700 3711 4 0 31.4847056 55.181 0
11701 3711 4 0 32.9672944 56.838 0
11702 3711 3 0 33.6727056 56.838 -2.13122
11703 3711 3 0 30.7792944 58.495 -2.13122
11704 3711 4 0 31.4847056 58.495 0
11705 3711 4 0 32.9672944 60.152 0
11706 3711 3 0 33.6727056 60.152 -2.13122
11707 3711 3 0 35.1552944 2.157 -2.13122
11708 3711 4 0 35.8607056 2.157 0
11709 3711 4 0 37.3432944 3.814 0
11710 3711 3 0 38.0487056 3.814 -2.13122
11711 3711 3 0 35.1552944 5.471 -2.13122
11712 3711 4 0 35.8607056 5.471 0
11713 3711 4 0 37.3432944 7.128 0
11714 3711 3 0 38.0487056 7.128 -2.13122
11715 3711 3 0 35.1552944 8.785 -2.13122
11716 3711 4 0 35.8607056 8.785 0
11717 3711 4 0 37.3432944 10.442 0
11718 3711 3 0 38.0487056 10.442 -2.13122
11719 3711 3 0 35.1552944 12.099 -2.13122
11720 3711 4 0 35.8607056 12.099 0
11721 3711 4 0 37.3432944 13.756 0
11722 3711 3 0 38.0487056 13.756 -2.13122
11723 3711 3 0 35.1552944 15.413 -2.13122
11724 3711 4 0 35.8607056 15.413 0
11725 3711 4 0 37.3432944 17.07 0
11726 3711 3 0 38.0487056 17.07 -2.13122
11727 3711 3 0 35.1552944 18.727 -2.13122
11728 3711 4 0 35.8607056 18.727 0
11729 3711 4 0 37.3432944 20.384 0
11730 3711 3 0 38.0487056 20.384 -2.13122
11731 3711 3 0 35.1552944 22.041 -2.13122
11732 3711 4 0 35.8607056 22.041 0
11733 3711 4 0 37.3432944 23.698 0
11734 3711 3 0 38.0487056 23.698 -2.13122
11735 3711 3 0 35.1552944 25.355 -2.13122
11736 3711 4 0 35.8607056 25.355 0
11737 3711 4 0 37.3432944 27.012 0
11738 3711 3 0 38.0487056 27.012 -2.13122
11739 3711 3 0 35.1552944 28.669 -2.13122
11740 3711 4 0 35.8607056 28.669 0
11741 3711 4 0 37.3432944 30.326 0
11742 3711 3 0 38.0487056 30.326 -2.13122
11743 3711 3 0 35.1552944 31.983 -2.13122
11744 3711 4 0 35.8607056 31.983 0
11745 3711 4 0 37.3432944 33.64 0
11746 3711 3 0 38.0487056 33.64 -2.13122
11747 3711 3 0 35.1552944 35.297 -2.13122
11748 3711 4 0 35.8607056 35.297 0
11749 3711 4 0 37.3432944 36.954 0
11750 3711 3 0 38.0487056 36.954 -2.13122
11751 3711 3 0 35.1552944 38.611 -2.13122
11752 3711 4 0 35.8607056 38.611 0
11753 3711 4 0 37.3432944 40.268 0
11754 3711 3 0 38.0487056 40.268 -2.13122
11755 3711 3 0 35.1552944 41.925 -2.13122
11756 3711 4 0 35.8607056 41.925 0
11757 3711 4 0 37.3432944 43.582 0
11758 3711 3 0 38.0487056 43.582 -2.13122
11759 3711 3 0 35.1552944 45.239 -2.13122
11760 3711 4 0 35.8607056 45.239 0
11761 3711 4 0 37.3432944 46.896 0
11762 3711 3 0 38.0487056 46.896 -2.13122
11763 3711 3 0 35.1552944 48.553 -2.13122
11764 3711 4 0 35.8607056 48.553 0
11765 3711 4 0 37.3432944 50.21 0
11766 3711 3 0 38.0487056 50.21 -2.13122
11767 3711 3 0 35.1552944 51.867 -2.13122
11768 3711 4 0 35.8607056 51.867 0
11769 3711 4 0 37.3432944 53.524 0
11770 3711 3 0 38.0487056 53.524 -2.13122
11771 3711 3 0 35.1552944 55.181 -2.13122
11772 3711 4 0 35.8607056 55.181 0
11773 3711 4 0 37.3432944 56.838 0
11774 3711 3 0 38.0487056 56.838 -2.13122
11775 3711 3 0 35.1552944 58.495 -2.13122
11776 3711 4 0 35.8607056 58.495 0
11777 3711 4 0 37.3432944 60.152 0
11778 3711 3 0 38.0487056 60.152 -2.13122
11779 3711 3 0 39.5312944 2.157 -2.13122
11780 3711 4 0 40.2367056 2.157 0
11781 3711 4 0 41.7192944 3.814 0
11782 3711 3 0 42.4247056 3.814 -2.13122
11783 3711 3 0 39.5312944 5.471 -2.13122
11784 3711 4 0 40.2367056 5.471 0
11785 3711 4 0 41.7192944 7.128 0
11786 3711 3 0 42.4247056 7.128 -2.13122
11787 3711 3 0 39.5312944 8.785 -2.13122
11788 3711 4 0 40.2367056 8.785 0
11789 3711 4 0 41.7192944 10.442 0
11790 3711 3 0 42.4247056 10.442 -2.13122
11791 3711 3 0 39.5312944 12.099 -2.13122
11792 3711 4 0 40.2367056 12.099 0
11793 3711 4 0 41.7192944 13.756 0
11794 3711 3 0 42.4247056 13.756 -2.13122
11795 3711 3 0 39.5312944 15.413 -2.13122
11796 3711 4 0 40.2367056 15.413 0
11797 3711 4 0 41.7192944 17.07 0
11798 3711 3 0 42.4247056 17.07 -2.13122
11799 3711 3 0 39.5312944 18.727 -2.13122
11800 3711 4 0 40.2367056 18.727 0
11801 3711 4 0 41.7192944 20.384 0
11802 3711 3 0 42.4247056 20.384 -2.13122
11803 3711 3 0 39.5312944 22.041 -2.13122
11804 3711 4 0 40.2367056 22.041 0
11805 3711 4 0 41.7192944 23.698 0
11806 3711 3 0 42.4247056 23.698 -2.13122
11807 3711 3 0 39.5312944 25.355 -2.13122
11808 3711 4 0 40.2367056 25.355 0
11809 3711 4 0 41.7192944 27.012 0
11810 3711 3 0 42.4247056 27.012 -2.13122
11811 3711 3 0 39.5312944 28.669 -2.13122
11812 3711 4 0 40.2367056 28.669 0
11813 3711 4 0 41.7192944 30.326 0
11814 3711 3 0 42.4247056 30.326 -2.13122
11815 3711 3 0 39.5312944 31.983 -2.13122
11816 3711 4 0 40.2367056 31.983 0
11817 3711 4 0 41.7192944 33.64 0
11818 3711 3 0 42.4247056 33.64 -2.13122
11819 3711 3 0 39.5312944 35.297 -2.13122
11820 3711 4 0 40.2367056 35.297 0
11821 3711 4 0 41.7192944 36.954 0
11822 3711 3 0 42.4247056 36.954 -2.13122
11823 3711 3 0 39.5312944 38.611 -2.13122
11824 3711 4 0 40.2367056 38.611 0
11825 3711 4 0 41.7192944 40.268 0
11826 3711 3 0 42.4247056 40.268 -2.13122
11827 3711 3 0 39.5312944 41.925 -2.13122
11828 3711 4 0 40.2367056 41.925 0
11829 3711 4 0 41.7192944 43.582 0
11830 3711 3 0 42.4247056 43.582 -2.13122
11831 3711 3 0 39.5312944 45.239 -2.13122
11832 3711 4 0 40.2367056 45.239 0
11833 3711 4 0 41.7192944 46.896 0
11834 3711 3 0 42.4247056 46.896 -2.13122
11835 3711 3 0 39.5312944 48.553 -2.13122
11836 3711 4 0 40.2367056 48.553 0
11837 3711 4 0 41.7192944 50.21 0
11838 3711 3 0 42.4247056 50.21 -2.13122
11839 3711 3 0 39.5312944 51.867 -2.13122
11840 3711 4 0 40.2367056 51.867 0
11841 3711 4 0 41.7192944 53.524 0
11842 3711 3 0 42.4247056 53.524 -2.13122
11843 3711 3 0 39.5312944 55.181 -2.13122
11844 3711 4 0 40.2367056 55.181 0
11845 3711 4 0 41.7192944 56.838 0
11846 3711 3 0 42.4247056 56.838 -2.13122
11847 3711 3 0 39.5312944 58.495 -2.13122
11848 3711 4 0 40.2367056 58.495 0
11849 3711 4 0 41.7192944 60.152 0
11850 3711 3 0 42.4247056 60.152 -2.13122
11851 3711 3 0 43.9072944 2.157 -2.13122
11852 3711 4 0 44.6127056 2.157 0
11853 3711 4 0 46.0952944 3.814 0
11854 3711 3 0 46.8007056 3.814 -2.13122
11855 3711 3 0 43.9072944 5.471 -2.13122
11856 3711 4 0 44.6127056 5.471 0
11857 3711 4 0 46.0952944 7.128 0
11858 3711 3 0 46.8007056 7.128 -2.13122
11859 3711 3 0 43.9072944 8.785 -2.13122
11860 3711 4 0 44.6127056 8.785 0
11861 3711 4 0 46.0952944 10.442 0
11862 3711 3 0 46.8007056 10.442 -2.13122
11863 3711 3 0 43.9072944 12.099 -2.13122
11864 3711 4 0 44.6127056 12.099 0
11865 3711 4 0 46.0952944 13.756 0
11866 3711 3 0 46.8007056 13.756 -2.13122
11867 3711 3 0 43.9072944 15.413 -2.13122
11868 3711 4 0 44.6127056 15.413 0
11869 3711 4 0 46.0952944 17.07 0
11870 3711 3 0 46.8007056 17.07 -2.13122
11871 3711 3 0 43.9072944 18.727 -2.13122
11872 3711 4 0 44.6127056 18.727 0
11873 3711 4 0 46.0952944 20.384 0
11874 3711 3 0 46.8007056 20.384 -2.13122
11875 3711 3 0 43.9072944 22.041 -2.13122
11876 3711 4 0 44.6127056 22.041 0
11877 3711 4 0 46.0952944 23.698 0
11878 3711 3 0 46.8007056 23.698 -2.13122
11879 3711 3 0 43.9072944 25.355 -2.13122
11880 3711 4 0 44.6127056 25.355 0
11881 3711 4 0 46.0952944 27.012 0
11882 3711 3 0 46.8007056 27.012 -2.13122
11883 3711 3 0 43.9072944 28.669 -2.13122
11884 3711 4 0 44.6127056 28.669 0
11885 3711 4 0 46.0952944 30.326 0
11886 3711 3 0 46.8007056 30.326 -2.13122
11887 3711 3 0 43.9072944 31.983 -2.13122
11888 3711 4 0 44.6127056 31.983 0
11889 3711 4 0 46.0952944 33.64 0
11890 3711 3 0 46.8007056 33.64 -2.13122
11891 3711 3 0 43.9072944 35.297 -2.13122
11892 3711 4 0 44.6127056 35.297 0
11893 3711 4 0 46.0952944 36.954 0
11894 3711 3 0 46.8007056 36.954 -2.13122
11895 3711 3 0 43.9072944 38.611 -2.13122
11896 3711 4 0 44.6127056 38.611 0
11897 3711 4 0 46.0952944 40.268 0
11898 3711 3 0 46.8007056 40.268 -2.13122
11899 3711 3 0 43.9072944 41.925 -2.13122
11900 3711 4 0 44.6127056 41.925 0
11901 3711 4 0 46.0952944 43.582 0
11902 3711 3 0 46.8007056 43.582 -2.13122
11903 3711 3 0 43.9072944 45.239 -2.13122
11904 3711 4 0 44.6127056 45.239 0
11905 3711 4 0 46.0952944 46.896 0
11906 3711 3 0 46.8007056 46.896 -2.13122
11907 3711 3 0 43.9072944 48.553 -2.13122
11908 3711 4 0 44.6127056 48.553 0
11909 3711 4 0 46.0952944 50.21 0
11910 3711 3 0 46.8007056 50.21 -2.13122
11911 3711 3 0 43.9072944 51.867 -2.13122
11912 3711 4 0 44.6127056 51.867 0
11913 3711 4 0 46.0952944 53.524 0
11914 3711 3 0 46.8007056 53.524 -2.13122
11915 3711 3 0 43.9072944 55.181 -2.13122
11916 3711 4 0 44.6127056 55.181 0
11917 3711 4 0 46.0952944 56.838 0
11918 3711 3 0 46.8007056 56.838 -2.13122
11919 3711 3 0 43.9072944 58.495 -2.13122
11920 3711 4 0 44.6127056 58.495 0
11921 3711 4 0 46.0952944 60.152 0
11922 3711 3 0 46.8007056 60.152 -2.13122
11923 3711 3 0 48.2832944 2.157 -2.13122
11924 3711 4 0 48.9887056 2.157 0
11925 3711 4 0 50.4712944 3.814 0
11926 3711 3 0 51.1767056 3.814 -2.13122
11927 3711 3 0 48.2832944 5.471 -2.13122
11928 3711 4 0 48.9887056 5.471 0
11929 3711 4 0 50.4712944 7.128 0
11930 3711 3 0 51.1767056 7.128 -2.13122
11931 3711 3 0 48.2832944 8.785 -2.13122
11932 3711 4 0 48.9887056 8.785 0
11933 3711 4 0 50.4712944 10.442 0
11934 3711 3 0 51.1767056 10.442 -2.13122
11935 3711 3 0 48.2832944 12.099 -2.13122
11936 3711 4 0 48.9887056 12.099 0
11937 3711 4 0 50.4712944 13.756 0
11938 3711 3 0 51.1767056 13.756 -2.13122
11939 3711 3 0 48.2832944 15.413 -2.13122
11940 3711 4 0 48.9887056 15.413 0
11941 3711 4 0 50.4712944 17.07 0
11942 3711 3 0 51.1767056 17.07 -2.13122
11943 3711 3 0 48.2832944 18.727 -2.13122
11944 3711 4 0 48.9887056 18.727 0
11945 3711 4 0 50.4712944 20.384 0
11946 3711 3 0 51.1767056 20.384 -2.13122
11947 3711 3 0 48.2832944 22.041 -2.13122
11948 3711 4 0 48.9887056 22.041 0
11949 3711 4 0 50.4712944 23.698 0
11950 3711 3 0 51.1767056 23.698 -2.13122
11951 3711 3 0 48.2832944 25.355 -2.13122
11952 3711 4 0 48.9887056 25.355 0
11953 3711 4 0 50.4712944 27.012 0
11954 3711 3 0 51.1767056 27.012 -2.13122
11955 3711 3 0 48.2832944 28.669 -2.13122
11956 3711 4 0 48.9887056 28.669 0
11957 3711 4 0 50.4712944 30.326 0
11958 3711 3 0 51.1767056 30.326 -2.13122
11959 3711 3 0 48.2832944 31.983 -2.13122
11960 3711 4 0 48.9887056 31.983 0
11961 3711 4 0 50.4712944 33.64 0
11962 3711 3 0 51.1767056 33.64 -2.13122
11963 3711 3 0 48.2832944 35.297 -2.13122
11964 3711 4 0 48.9887056 35.297 0
11965 3711 4 0 50.4712944 36.954 0
11966 3711 3 0 51.1767056 36.954 -2.13122
11967 3711 3 0 48.2832944 38.611 -2.13122
11968 3711 4 0 48.9887056 38.611 0
11969 3711 4 0 50.4712944 40.268 0
11970 3711 3 0 51.1767056 40.268 -2.13122
11971 3711 3 0 48.2832944 41.925 -2.13122
11972 3711 4 0 48.9887056 41.925 0
11973 3711 4 0 50.4712944 43.582 0
11974 3711 3 0 51.1767056 43.582 -2.13122
11975 3711 3 0 48.2832944 45.239 -2.13122
11976 3711 4 0 48.9887056 45.239 0
11977 3711 4 0 50.4712944 46.896 0
11978 3711 3 0 51.1767056 46.896 -2.13122
11979 3711 3 0 48.2832944 48.553 -2.13122
11980 3711 4 0 48.9887056 48.553 0
11981 3711 4 0 50.4712944 50.21 0
11982 3711 3 0 51.1767056 50.21 -2.13122
11983 3711 3 0 48.2832944 51.867 -2.13122
11984 3711 4 0 48.9887056 51.867 0
11985 3711 4 0 50.4712944 53.524 0
11986 3711 3 0 51.1767056 53.524 -2.13122
11987 3711 3 0 48.2832944 55.181 -2.13122
11988 3711 4 0 48.9887056 55.181 0
11989 3711 4 0 50.4712944 56.838 0
11990 3711 3 0 51.1767056 56.838 -2.13122
11991 3711 3 0 48.2832944 58.495 -2.13122
11992 3711 4 0 48.9887056 58.495 0
11993 3711 4 0 50.4712944 60.152 0
11994 3711 3 0 51.1767056 60.152 -2.13122
11995 3711 3 0 52.6592944 2.157 -2.13122
11996 3711 4 0 53.3647056 2.157 0
11997 3711 4 0 54.8472944 3.814 0
11998 3711 3 0 55.5527056 3.814 -2.13122
11999 3711 3 0 52.6592944 5.471 -2.13122
12000 3711 4 0 53.3647056 5.471 0
12001 3711 4 0 54.8472944 7.128 0
12002 3711 3 0 55.5527056 7.128 -2.13122
12003 3711 3 0 52.6592944 8.785 -2.13122
12004 3711 4 0 53.3647056 8.785 0
12005 3711 4 0 54.8472944 10.442 0
12006 3711 3 0 55.5527056 10.442 -2.13122
12007 3711 3 0 52.6592944 12.099 -2.13122
12008 3711 4 0 53.3647056 12.099 0
12009 3711 4 0 54.8472944 13.756 0
12010 3711 3 0 55.5527056 13.756 -2.13122
12011 3711 3 0 52.6592944 15.413 -2.13122
12012 3711 4 0 53.3647056 15.413 0
12013 3711 4 0 54.8472944 17.07 0
12014 3711 3 0 55.5527056 17.07 -2.13122
12015 3711 3 0 52.6592944 18.727 -2.13122
12016 3711 4 0 53.3647056 18.727 0
12017 3711 4 0 54.8472944 20.384 0
12018 3711 3 0 55.5527056 20.384 -2.13122
12019 3711 3 0 52.6592944 22.041 -2.13122
12020 3711 4 0 53.3647056 22.041 0
12021 3711 4 0 54.8472944 23.698 0
12022 3711 3 0 55.5527056 23.698 -2.13122
12023 3711 3 0 52.6592944 25.355 -2.13122
12024 3711 4 0 53.3647056 25.355 0
12025 3711 4 0 54.8472944 27.012 0
12026 3711 3 0 55.5527056 27.012 -2.13122
12027 3711 3 0 52.6592944 28.669 -2.13122
12028 3711 4 0 53.3647056 28.669 0
12029 3711 4 0 54.8472944 30.326 0
12030 3711 3 0 55.5527056 30.326 -2.13122
12031 3711 3 0 52.6592944 31.983 -2.13122
12032 3711 4 0 53.3647056 31.983 0
12033 3711 4 0 54.8472944 33.64 0
12034 3711 3 0 55.5527056 33.64 -2.13122
12035 3711 3 0 52.6592944 35.297 -2.13122
12036 3711 4 0 53.3647056 35.297 0
12037 3711 4 0 54.8472944 36.954 0
12038 3711 3 0 55.5527056 36.954 -2.13122
12039 3711 3 0 52.6592944 38.611 -2.13122
12040 3711 4 0 53.3647056 38.611 0
12041 3711 4 0 54.8472944 40.268 0
12042 3711 3 0 55.5527056 40.268 -2.13122
12043 3711 3 0 52.6592944 41.925 -2.13122
12044 3711 4 0 53.3647056 41.925 0
12045 3711 4 0 54.8472944 43.582 0
12046 3711 3 0 55.5527056 43.582 -2.13122
12047 3711 3 0 52.6592944 45.239 -2.13122
12048 3711 4 0 53.3647056 45.239 0
12049 3711 4 0 54.8472944 46.896 0
12050 3711 3 0 55.5527056 46.896 -2.13122
12051 3711 3 0 52.6592944 48.553 -2.13122
12052 3711 4 0 53.3647056 48.553 0
12053 3711 4 0 54.8472944 50.21 0
12054 3711 3 0 55.5527056 50.21 -2.13122
12055 3711 3 0 52.6592944 51.867 -2.13122
12056 3711 4 0 53.3647056 51.867 0
12057 3711 4 0 54.8472944 53.524 0
12058 3711 3 0 55.5527056 53.524 -2.13122
12059 3711 3 0 52.6592944 55.181 -2.13122
12060 3711 4 0 53.3647056 55.181 0
12061 3711 4 0 54.8472944 56.838 0
12062 3711 3 0 55.5527056 56.838 -2.13122
12063 3711 3 0 52.6592944 58.495 -2.13122
12064 3711 4 0 53.3647056 58.495 0
12065 3711 4 0 54.8472944 60.152 0
12066 3711 3 0 55.5527056 60.152 -2.13122
12067 3711 3 0 57.0352944 2.157 -2.13122
12068 3711 4 0 57.7407056 2.157 0
12069 3711 4 0 59.2232944 3.814 0
12070 3711 3 0 59.9287056 3.814 -2.13122
12071 3711 3 0 57.0352944 5.471 -2.13122
12072 3711 4 0 57.7407056 5.471 0
12073 3711 4 0 59.2232944 7.128 0
12074 3711 3 0 59.9287056 7.128 -2.13122
12075 3711 3 0 57.0352944 8.785 -2.13122
12076 3711 4 0 57.7407056 8.785 0
12077 3711 4 0 59.2232944 10.442 0
12078 3711 3 0 59.9287056 10.442 -2.13122
12079 3711 3 0 57.0352944 12.099 -2.13122
12080 3711 4 0 57.7407056 12.099 0
12081 3711 4 0 59.2232944 13.756 0
12082 3711 3 0 59.9287056 13.756 -2.13122
12083 3711 3 0 57.0352944 15.413 -2.13122
12084 3711 4 0 57.7407056 15.413 0
12085 3711 4 0 59.2232944 17.07 0
12086 3711 3 0 59.9287056 17.07 -2.13122
12087 3711 3 0 57.0352944 18.727 -2.13122
12088 3711 4 0 57.7407056 18.727 0
12089 3711 4 0 59.2232944 20.384 0
12090 3711 3 0 59.9287056 20.384 -2.13122
12091 3711 3 0 57.0352944 22.041 -2.13122
12092 3711 4 0 57.7407056 22.041 0
12093 3711 4 0 59.2232944 23.698 0
12094 3711 3 0 59.9287056 23.698 -2.13122
12095 3711 3 0 57.0352944 25.355 -2.13122
12096 3711 4 0 57.7407056 25.355 0
12097 3711 4 0 59.2232944 27.012 0
12098 3711 3 0 59.9287056 27.012 -2.13122
12099 3711 3 0 57.0352944 28.669 -2.13122
12100 3711 4 0 57.7407056 28.669 0
12101 3711 4 0 59.2232944 30.326 0
12102 3711 3 0 59.9287056 30.326 -2.13122
12103 3711 3 0 57.0352944 31.983 -2.13122
12104 3711 4 0 57.7407056 31.983 0
12105 3711 4 0 59.2232944 33.64 0
12106 3711 3 0 59.9287056 33.64 -2.13122
12107 3711 3 0 57.0352944 35.297 -2.13122
12108 3711 4 0 57.7407056 35.297 0
12109 3711 4 0 59.2232944 36.954 0
12110 3711 3 0 59.9287056 36.954 -2.13122
12111 3711 3 0 57.0352944 38.611 -2.13122
12112 3711 4 0 57.7407056 38.611 0
12113 3711 4 0 59.2232944 40.268 0
12114 3711 3 0 59.9287056 40.268 -2.13122
12115 3711 3 0 57.0352944 41.925 -2.13122
12116 3711 4 0 57.7407056 41.925 0
12117 3711 4 0 59.2232944 43.582 0
12118 3711 3 0 59.9287056 43.582 -2.13122
12119 3711 3 0 57.0352944 45.239 -2.13122
12120 3711 4 0 57.7407056 45.239 0
12121 3711 4 0 59.2232944 46.896 0
12122 3711 3 0 59.9287056 46.896 -2.13122
12123 3711 3 0 57.0352944 48.553 -2.13122
12124 3711 4 0 57.7407056 48.553 0
12125 3711 4 0 59.2232944 50.21 0
12126 3711 3 0 59.9287056 50.21 -2.13122
12127 3711 3 0 57.0352944 51.867 -2.13122
12128 3711 4 0 57.7407056 51.867 0
12129 3711 4 0 59.2232944 53.524 0
12130 3711 3 0 59.9287056 53.524 -2.13122
12131 3711 3 0 57.0352944 55.181 -2.13122
12132 3711 4 0 57.7407056 55.181 0
12133 3711 4 0 59.2232944 56.838 0
12134 3711 3 0 59.9287056 56.838 -2.13122
12135 3711 3 0 57.0352944 58.495 -2.13122
12136 3711 4 0 57.7407056 58.495 0
12137 3711 4 0 59.2232944 60.152 0
12138 3711 3 0 59.9287056 60.152 -2.13122
