0.000000
0.690000
2.070000
2.760000
0.000000
0.690000
2.070000
2.760000
0.000000
0.690000
2.070000
2.760000
0.000000
0.690000
2.070000
2.760000
0.000000
0.690000
2.070000
2.760000
0.000000
0.690000
2.070000
2.760000
0.000000
0.690000
2.070000
2.760000
0.000000
0.690000
2.070000
2.760000
0.000000
0.690000
2.070000
2.760000
0.000000
0.690000
2.070000
2.760000
0.000000
0.690000
2.070000
2.760000
0.000000
0.690000
2.070000
2.760000
0.000000
0.690000
2.070000
2.760000
0.000000
0.690000
2.070000
2.760000
0.000000
0.690000
2.070000
2.760000
0.000000
0.690000
2.070000
2.760000
0.000000
0.690000
2.070000
2.760000
0.000000
0.690000
2.070000
2.760000
0.000000
0.690000
2.070000
2.760000
0.000000
0.690000
2.070000
2.760000
0.000000
0.690000
2.070000
2.760000
0.000000
0.690000
2.070000
2.760000
0.000000
0.690000
2.070000
2.760000
0.000000
0.690000
2.070000
2.760000
0.000000
0.690000
2.070000
2.760000
0.000000
0.690000
2.070000
2.760000
4.140000
4.830000
6.210000
6.900000
4.140000
4.830000
6.210000
6.900000
4.140000
4.830000
6.210000
6.900000
4.140000
4.830000
6.210000
6.900000
4.140000
4.830000
6.210000
6.900000
4.140000
4.830000
6.210000
6.900000
4.140000
4.830000
6.210000
6.900000
4.140000
4.830000
6.210000
6.900000
4.140000
4.830000
6.210000
6.900000
4.140000
4.830000
6.210000
6.900000
4.140000
4.830000
6.210000
6.900000
4.140000
4.830000
6.210000
6.900000
4.140000
4.830000
6.210000
6.900000
4.140000
4.830000
6.210000
6.900000
4.140000
4.830000
6.210000
6.900000
4.140000
4.830000
6.210000
6.900000
4.140000
4.830000
6.210000
6.900000
4.140000
4.830000
6.210000
6.900000
4.140000
4.830000
6.210000
6.900000
4.140000
4.830000
6.210000
6.900000
4.140000
4.830000
6.210000
6.900000
4.140000
4.830000
6.210000
6.900000
4.140000
4.830000
6.210000
6.900000
4.140000
4.830000
6.210000
6.900000
4.140000
4.830000
6.210000
6.900000
4.140000
4.830000
6.210000
6.900000
8.280000
8.970000
10.350000
11.040000
8.280000
8.970000
10.350000
11.040000
8.280000
8.970000
10.350000
11.040000
8.280000
8.970000
10.350000
11.040000
8.280000
8.970000
10.350000
11.040000
8.280000
8.970000
10.350000
11.040000
8.280000
8.970000
10.350000
11.040000
8.280000
8.970000
10.350000
11.040000
8.280000
8.970000
10.350000
11.040000
8.280000
8.970000
10.350000
11.040000
8.280000
8.970000
10.350000
11.040000
8.280000
8.970000
10.350000
11.040000
8.280000
8.970000
10.350000
11.040000
8.280000
8.970000
10.350000
11.040000
8.280000
8.970000
10.350000
11.040000
8.280000
8.970000
10.350000
11.040000
8.280000
8.970000
10.350000
11.040000
8.280000
8.970000
10.350000
11.040000
8.280000
8.970000
10.350000
11.040000
8.280000
8.970000
10.350000
11.040000
8.280000
8.970000
10.350000
11.040000
8.280000
8.970000
10.350000
11.040000
8.280000
8.970000
10.350000
11.040000
8.280000
8.970000
10.350000
11.040000
8.280000
8.970000
10.350000
11.040000
8.280000
8.970000
10.350000
11.040000
12.420000
13.110000
14.490000
15.180000
12.420000
13.110000
14.490000
15.180000
12.420000
13.110000
14.490000
15.180000
12.420000
13.110000
14.490000
15.180000
12.420000
13.110000
14.490000
15.180000
12.420000
13.110000
14.490000
15.180000
12.420000
13.110000
14.490000
15.180000
12.420000
13.110000
14.490000
15.180000
12.420000
13.110000
14.490000
15.180000
12.420000
13.110000
14.490000
15.180000
12.420000
13.110000
14.490000
15.180000
12.420000
13.110000
14.490000
15.180000
12.420000
13.110000
14.490000
15.180000
12.420000
13.110000
14.490000
15.180000
12.420000
13.110000
14.490000
15.180000
12.420000
13.110000
14.490000
15.180000
12.420000
13.110000
14.490000
15.180000
12.420000
13.110000
14.490000
15.180000
12.420000
13.110000
14.490000
15.180000
12.420000
13.110000
14.490000
15.180000
12.420000
13.110000
14.490000
15.180000
12.420000
13.110000
14.490000
15.180000
12.420000
13.110000
14.490000
15.180000
12.420000
13.110000
14.490000
15.180000
12.420000
13.110000
14.490000
15.180000
12.420000
13.110000
14.490000
15.180000
16.559999
17.250000
18.629999
19.320000
16.559999
17.250000
18.629999
19.320000
16.559999
17.250000
18.629999
19.320000
16.559999
17.250000
18.629999
19.320000
16.559999
17.250000
18.629999
19.320000
16.559999
17.250000
18.629999
19.320000
16.559999
17.250000
18.629999
19.320000
16.559999
17.250000
18.629999
19.320000
16.559999
17.250000
18.629999
19.320000
16.559999
17.250000
18.629999
19.320000
16.559999
17.250000
18.629999
19.320000
16.559999
17.250000
18.629999
19.320000
16.559999
17.250000
18.629999
19.320000
16.559999
17.250000
18.629999
19.320000
16.559999
17.250000
18.629999
19.320000
16.559999
17.250000
18.629999
19.320000
16.559999
17.250000
18.629999
19.320000
16.559999
17.250000
18.629999
19.320000
16.559999
17.250000
18.629999
19.320000
16.559999
17.250000
18.629999
19.320000
16.559999
17.250000
18.629999
19.320000
16.559999
17.250000
18.629999
19.320000
16.559999
17.250000
18.629999
19.320000
16.559999
17.250000
18.629999
19.320000
16.559999
17.250000
18.629999
19.320000
16.559999
17.250000
18.629999
19.320000
20.700001
21.389999
22.770000
23.459999
20.700001
21.389999
22.770000
23.459999
20.700001
21.389999
22.770000
23.459999
20.700001
21.389999
22.770000
23.459999
20.700001
21.389999
22.770000
23.459999
20.700001
21.389999
22.770000
23.459999
20.700001
21.389999
22.770000
23.459999
20.700001
21.389999
22.770000
23.459999
20.700001
21.389999
22.770000
23.459999
20.700001
21.389999
22.770000
23.459999
20.700001
21.389999
22.770000
23.459999
20.700001
21.389999
22.770000
23.459999
20.700001
21.389999
22.770000
23.459999
20.700001
21.389999
22.770000
23.459999
20.700001
21.389999
22.770000
23.459999
20.700001
21.389999
22.770000
23.459999
20.700001
21.389999
22.770000
23.459999
20.700001
21.389999
22.770000
23.459999
20.700001
21.389999
22.770000
23.459999
20.700001
21.389999
22.770000
23.459999
20.700001
21.389999
22.770000
23.459999
20.700001
21.389999
22.770000
23.459999
20.700001
21.389999
22.770000
23.459999
20.700001
21.389999
22.770000
23.459999
20.700001
21.389999
22.770000
23.459999
20.700001
21.389999
22.770000
23.459999
24.840000
25.530001
26.910000
27.600000
24.840000
25.530001
26.910000
27.600000
24.840000
25.530001
26.910000
27.600000
24.840000
25.530001
26.910000
27.600000
24.840000
25.530001
26.910000
27.600000
24.840000
25.530001
26.910000
27.600000
24.840000
25.530001
26.910000
27.600000
24.840000
25.530001
26.910000
27.600000
24.840000
25.530001
26.910000
27.600000
24.840000
25.530001
26.910000
27.600000
24.840000
25.530001
26.910000
27.600000
24.840000
25.530001
26.910000
27.600000
24.840000
25.530001
26.910000
27.600000
24.840000
25.530001
26.910000
27.600000
24.840000
25.530001
26.910000
27.600000
24.840000
25.530001
26.910000
27.600000
24.840000
25.530001
26.910000
27.600000
24.840000
25.530001
26.910000
27.600000
24.840000
25.530001
26.910000
27.600000
24.840000
25.530001
26.910000
27.600000
24.840000
25.530001
26.910000
27.600000
24.840000
25.530001
26.910000
27.600000
24.840000
25.530001
26.910000
27.600000
24.840000
25.530001
26.910000
27.600000
24.840000
25.530001
26.910000
27.600000
24.840000
25.530001
26.910000
27.600000
28.980000
29.670000
31.049999
31.740000
28.980000
29.670000
31.049999
31.740000
28.980000
29.670000
31.049999
31.740000
28.980000
29.670000
31.049999
31.740000
28.980000
29.670000
31.049999
31.740000
28.980000
29.670000
31.049999
31.740000
28.980000
29.670000
31.049999
31.740000
28.980000
29.670000
31.049999
31.740000
28.980000
29.670000
31.049999
31.740000
28.980000
29.670000
31.049999
31.740000
28.980000
29.670000
31.049999
31.740000
28.980000
29.670000
31.049999
31.740000
28.980000
29.670000
31.049999
31.740000
28.980000
29.670000
31.049999
31.740000
28.980000
29.670000
31.049999
31.740000
28.980000
29.670000
31.049999
31.740000
28.980000
29.670000
31.049999
31.740000
28.980000
29.670000
31.049999
31.740000
28.980000
29.670000
31.049999
31.740000
28.980000
29.670000
31.049999
31.740000
28.980000
29.670000
31.049999
31.740000
28.980000
29.670000
31.049999
31.740000
28.980000
29.670000
31.049999
31.740000
28.980000
29.670000
31.049999
31.740000
28.980000
29.670000
31.049999
31.740000
28.980000
29.670000
31.049999
31.740000
33.119999
33.810001
35.189999
35.880001
33.119999
33.810001
35.189999
35.880001
33.119999
33.810001
35.189999
35.880001
33.119999
33.810001
35.189999
35.880001
33.119999
33.810001
35.189999
35.880001
33.119999
33.810001
35.189999
35.880001
33.119999
33.810001
35.189999
35.880001
33.119999
33.810001
35.189999
35.880001
33.119999
33.810001
35.189999
35.880001
33.119999
33.810001
35.189999
35.880001
33.119999
33.810001
35.189999
35.880001
33.119999
33.810001
35.189999
35.880001
33.119999
33.810001
35.189999
35.880001
33.119999
33.810001
35.189999
35.880001
33.119999
33.810001
35.189999
35.880001
33.119999
33.810001
35.189999
35.880001
33.119999
33.810001
35.189999
35.880001
33.119999
33.810001
35.189999
35.880001
33.119999
33.810001
35.189999
35.880001
33.119999
33.810001
35.189999
35.880001
33.119999
33.810001
35.189999
35.880001
33.119999
33.810001
35.189999
35.880001
33.119999
33.810001
35.189999
35.880001
33.119999
33.810001
35.189999
35.880001
33.119999
33.810001
35.189999
35.880001
33.119999
33.810001
35.189999
35.880001
37.259998
37.950001
39.330002
40.020000
37.259998
37.950001
39.330002
40.020000
37.259998
37.950001
39.330002
40.020000
37.259998
37.950001
39.330002
40.020000
37.259998
37.950001
39.330002
40.020000
37.259998
37.950001
39.330002
40.020000
37.259998
37.950001
39.330002
40.020000
37.259998
37.950001
39.330002
40.020000
37.259998
37.950001
39.330002
40.020000
37.259998
37.950001
39.330002
40.020000
37.259998
37.950001
39.330002
40.020000
37.259998
37.950001
39.330002
40.020000
37.259998
37.950001
39.330002
40.020000
37.259998
37.950001
39.330002
40.020000
37.259998
37.950001
39.330002
40.020000
37.259998
37.950001
39.330002
40.020000
37.259998
37.950001
39.330002
40.020000
37.259998
37.950001
39.330002
40.020000
37.259998
37.950001
39.330002
40.020000
37.259998
37.950001
39.330002
40.020000
37.259998
37.950001
39.330002
40.020000
37.259998
37.950001
39.330002
40.020000
37.259998
37.950001
39.330002
40.020000
37.259998
37.950001
39.330002
40.020000
37.259998
37.950001
39.330002
40.020000
37.259998
37.950001
39.330002
40.020000
41.400002
42.090000
43.470001
44.160000
41.400002
42.090000
43.470001
44.160000
41.400002
42.090000
43.470001
44.160000
41.400002
42.090000
43.470001
44.160000
41.400002
42.090000
43.470001
44.160000
41.400002
42.090000
43.470001
44.160000
41.400002
42.090000
43.470001
44.160000
41.400002
42.090000
43.470001
44.160000
41.400002
42.090000
43.470001
44.160000
41.400002
42.090000
43.470001
44.160000
41.400002
42.090000
43.470001
44.160000
41.400002
42.090000
43.470001
44.160000
41.400002
42.090000
43.470001
44.160000
41.400002
42.090000
43.470001
44.160000
41.400002
42.090000
43.470001
44.160000
41.400002
42.090000
43.470001
44.160000
41.400002
42.090000
43.470001
44.160000
41.400002
42.090000
43.470001
44.160000
41.400002
42.090000
43.470001
44.160000
41.400002
42.090000
43.470001
44.160000
41.400002
42.090000
43.470001
44.160000
41.400002
42.090000
43.470001
44.160000
41.400002
42.090000
43.470001
44.160000
41.400002
42.090000
43.470001
44.160000
41.400002
42.090000
43.470001
44.160000
41.400002
42.090000
43.470001
44.160000
45.540001
46.230000
47.610001
48.299999
45.540001
46.230000
47.610001
48.299999
45.540001
46.230000
47.610001
48.299999
45.540001
46.230000
47.610001
48.299999
45.540001
46.230000
47.610001
48.299999
45.540001
46.230000
47.610001
48.299999
45.540001
46.230000
47.610001
48.299999
45.540001
46.230000
47.610001
48.299999
45.540001
46.230000
47.610001
48.299999
45.540001
46.230000
47.610001
48.299999
45.540001
46.230000
47.610001
48.299999
45.540001
46.230000
47.610001
48.299999
45.540001
46.230000
47.610001
48.299999
45.540001
46.230000
47.610001
48.299999
45.540001
46.230000
47.610001
48.299999
45.540001
46.230000
47.610001
48.299999
45.540001
46.230000
47.610001
48.299999
45.540001
46.230000
47.610001
48.299999
45.540001
46.230000
47.610001
48.299999
45.540001
46.230000
47.610001
48.299999
45.540001
46.230000
47.610001
48.299999
45.540001
46.230000
47.610001
48.299999
45.540001
46.230000
47.610001
48.299999
45.540001
46.230000
47.610001
48.299999
45.540001
46.230000
47.610001
48.299999
45.540001
46.230000
47.610001
48.299999
49.680000
50.369999
51.750000
52.439999
49.680000
50.369999
51.750000
52.439999
49.680000
50.369999
51.750000
52.439999
49.680000
50.369999
51.750000
52.439999
49.680000
50.369999
51.750000
52.439999
49.680000
50.369999
51.750000
52.439999
49.680000
50.369999
51.750000
52.439999
49.680000
50.369999
51.750000
52.439999
49.680000
50.369999
51.750000
52.439999
49.680000
50.369999
51.750000
52.439999
49.680000
50.369999
51.750000
52.439999
49.680000
50.369999
51.750000
52.439999
49.680000
50.369999
51.750000
52.439999
49.680000
50.369999
51.750000
52.439999
49.680000
50.369999
51.750000
52.439999
49.680000
50.369999
51.750000
52.439999
49.680000
50.369999
51.750000
52.439999
49.680000
50.369999
51.750000
52.439999
49.680000
50.369999
51.750000
52.439999
49.680000
50.369999
51.750000
52.439999
49.680000
50.369999
51.750000
52.439999
49.680000
50.369999
51.750000
52.439999
49.680000
50.369999
51.750000
52.439999
49.680000
50.369999
51.750000
52.439999
49.680000
50.369999
51.750000
52.439999
49.680000
50.369999
51.750000
52.439999
53.820000
54.509998
55.889999
56.580002
53.820000
54.509998
55.889999
56.580002
53.820000
54.509998
55.889999
56.580002
53.820000
54.509998
55.889999
56.580002
53.820000
54.509998
55.889999
56.580002
53.820000
54.509998
55.889999
56.580002
53.820000
54.509998
55.889999
56.580002
53.820000
54.509998
55.889999
56.580002
53.820000
54.509998
55.889999
56.580002
53.820000
54.509998
55.889999
56.580002
53.820000
54.509998
55.889999
56.580002
53.820000
54.509998
55.889999
56.580002
53.820000
54.509998
55.889999
56.580002
53.820000
54.509998
55.889999
56.580002
53.820000
54.509998
55.889999
56.580002
53.820000
54.509998
55.889999
56.580002
53.820000
54.509998
55.889999
56.580002
53.820000
54.509998
55.889999
56.580002
53.820000
54.509998
55.889999
56.580002
53.820000
54.509998
55.889999
56.580002
53.820000
54.509998
55.889999
56.580002
53.820000
54.509998
55.889999
56.580002
53.820000
54.509998
55.889999
56.580002
53.820000
54.509998
55.889999
56.580002
53.820000
54.509998
55.889999
56.580002
53.820000
54.509998
55.889999
56.580002
57.959999
58.650002
60.029999
60.720001
57.959999
58.650002
60.029999
60.720001
57.959999
58.650002
60.029999
60.720001
57.959999
58.650002
60.029999
60.720001
57.959999
58.650002
60.029999
60.720001
57.959999
58.650002
60.029999
60.720001
57.959999
58.650002
60.029999
60.720001
57.959999
58.650002
60.029999
60.720001
57.959999
58.650002
60.029999
60.720001
57.959999
58.650002
60.029999
60.720001
57.959999
58.650002
60.029999
60.720001
57.959999
58.650002
60.029999
60.720001
57.959999
58.650002
60.029999
60.720001
57.959999
58.650002
60.029999
60.720001
57.959999
58.650002
60.029999
60.720001
57.959999
58.650002
60.029999
60.720001
57.959999
58.650002
60.029999
60.720001
57.959999
58.650002
60.029999
60.720001
57.959999
58.650002
60.029999
60.720001
57.959999
58.650002
60.029999
60.720001
57.959999
58.650002
60.029999
60.720001
57.959999
58.650002
60.029999
60.720001
57.959999
58.650002
60.029999
60.720001
57.959999
58.650002
60.029999
60.720001
57.959999
58.650002
60.029999
60.720001
57.959999
58.650002
60.029999
60.720001
