2.15700000
2.15700000
3.81400000
3.81400000
5.47100000
5.47100000
7.12800000
7.12800000
8.78500000
8.78500000
10.44200000
10.44200000
12.09900000
12.09900000
13.75600000
13.75600000
15.41300000
15.41300000
17.07000000
17.07000000
18.72700000
18.72700000
20.38400000
20.38400000
22.04100000
22.04100000
23.69800000
23.69800000
25.35500000
25.35500000
27.01200000
27.01200000
28.66900000
28.66900000
30.32600000
30.32600000
31.98300000
31.98300000
33.64000000
33.64000000
35.29700000
35.29700000
36.95400000
36.95400000
38.61100000
38.61100000
40.26800000
40.26800000
41.92500000
41.92500000
43.58200000
43.58200000
45.23900000
45.23900000
46.89600000
46.89600000
48.55300000
48.55300000
50.21000000
50.21000000
51.86700000
51.86700000
53.52400000
53.52400000
55.18100000
55.18100000
56.83800000
56.83800000
58.49500000
58.49500000
60.15200000
60.15200000
2.15700000
2.15700000
3.81400000
3.81400000
5.47100000
5.47100000
7.12800000
7.12800000
8.78500000
8.78500000
10.44200000
10.44200000
12.09900000
12.09900000
13.75600000
13.75600000
15.41300000
15.41300000
17.07000000
17.07000000
18.72700000
18.72700000
20.38400000
20.38400000
22.04100000
22.04100000
23.69800000
23.69800000
25.35500000
25.35500000
27.01200000
27.01200000
28.66900000
28.66900000
30.32600000
30.32600000
31.98300000
31.98300000
33.64000000
33.64000000
35.29700000
35.29700000
36.95400000
36.95400000
38.61100000
38.61100000
40.26800000
40.26800000
41.92500000
41.92500000
43.58200000
43.58200000
45.23900000
45.23900000
46.89600000
46.89600000
48.55300000
48.55300000
50.21000000
50.21000000
51.86700000
51.86700000
53.52400000
53.52400000
55.18100000
55.18100000
56.83800000
56.83800000
58.49500000
58.49500000
60.15200000
60.15200000
2.15700000
2.15700000
3.81400000
3.81400000
5.47100000
5.47100000
7.12800000
7.12800000
8.78500000
8.78500000
10.44200000
10.44200000
12.09900000
12.09900000
13.75600000
13.75600000
15.41300000
15.41300000
17.07000000
17.07000000
18.72700000
18.72700000
20.38400000
20.38400000
22.04100000
22.04100000
23.69800000
23.69800000
25.35500000
25.35500000
27.01200000
27.01200000
28.66900000
28.66900000
30.32600000
30.32600000
31.98300000
31.98300000
33.64000000
33.64000000
35.29700000
35.29700000
36.95400000
36.95400000
38.61100000
38.61100000
40.26800000
40.26800000
41.92500000
41.92500000
43.58200000
43.58200000
45.23900000
45.23900000
46.89600000
46.89600000
48.55300000
48.55300000
50.21000000
50.21000000
51.86700000
51.86700000
53.52400000
53.52400000
55.18100000
55.18100000
56.83800000
56.83800000
58.49500000
58.49500000
60.15200000
60.15200000
2.15700000
2.15700000
3.81400000
3.81400000
5.47100000
5.47100000
7.12800000
7.12800000
8.78500000
8.78500000
10.44200000
10.44200000
12.09900000
12.09900000
13.75600000
13.75600000
15.41300000
15.41300000
17.07000000
17.07000000
18.72700000
18.72700000
20.38400000
20.38400000
22.04100000
22.04100000
23.69800000
23.69800000
25.35500000
25.35500000
27.01200000
27.01200000
28.66900000
28.66900000
30.32600000
30.32600000
31.98300000
31.98300000
33.64000000
33.64000000
35.29700000
35.29700000
36.95400000
36.95400000
38.61100000
38.61100000
40.26800000
40.26800000
41.92500000
41.92500000
43.58200000
43.58200000
45.23900000
45.23900000
46.89600000
46.89600000
48.55300000
48.55300000
50.21000000
50.21000000
51.86700000
51.86700000
53.52400000
53.52400000
55.18100000
55.18100000
56.83800000
56.83800000
58.49500000
58.49500000
60.15200000
60.15200000
2.15700000
2.15700000
3.81400000
3.81400000
5.47100000
5.47100000
7.12800000
7.12800000
8.78500000
8.78500000
10.44200000
10.44200000
12.09900000
12.09900000
13.75600000
13.75600000
15.41300000
15.41300000
17.07000000
17.07000000
18.72700000
18.72700000
20.38400000
20.38400000
22.04100000
22.04100000
23.69800000
23.69800000
25.35500000
25.35500000
27.01200000
27.01200000
28.66900000
28.66900000
30.32600000
30.32600000
31.98300000
31.98300000
33.64000000
33.64000000
35.29700000
35.29700000
36.95400000
36.95400000
38.61100000
38.61100000
40.26800000
40.26800000
41.92500000
41.92500000
43.58200000
43.58200000
45.23900000
45.23900000
46.89600000
46.89600000
48.55300000
48.55300000
50.21000000
50.21000000
51.86700000
51.86700000
53.52400000
53.52400000
55.18100000
55.18100000
56.83800000
56.83800000
58.49500000
58.49500000
60.15200000
60.15200000
2.15700000
2.15700000
3.81400000
3.81400000
5.47100000
5.47100000
7.12800000
7.12800000
8.78500000
8.78500000
10.44200000
10.44200000
12.09900000
12.09900000
13.75600000
13.75600000
15.41300000
15.41300000
17.07000000
17.07000000
18.72700000
18.72700000
20.38400000
20.38400000
22.04100000
22.04100000
23.69800000
23.69800000
25.35500000
25.35500000
27.01200000
27.01200000
28.66900000
28.66900000
30.32600000
30.32600000
31.98300000
31.98300000
33.64000000
33.64000000
35.29700000
35.29700000
36.95400000
36.95400000
38.61100000
38.61100000
40.26800000
40.26800000
41.92500000
41.92500000
43.58200000
43.58200000
45.23900000
45.23900000
46.89600000
46.89600000
48.55300000
48.55300000
50.21000000
50.21000000
51.86700000
51.86700000
53.52400000
53.52400000
55.18100000
55.18100000
56.83800000
56.83800000
58.49500000
58.49500000
60.15200000
60.15200000
2.15700000
2.15700000
3.81400000
3.81400000
5.47100000
5.47100000
7.12800000
7.12800000
8.78500000
8.78500000
10.44200000
10.44200000
12.09900000
12.09900000
13.75600000
13.75600000
15.41300000
15.41300000
17.07000000
17.07000000
18.72700000
18.72700000
20.38400000
20.38400000
22.04100000
22.04100000
23.69800000
23.69800000
25.35500000
25.35500000
27.01200000
27.01200000
28.66900000
28.66900000
30.32600000
30.32600000
31.98300000
31.98300000
33.64000000
33.64000000
35.29700000
35.29700000
36.95400000
36.95400000
38.61100000
38.61100000
40.26800000
40.26800000
41.92500000
41.92500000
43.58200000
43.58200000
45.23900000
45.23900000
46.89600000
46.89600000
48.55300000
48.55300000
50.21000000
50.21000000
51.86700000
51.86700000
53.52400000
53.52400000
55.18100000
55.18100000
56.83800000
56.83800000
58.49500000
58.49500000
60.15200000
60.15200000
2.15700000
2.15700000
3.81400000
3.81400000
5.47100000
5.47100000
7.12800000
7.12800000
8.78500000
8.78500000
10.44200000
10.44200000
12.09900000
12.09900000
13.75600000
13.75600000
15.41300000
15.41300000
17.07000000
17.07000000
18.72700000
18.72700000
20.38400000
20.38400000
22.04100000
22.04100000
23.69800000
23.69800000
25.35500000
25.35500000
27.01200000
27.01200000
28.66900000
28.66900000
30.32600000
30.32600000
31.98300000
31.98300000
33.64000000
33.64000000
35.29700000
35.29700000
36.95400000
36.95400000
38.61100000
38.61100000
40.26800000
40.26800000
41.92500000
41.92500000
43.58200000
43.58200000
45.23900000
45.23900000
46.89600000
46.89600000
48.55300000
48.55300000
50.21000000
50.21000000
51.86700000
51.86700000
53.52400000
53.52400000
55.18100000
55.18100000
56.83800000
56.83800000
58.49500000
58.49500000
60.15200000
60.15200000
2.15700000
2.15700000
3.81400000
3.81400000
5.47100000
5.47100000
7.12800000
7.12800000
8.78500000
8.78500000
10.44200000
10.44200000
12.09900000
12.09900000
13.75600000
13.75600000
15.41300000
15.41300000
17.07000000
17.07000000
18.72700000
18.72700000
20.38400000
20.38400000
22.04100000
22.04100000
23.69800000
23.69800000
25.35500000
25.35500000
27.01200000
27.01200000
28.66900000
28.66900000
30.32600000
30.32600000
31.98300000
31.98300000
33.64000000
33.64000000
35.29700000
35.29700000
36.95400000
36.95400000
38.61100000
38.61100000
40.26800000
40.26800000
41.92500000
41.92500000
43.58200000
43.58200000
45.23900000
45.23900000
46.89600000
46.89600000
48.55300000
48.55300000
50.21000000
50.21000000
51.86700000
51.86700000
53.52400000
53.52400000
55.18100000
55.18100000
56.83800000
56.83800000
58.49500000
58.49500000
60.15200000
60.15200000
2.15700000
2.15700000
3.81400000
3.81400000
5.47100000
5.47100000
7.12800000
7.12800000
8.78500000
8.78500000
10.44200000
10.44200000
12.09900000
12.09900000
13.75600000
13.75600000
15.41300000
15.41300000
17.07000000
17.07000000
18.72700000
18.72700000
20.38400000
20.38400000
22.04100000
22.04100000
23.69800000
23.69800000
25.35500000
25.35500000
27.01200000
27.01200000
28.66900000
28.66900000
30.32600000
30.32600000
31.98300000
31.98300000
33.64000000
33.64000000
35.29700000
35.29700000
36.95400000
36.95400000
38.61100000
38.61100000
40.26800000
40.26800000
41.92500000
41.92500000
43.58200000
43.58200000
45.23900000
45.23900000
46.89600000
46.89600000
48.55300000
48.55300000
50.21000000
50.21000000
51.86700000
51.86700000
53.52400000
53.52400000
55.18100000
55.18100000
56.83800000
56.83800000
58.49500000
58.49500000
60.15200000
60.15200000
2.15700000
2.15700000
3.81400000
3.81400000
5.47100000
5.47100000
7.12800000
7.12800000
8.78500000
8.78500000
10.44200000
10.44200000
12.09900000
12.09900000
13.75600000
13.75600000
15.41300000
15.41300000
17.07000000
17.07000000
18.72700000
18.72700000
20.38400000
20.38400000
22.04100000
22.04100000
23.69800000
23.69800000
25.35500000
25.35500000
27.01200000
27.01200000
28.66900000
28.66900000
30.32600000
30.32600000
31.98300000
31.98300000
33.64000000
33.64000000
35.29700000
35.29700000
36.95400000
36.95400000
38.61100000
38.61100000
40.26800000
40.26800000
41.92500000
41.92500000
43.58200000
43.58200000
45.23900000
45.23900000
46.89600000
46.89600000
48.55300000
48.55300000
50.21000000
50.21000000
51.86700000
51.86700000
53.52400000
53.52400000
55.18100000
55.18100000
56.83800000
56.83800000
58.49500000
58.49500000
60.15200000
60.15200000
2.15700000
2.15700000
3.81400000
3.81400000
5.47100000
5.47100000
7.12800000
7.12800000
8.78500000
8.78500000
10.44200000
10.44200000
12.09900000
12.09900000
13.75600000
13.75600000
15.41300000
15.41300000
17.07000000
17.07000000
18.72700000
18.72700000
20.38400000
20.38400000
22.04100000
22.04100000
23.69800000
23.69800000
25.35500000
25.35500000
27.01200000
27.01200000
28.66900000
28.66900000
30.32600000
30.32600000
31.98300000
31.98300000
33.64000000
33.64000000
35.29700000
35.29700000
36.95400000
36.95400000
38.61100000
38.61100000
40.26800000
40.26800000
41.92500000
41.92500000
43.58200000
43.58200000
45.23900000
45.23900000
46.89600000
46.89600000
48.55300000
48.55300000
50.21000000
50.21000000
51.86700000
51.86700000
53.52400000
53.52400000
55.18100000
55.18100000
56.83800000
56.83800000
58.49500000
58.49500000
60.15200000
60.15200000
2.15700000
2.15700000
3.81400000
3.81400000
5.47100000
5.47100000
7.12800000
7.12800000
8.78500000
8.78500000
10.44200000
10.44200000
12.09900000
12.09900000
13.75600000
13.75600000
15.41300000
15.41300000
17.07000000
17.07000000
18.72700000
18.72700000
20.38400000
20.38400000
22.04100000
22.04100000
23.69800000
23.69800000
25.35500000
25.35500000
27.01200000
27.01200000
28.66900000
28.66900000
30.32600000
30.32600000
31.98300000
31.98300000
33.64000000
33.64000000
35.29700000
35.29700000
36.95400000
36.95400000
38.61100000
38.61100000
40.26800000
40.26800000
41.92500000
41.92500000
43.58200000
43.58200000
45.23900000
45.23900000
46.89600000
46.89600000
48.55300000
48.55300000
50.21000000
50.21000000
51.86700000
51.86700000
53.52400000
53.52400000
55.18100000
55.18100000
56.83800000
56.83800000
58.49500000
58.49500000
60.15200000
60.15200000
2.15700000
2.15700000
3.81400000
3.81400000
5.47100000
5.47100000
7.12800000
7.12800000
8.78500000
8.78500000
10.44200000
10.44200000
12.09900000
12.09900000
13.75600000
13.75600000
15.41300000
15.41300000
17.07000000
17.07000000
18.72700000
18.72700000
20.38400000
20.38400000
22.04100000
22.04100000
23.69800000
23.69800000
25.35500000
25.35500000
27.01200000
27.01200000
28.66900000
28.66900000
30.32600000
30.32600000
31.98300000
31.98300000
33.64000000
33.64000000
35.29700000
35.29700000
36.95400000
36.95400000
38.61100000
38.61100000
40.26800000
40.26800000
41.92500000
41.92500000
43.58200000
43.58200000
45.23900000
45.23900000
46.89600000
46.89600000
48.55300000
48.55300000
50.21000000
50.21000000
51.86700000
51.86700000
53.52400000
53.52400000
55.18100000
55.18100000
56.83800000
56.83800000
58.49500000
58.49500000
60.15200000
60.15200000
