13822 4297 3 0 0.1472944 2.157 40
13823 4297 4 0 0.8527056 2.157 42.13122
13824 4297 4 0 2.3352944 3.814 42.13122
13825 4297 3 0 3.0407056 3.814 40
13826 4297 3 0 0.1472944 5.471 40
13827 4297 4 0 0.8527056 5.471 42.13122
13828 4297 4 0 2.3352944 7.128 42.13122
13829 4297 3 0 3.0407056 7.128 40
13830 4297 3 0 0.1472944 8.785 40
13831 4297 4 0 0.8527056 8.785 42.13122
13832 4297 4 0 2.3352944 10.442 42.13122
13833 4297 3 0 3.0407056 10.442 40
13834 4297 3 0 0.1472944 12.099 40
13835 4297 4 0 0.8527056 12.099 42.13122
13836 4297 4 0 2.3352944 13.756 42.13122
13837 4297 3 0 3.0407056 13.756 40
13838 4297 3 0 0.1472944 15.413 40
13839 4297 4 0 0.8527056 15.413 42.13122
13840 4297 4 0 2.3352944 17.07 42.13122
13841 4297 3 0 3.0407056 17.07 40
13842 4297 3 0 0.1472944 18.727 40
13843 4297 4 0 0.8527056 18.727 42.13122
13844 4297 4 0 2.3352944 20.384 42.13122
13845 4297 3 0 3.0407056 20.384 40
13846 4297 3 0 0.1472944 22.041 40
13847 4297 4 0 0.8527056 22.041 42.13122
13848 4297 4 0 2.3352944 23.698 42.13122
13849 4297 3 0 3.0407056 23.698 40
13850 4297 3 0 0.1472944 25.355 40
13851 4297 4 0 0.8527056 25.355 42.13122
13852 4297 4 0 2.3352944 27.012 42.13122
13853 4297 3 0 3.0407056 27.012 40
13854 4297 3 0 0.1472944 28.669 40
13855 4297 4 0 0.8527056 28.669 42.13122
13856 4297 4 0 2.3352944 30.326 42.13122
13857 4297 3 0 3.0407056 30.326 40
13858 4297 3 0 0.1472944 31.983 40
13859 4297 4 0 0.8527056 31.983 42.13122
13860 4297 4 0 2.3352944 33.64 42.13122
13861 4297 3 0 3.0407056 33.64 40
13862 4297 3 0 0.1472944 35.297 40
13863 4297 4 0 0.8527056 35.297 42.13122
13864 4297 4 0 2.3352944 36.954 42.13122
13865 4297 3 0 3.0407056 36.954 40
13866 4297 3 0 0.1472944 38.611 40
13867 4297 4 0 0.8527056 38.611 42.13122
13868 4297 4 0 2.3352944 40.268 42.13122
13869 4297 3 0 3.0407056 40.268 40
13870 4297 3 0 0.1472944 41.925 40
13871 4297 4 0 0.8527056 41.925 42.13122
13872 4297 4 0 2.3352944 43.582 42.13122
13873 4297 3 0 3.0407056 43.582 40
13874 4297 3 0 0.1472944 45.239 40
13875 4297 4 0 0.8527056 45.239 42.13122
13876 4297 4 0 2.3352944 46.896 42.13122
13877 4297 3 0 3.0407056 46.896 40
13878 4297 3 0 0.1472944 48.553 40
13879 4297 4 0 0.8527056 48.553 42.13122
13880 4297 4 0 2.3352944 50.21 42.13122
13881 4297 3 0 3.0407056 50.21 40
13882 4297 3 0 0.1472944 51.867 40
13883 4297 4 0 0.8527056 51.867 42.13122
13884 4297 4 0 2.3352944 53.524 42.13122
13885 4297 3 0 3.0407056 53.524 40
13886 4297 3 0 0.1472944 55.181 40
13887 4297 4 0 0.8527056 55.181 42.13122
13888 4297 4 0 2.3352944 56.838 42.13122
13889 4297 3 0 3.0407056 56.838 40
13890 4297 3 0 0.1472944 58.495 40
13891 4297 4 0 0.8527056 58.495 42.13122
13892 4297 4 0 2.3352944 60.152 42.13122
13893 4297 3 0 3.0407056 60.152 40
13894 4297 3 0 4.5232944 2.157 40
13895 4297 4 0 5.2287056 2.157 42.13122
13896 4297 4 0 6.7112944 3.814 42.13122
13897 4297 3 0 7.4167056 3.814 40
13898 4297 3 0 4.5232944 5.471 40
13899 4297 4 0 5.2287056 5.471 42.13122
13900 4297 4 0 6.7112944 7.128 42.13122
13901 4297 3 0 7.4167056 7.128 40
13902 4297 3 0 4.5232944 8.785 40
13903 4297 4 0 5.2287056 8.785 42.13122
13904 4297 4 0 6.7112944 10.442 42.13122
13905 4297 3 0 7.4167056 10.442 40
13906 4297 3 0 4.5232944 12.099 40
13907 4297 4 0 5.2287056 12.099 42.13122
13908 4297 4 0 6.7112944 13.756 42.13122
13909 4297 3 0 7.4167056 13.756 40
13910 4297 3 0 4.5232944 15.413 40
13911 4297 4 0 5.2287056 15.413 42.13122
13912 4297 4 0 6.7112944 17.07 42.13122
13913 4297 3 0 7.4167056 17.07 40
13914 4297 3 0 4.5232944 18.727 40
13915 4297 4 0 5.2287056 18.727 42.13122
13916 4297 4 0 6.7112944 20.384 42.13122
13917 4297 3 0 7.4167056 20.384 40
13918 4297 3 0 4.5232944 22.041 40
13919 4297 4 0 5.2287056 22.041 42.13122
13920 4297 4 0 6.7112944 23.698 42.13122
13921 4297 3 0 7.4167056 23.698 40
13922 4297 3 0 4.5232944 25.355 40
13923 4297 4 0 5.2287056 25.355 42.13122
13924 4297 4 0 6.7112944 27.012 42.13122
13925 4297 3 0 7.4167056 27.012 40
13926 4297 3 0 4.5232944 28.669 40
13927 4297 4 0 5.2287056 28.669 42.13122
13928 4297 4 0 6.7112944 30.326 42.13122
13929 4297 3 0 7.4167056 30.326 40
13930 4297 3 0 4.5232944 31.983 40
13931 4297 4 0 5.2287056 31.983 42.13122
13932 4297 4 0 6.7112944 33.64 42.13122
13933 4297 3 0 7.4167056 33.64 40
13934 4297 3 0 4.5232944 35.297 40
13935 4297 4 0 5.2287056 35.297 42.13122
13936 4297 4 0 6.7112944 36.954 42.13122
13937 4297 3 0 7.4167056 36.954 40
13938 4297 3 0 4.5232944 38.611 40
13939 4297 4 0 5.2287056 38.611 42.13122
13940 4297 4 0 6.7112944 40.268 42.13122
13941 4297 3 0 7.4167056 40.268 40
13942 4297 3 0 4.5232944 41.925 40
13943 4297 4 0 5.2287056 41.925 42.13122
13944 4297 4 0 6.7112944 43.582 42.13122
13945 4297 3 0 7.4167056 43.582 40
13946 4297 3 0 4.5232944 45.239 40
13947 4297 4 0 5.2287056 45.239 42.13122
13948 4297 4 0 6.7112944 46.896 42.13122
13949 4297 3 0 7.4167056 46.896 40
13950 4297 3 0 4.5232944 48.553 40
13951 4297 4 0 5.2287056 48.553 42.13122
13952 4297 4 0 6.7112944 50.21 42.13122
13953 4297 3 0 7.4167056 50.21 40
13954 4297 3 0 4.5232944 51.867 40
13955 4297 4 0 5.2287056 51.867 42.13122
13956 4297 4 0 6.7112944 53.524 42.13122
13957 4297 3 0 7.4167056 53.524 40
13958 4297 3 0 4.5232944 55.181 40
13959 4297 4 0 5.2287056 55.181 42.13122
13960 4297 4 0 6.7112944 56.838 42.13122
13961 4297 3 0 7.4167056 56.838 40
13962 4297 3 0 4.5232944 58.495 40
13963 4297 4 0 5.2287056 58.495 42.13122
13964 4297 4 0 6.7112944 60.152 42.13122
13965 4297 3 0 7.4167056 60.152 40
13966 4297 3 0 8.8992944 2.157 40
13967 4297 4 0 9.6047056 2.157 42.13122
13968 4297 4 0 11.0872944 3.814 42.13122
13969 4297 3 0 11.7927056 3.814 40
13970 4297 3 0 8.8992944 5.471 40
13971 4297 4 0 9.6047056 5.471 42.13122
13972 4297 4 0 11.0872944 7.128 42.13122
13973 4297 3 0 11.7927056 7.128 40
13974 4297 3 0 8.8992944 8.785 40
13975 4297 4 0 9.6047056 8.785 42.13122
13976 4297 4 0 11.0872944 10.442 42.13122
13977 4297 3 0 11.7927056 10.442 40
13978 4297 3 0 8.8992944 12.099 40
13979 4297 4 0 9.6047056 12.099 42.13122
13980 4297 4 0 11.0872944 13.756 42.13122
13981 4297 3 0 11.7927056 13.756 40
13982 4297 3 0 8.8992944 15.413 40
13983 4297 4 0 9.6047056 15.413 42.13122
13984 4297 4 0 11.0872944 17.07 42.13122
13985 4297 3 0 11.7927056 17.07 40
13986 4297 3 0 8.8992944 18.727 40
13987 4297 4 0 9.6047056 18.727 42.13122
13988 4297 4 0 11.0872944 20.384 42.13122
13989 4297 3 0 11.7927056 20.384 40
13990 4297 3 0 8.8992944 22.041 40
13991 4297 4 0 9.6047056 22.041 42.13122
13992 4297 4 0 11.0872944 23.698 42.13122
13993 4297 3 0 11.7927056 23.698 40
13994 4297 3 0 8.8992944 25.355 40
13995 4297 4 0 9.6047056 25.355 42.13122
13996 4297 4 0 11.0872944 27.012 42.13122
13997 4297 3 0 11.7927056 27.012 40
13998 4297 3 0 8.8992944 28.669 40
13999 4297 4 0 9.6047056 28.669 42.13122
14000 4297 4 0 11.0872944 30.326 42.13122
14001 4297 3 0 11.7927056 30.326 40
14002 4297 3 0 8.8992944 31.983 40
14003 4297 4 0 9.6047056 31.983 42.13122
14004 4297 4 0 11.0872944 33.64 42.13122
14005 4297 3 0 11.7927056 33.64 40
14006 4297 3 0 8.8992944 35.297 40
14007 4297 4 0 9.6047056 35.297 42.13122
14008 4297 4 0 11.0872944 36.954 42.13122
14009 4297 3 0 11.7927056 36.954 40
14010 4297 3 0 8.8992944 38.611 40
14011 4297 4 0 9.6047056 38.611 42.13122
14012 4297 4 0 11.0872944 40.268 42.13122
14013 4297 3 0 11.7927056 40.268 40
14014 4297 3 0 8.8992944 41.925 40
14015 4297 4 0 9.6047056 41.925 42.13122
14016 4297 4 0 11.0872944 43.582 42.13122
14017 4297 3 0 11.7927056 43.582 40
14018 4297 3 0 8.8992944 45.239 40
14019 4297 4 0 9.6047056 45.239 42.13122
14020 4297 4 0 11.0872944 46.896 42.13122
14021 4297 3 0 11.7927056 46.896 40
14022 4297 3 0 8.8992944 48.553 40
14023 4297 4 0 9.6047056 48.553 42.13122
14024 4297 4 0 11.0872944 50.21 42.13122
14025 4297 3 0 11.7927056 50.21 40
14026 4297 3 0 8.8992944 51.867 40
14027 4297 4 0 9.6047056 51.867 42.13122
14028 4297 4 0 11.0872944 53.524 42.13122
14029 4297 3 0 11.7927056 53.524 40
14030 4297 3 0 8.8992944 55.181 40
14031 4297 4 0 9.6047056 55.181 42.13122
14032 4297 4 0 11.0872944 56.838 42.13122
14033 4297 3 0 11.7927056 56.838 40
14034 4297 3 0 8.8992944 58.495 40
14035 4297 4 0 9.6047056 58.495 42.13122
14036 4297 4 0 11.0872944 60.152 42.13122
14037 4297 3 0 11.7927056 60.152 40
14038 4297 3 0 13.2752944 2.157 40
14039 4297 4 0 13.9807056 2.157 42.13122
14040 4297 4 0 15.4632944 3.814 42.13122
14041 4297 3 0 16.1687056 3.814 40
14042 4297 3 0 13.2752944 5.471 40
14043 4297 4 0 13.9807056 5.471 42.13122
14044 4297 4 0 15.4632944 7.128 42.13122
14045 4297 3 0 16.1687056 7.128 40
14046 4297 3 0 13.2752944 8.785 40
14047 4297 4 0 13.9807056 8.785 42.13122
14048 4297 4 0 15.4632944 10.442 42.13122
14049 4297 3 0 16.1687056 10.442 40
14050 4297 3 0 13.2752944 12.099 40
14051 4297 4 0 13.9807056 12.099 42.13122
14052 4297 4 0 15.4632944 13.756 42.13122
14053 4297 3 0 16.1687056 13.756 40
14054 4297 3 0 13.2752944 15.413 40
14055 4297 4 0 13.9807056 15.413 42.13122
14056 4297 4 0 15.4632944 17.07 42.13122
14057 4297 3 0 16.1687056 17.07 40
14058 4297 3 0 13.2752944 18.727 40
14059 4297 4 0 13.9807056 18.727 42.13122
14060 4297 4 0 15.4632944 20.384 42.13122
14061 4297 3 0 16.1687056 20.384 40
14062 4297 3 0 13.2752944 22.041 40
14063 4297 4 0 13.9807056 22.041 42.13122
14064 4297 4 0 15.4632944 23.698 42.13122
14065 4297 3 0 16.1687056 23.698 40
14066 4297 3 0 13.2752944 25.355 40
14067 4297 4 0 13.9807056 25.355 42.13122
14068 4297 4 0 15.4632944 27.012 42.13122
14069 4297 3 0 16.1687056 27.012 40
14070 4297 3 0 13.2752944 28.669 40
14071 4297 4 0 13.9807056 28.669 42.13122
14072 4297 4 0 15.4632944 30.326 42.13122
14073 4297 3 0 16.1687056 30.326 40
14074 4297 3 0 13.2752944 31.983 40
14075 4297 4 0 13.9807056 31.983 42.13122
14076 4297 4 0 15.4632944 33.64 42.13122
14077 4297 3 0 16.1687056 33.64 40
14078 4297 3 0 13.2752944 35.297 40
14079 4297 4 0 13.9807056 35.297 42.13122
14080 4297 4 0 15.4632944 36.954 42.13122
14081 4297 3 0 16.1687056 36.954 40
14082 4297 3 0 13.2752944 38.611 40
14083 4297 4 0 13.9807056 38.611 42.13122
14084 4297 4 0 15.4632944 40.268 42.13122
14085 4297 3 0 16.1687056 40.268 40
14086 4297 3 0 13.2752944 41.925 40
14087 4297 4 0 13.9807056 41.925 42.13122
14088 4297 4 0 15.4632944 43.582 42.13122
14089 4297 3 0 16.1687056 43.582 40
14090 4297 3 0 13.2752944 45.239 40
14091 4297 4 0 13.9807056 45.239 42.13122
14092 4297 4 0 15.4632944 46.896 42.13122
14093 4297 3 0 16.1687056 46.896 40
14094 4297 3 0 13.2752944 48.553 40
14095 4297 4 0 13.9807056 48.553 42.13122
14096 4297 4 0 15.4632944 50.21 42.13122
14097 4297 3 0 16.1687056 50.21 40
14098 4297 3 0 13.2752944 51.867 40
14099 4297 4 0 13.9807056 51.867 42.13122
14100 4297 4 0 15.4632944 53.524 42.13122
14101 4297 3 0 16.1687056 53.524 40
14102 4297 3 0 13.2752944 55.181 40
14103 4297 4 0 13.9807056 55.181 42.13122
14104 4297 4 0 15.4632944 56.838 42.13122
14105 4297 3 0 16.1687056 56.838 40
14106 4297 3 0 13.2752944 58.495 40
14107 4297 4 0 13.9807056 58.495 42.13122
14108 4297 4 0 15.4632944 60.152 42.13122
14109 4297 3 0 16.1687056 60.152 40
14110 4297 3 0 17.6512944 2.157 40
14111 4297 4 0 18.3567056 2.157 42.13122
14112 4297 4 0 19.8392944 3.814 42.13122
14113 4297 3 0 20.5447056 3.814 40
14114 4297 3 0 17.6512944 5.471 40
14115 4297 4 0 18.3567056 5.471 42.13122
14116 4297 4 0 19.8392944 7.128 42.13122
14117 4297 3 0 20.5447056 7.128 40
14118 4297 3 0 17.6512944 8.785 40
14119 4297 4 0 18.3567056 8.785 42.13122
14120 4297 4 0 19.8392944 10.442 42.13122
14121 4297 3 0 20.5447056 10.442 40
14122 4297 3 0 17.6512944 12.099 40
14123 4297 4 0 18.3567056 12.099 42.13122
14124 4297 4 0 19.8392944 13.756 42.13122
14125 4297 3 0 20.5447056 13.756 40
14126 4297 3 0 17.6512944 15.413 40
14127 4297 4 0 18.3567056 15.413 42.13122
14128 4297 4 0 19.8392944 17.07 42.13122
14129 4297 3 0 20.5447056 17.07 40
14130 4297 3 0 17.6512944 18.727 40
14131 4297 4 0 18.3567056 18.727 42.13122
14132 4297 4 0 19.8392944 20.384 42.13122
14133 4297 3 0 20.5447056 20.384 40
14134 4297 3 0 17.6512944 22.041 40
14135 4297 4 0 18.3567056 22.041 42.13122
14136 4297 4 0 19.8392944 23.698 42.13122
14137 4297 3 0 20.5447056 23.698 40
14138 4297 3 0 17.6512944 25.355 40
14139 4297 4 0 18.3567056 25.355 42.13122
14140 4297 4 0 19.8392944 27.012 42.13122
14141 4297 3 0 20.5447056 27.012 40
14142 4297 3 0 17.6512944 28.669 40
14143 4297 4 0 18.3567056 28.669 42.13122
14144 4297 4 0 19.8392944 30.326 42.13122
14145 4297 3 0 20.5447056 30.326 40
14146 4297 3 0 17.6512944 31.983 40
14147 4297 4 0 18.3567056 31.983 42.13122
14148 4297 4 0 19.8392944 33.64 42.13122
14149 4297 3 0 20.5447056 33.64 40
14150 4297 3 0 17.6512944 35.297 40
14151 4297 4 0 18.3567056 35.297 42.13122
14152 4297 4 0 19.8392944 36.954 42.13122
14153 4297 3 0 20.5447056 36.954 40
14154 4297 3 0 17.6512944 38.611 40
14155 4297 4 0 18.3567056 38.611 42.13122
14156 4297 4 0 19.8392944 40.268 42.13122
14157 4297 3 0 20.5447056 40.268 40
14158 4297 3 0 17.6512944 41.925 40
14159 4297 4 0 18.3567056 41.925 42.13122
14160 4297 4 0 19.8392944 43.582 42.13122
14161 4297 3 0 20.5447056 43.582 40
14162 4297 3 0 17.6512944 45.239 40
14163 4297 4 0 18.3567056 45.239 42.13122
14164 4297 4 0 19.8392944 46.896 42.13122
14165 4297 3 0 20.5447056 46.896 40
14166 4297 3 0 17.6512944 48.553 40
14167 4297 4 0 18.3567056 48.553 42.13122
14168 4297 4 0 19.8392944 50.21 42.13122
14169 4297 3 0 20.5447056 50.21 40
14170 4297 3 0 17.6512944 51.867 40
14171 4297 4 0 18.3567056 51.867 42.13122
14172 4297 4 0 19.8392944 53.524 42.13122
14173 4297 3 0 20.5447056 53.524 40
14174 4297 3 0 17.6512944 55.181 40
14175 4297 4 0 18.3567056 55.181 42.13122
14176 4297 4 0 19.8392944 56.838 42.13122
14177 4297 3 0 20.5447056 56.838 40
14178 4297 3 0 17.6512944 58.495 40
14179 4297 4 0 18.3567056 58.495 42.13122
14180 4297 4 0 19.8392944 60.152 42.13122
14181 4297 3 0 20.5447056 60.152 40
14182 4297 3 0 22.0272944 2.157 40
14183 4297 4 0 22.7327056 2.157 42.13122
14184 4297 4 0 24.2152944 3.814 42.13122
14185 4297 3 0 24.9207056 3.814 40
14186 4297 3 0 22.0272944 5.471 40
14187 4297 4 0 22.7327056 5.471 42.13122
14188 4297 4 0 24.2152944 7.128 42.13122
14189 4297 3 0 24.9207056 7.128 40
14190 4297 3 0 22.0272944 8.785 40
14191 4297 4 0 22.7327056 8.785 42.13122
14192 4297 4 0 24.2152944 10.442 42.13122
14193 4297 3 0 24.9207056 10.442 40
14194 4297 3 0 22.0272944 12.099 40
14195 4297 4 0 22.7327056 12.099 42.13122
14196 4297 4 0 24.2152944 13.756 42.13122
14197 4297 3 0 24.9207056 13.756 40
14198 4297 3 0 22.0272944 15.413 40
14199 4297 4 0 22.7327056 15.413 42.13122
14200 4297 4 0 24.2152944 17.07 42.13122
14201 4297 3 0 24.9207056 17.07 40
14202 4297 3 0 22.0272944 18.727 40
14203 4297 4 0 22.7327056 18.727 42.13122
14204 4297 4 0 24.2152944 20.384 42.13122
14205 4297 3 0 24.9207056 20.384 40
14206 4297 3 0 22.0272944 22.041 40
14207 4297 4 0 22.7327056 22.041 42.13122
14208 4297 4 0 24.2152944 23.698 42.13122
14209 4297 3 0 24.9207056 23.698 40
14210 4297 3 0 22.0272944 25.355 40
14211 4297 4 0 22.7327056 25.355 42.13122
14212 4297 4 0 24.2152944 27.012 42.13122
14213 4297 3 0 24.9207056 27.012 40
14214 4297 3 0 22.0272944 28.669 40
14215 4297 4 0 22.7327056 28.669 42.13122
14216 4297 4 0 24.2152944 30.326 42.13122
14217 4297 3 0 24.9207056 30.326 40
14218 4297 3 0 22.0272944 31.983 40
14219 4297 4 0 22.7327056 31.983 42.13122
14220 4297 4 0 24.2152944 33.64 42.13122
14221 4297 3 0 24.9207056 33.64 40
14222 4297 3 0 22.0272944 35.297 40
14223 4297 4 0 22.7327056 35.297 42.13122
14224 4297 4 0 24.2152944 36.954 42.13122
14225 4297 3 0 24.9207056 36.954 40
14226 4297 3 0 22.0272944 38.611 40
14227 4297 4 0 22.7327056 38.611 42.13122
14228 4297 4 0 24.2152944 40.268 42.13122
14229 4297 3 0 24.9207056 40.268 40
14230 4297 3 0 22.0272944 41.925 40
14231 4297 4 0 22.7327056 41.925 42.13122
14232 4297 4 0 24.2152944 43.582 42.13122
14233 4297 3 0 24.9207056 43.582 40
14234 4297 3 0 22.0272944 45.239 40
14235 4297 4 0 22.7327056 45.239 42.13122
14236 4297 4 0 24.2152944 46.896 42.13122
14237 4297 3 0 24.9207056 46.896 40
14238 4297 3 0 22.0272944 48.553 40
14239 4297 4 0 22.7327056 48.553 42.13122
14240 4297 4 0 24.2152944 50.21 42.13122
14241 4297 3 0 24.9207056 50.21 40
14242 4297 3 0 22.0272944 51.867 40
14243 4297 4 0 22.7327056 51.867 42.13122
14244 4297 4 0 24.2152944 53.524 42.13122
14245 4297 3 0 24.9207056 53.524 40
14246 4297 3 0 22.0272944 55.181 40
14247 4297 4 0 22.7327056 55.181 42.13122
14248 4297 4 0 24.2152944 56.838 42.13122
14249 4297 3 0 24.9207056 56.838 40
14250 4297 3 0 22.0272944 58.495 40
14251 4297 4 0 22.7327056 58.495 42.13122
14252 4297 4 0 24.2152944 60.152 42.13122
14253 4297 3 0 24.9207056 60.152 40
14254 4297 3 0 26.4032944 2.157 40
14255 4297 4 0 27.1087056 2.157 42.13122
14256 4297 4 0 28.5912944 3.814 42.13122
14257 4297 3 0 29.2967056 3.814 40
14258 4297 3 0 26.4032944 5.471 40
14259 4297 4 0 27.1087056 5.471 42.13122
14260 4297 4 0 28.5912944 7.128 42.13122
14261 4297 3 0 29.2967056 7.128 40
14262 4297 3 0 26.4032944 8.785 40
14263 4297 4 0 27.1087056 8.785 42.13122
14264 4297 4 0 28.5912944 10.442 42.13122
14265 4297 3 0 29.2967056 10.442 40
14266 4297 3 0 26.4032944 12.099 40
14267 4297 4 0 27.1087056 12.099 42.13122
14268 4297 4 0 28.5912944 13.756 42.13122
14269 4297 3 0 29.2967056 13.756 40
14270 4297 3 0 26.4032944 15.413 40
14271 4297 4 0 27.1087056 15.413 42.13122
14272 4297 4 0 28.5912944 17.07 42.13122
14273 4297 3 0 29.2967056 17.07 40
14274 4297 3 0 26.4032944 18.727 40
14275 4297 4 0 27.1087056 18.727 42.13122
14276 4297 4 0 28.5912944 20.384 42.13122
14277 4297 3 0 29.2967056 20.384 40
14278 4297 3 0 26.4032944 22.041 40
14279 4297 4 0 27.1087056 22.041 42.13122
14280 4297 4 0 28.5912944 23.698 42.13122
14281 4297 3 0 29.2967056 23.698 40
14282 4297 3 0 26.4032944 25.355 40
14283 4297 4 0 27.1087056 25.355 42.13122
14284 4297 4 0 28.5912944 27.012 42.13122
14285 4297 3 0 29.2967056 27.012 40
14286 4297 3 0 26.4032944 28.669 40
14287 4297 4 0 27.1087056 28.669 42.13122
14288 4297 4 0 28.5912944 30.326 42.13122
14289 4297 3 0 29.2967056 30.326 40
14290 4297 3 0 26.4032944 31.983 40
14291 4297 4 0 27.1087056 31.983 42.13122
14292 4297 4 0 28.5912944 33.64 42.13122
14293 4297 3 0 29.2967056 33.64 40
14294 4297 3 0 26.4032944 35.297 40
14295 4297 4 0 27.1087056 35.297 42.13122
14296 4297 4 0 28.5912944 36.954 42.13122
14297 4297 3 0 29.2967056 36.954 40
14298 4297 3 0 26.4032944 38.611 40
14299 4297 4 0 27.1087056 38.611 42.13122
14300 4297 4 0 28.5912944 40.268 42.13122
14301 4297 3 0 29.2967056 40.268 40
14302 4297 3 0 26.4032944 41.925 40
14303 4297 4 0 27.1087056 41.925 42.13122
14304 4297 4 0 28.5912944 43.582 42.13122
14305 4297 3 0 29.2967056 43.582 40
14306 4297 3 0 26.4032944 45.239 40
14307 4297 4 0 27.1087056 45.239 42.13122
14308 4297 4 0 28.5912944 46.896 42.13122
14309 4297 3 0 29.2967056 46.896 40
14310 4297 3 0 26.4032944 48.553 40
14311 4297 4 0 27.1087056 48.553 42.13122
14312 4297 4 0 28.5912944 50.21 42.13122
14313 4297 3 0 29.2967056 50.21 40
14314 4297 3 0 26.4032944 51.867 40
14315 4297 4 0 27.1087056 51.867 42.13122
14316 4297 4 0 28.5912944 53.524 42.13122
14317 4297 3 0 29.2967056 53.524 40
14318 4297 3 0 26.4032944 55.181 40
14319 4297 4 0 27.1087056 55.181 42.13122
14320 4297 4 0 28.5912944 56.838 42.13122
14321 4297 3 0 29.2967056 56.838 40
14322 4297 3 0 26.4032944 58.495 40
14323 4297 4 0 27.1087056 58.495 42.13122
14324 4297 4 0 28.5912944 60.152 42.13122
14325 4297 3 0 29.2967056 60.152 40
14326 4297 3 0 30.7792944 2.157 40
14327 4297 4 0 31.4847056 2.157 42.13122
14328 4297 4 0 32.9672944 3.814 42.13122
14329 4297 3 0 33.6727056 3.814 40
14330 4297 3 0 30.7792944 5.471 40
14331 4297 4 0 31.4847056 5.471 42.13122
14332 4297 4 0 32.9672944 7.128 42.13122
14333 4297 3 0 33.6727056 7.128 40
14334 4297 3 0 30.7792944 8.785 40
14335 4297 4 0 31.4847056 8.785 42.13122
14336 4297 4 0 32.9672944 10.442 42.13122
14337 4297 3 0 33.6727056 10.442 40
14338 4297 3 0 30.7792944 12.099 40
14339 4297 4 0 31.4847056 12.099 42.13122
14340 4297 4 0 32.9672944 13.756 42.13122
14341 4297 3 0 33.6727056 13.756 40
14342 4297 3 0 30.7792944 15.413 40
14343 4297 4 0 31.4847056 15.413 42.13122
14344 4297 4 0 32.9672944 17.07 42.13122
14345 4297 3 0 33.6727056 17.07 40
14346 4297 3 0 30.7792944 18.727 40
14347 4297 4 0 31.4847056 18.727 42.13122
14348 4297 4 0 32.9672944 20.384 42.13122
14349 4297 3 0 33.6727056 20.384 40
14350 4297 3 0 30.7792944 22.041 40
14351 4297 4 0 31.4847056 22.041 42.13122
14352 4297 4 0 32.9672944 23.698 42.13122
14353 4297 3 0 33.6727056 23.698 40
14354 4297 3 0 30.7792944 25.355 40
14355 4297 4 0 31.4847056 25.355 42.13122
14356 4297 4 0 32.9672944 27.012 42.13122
14357 4297 3 0 33.6727056 27.012 40
14358 4297 3 0 30.7792944 28.669 40
14359 4297 4 0 31.4847056 28.669 42.13122
14360 4297 4 0 32.9672944 30.326 42.13122
14361 4297 3 0 33.6727056 30.326 40
14362 4297 3 0 30.7792944 31.983 40
14363 4297 4 0 31.4847056 31.983 42.13122
14364 4297 4 0 32.9672944 33.64 42.13122
14365 4297 3 0 33.6727056 33.64 40
14366 4297 3 0 30.7792944 35.297 40
14367 4297 4 0 31.4847056 35.297 42.13122
14368 4297 4 0 32.9672944 36.954 42.13122
14369 4297 3 0 33.6727056 36.954 40
14370 4297 3 0 30.7792944 38.611 40
14371 4297 4 0 31.4847056 38.611 42.13122
14372 4297 4 0 32.9672944 40.268 42.13122
14373 4297 3 0 33.6727056 40.268 40
14374 4297 3 0 30.7792944 41.925 40
14375 4297 4 0 31.4847056 41.925 42.13122
14376 4297 4 0 32.9672944 43.582 42.13122
14377 4297 3 0 33.6727056 43.582 40
14378 4297 3 0 30.7792944 45.239 40
14379 4297 4 0 31.4847056 45.239 42.13122
14380 4297 4 0 32.9672944 46.896 42.13122
14381 4297 3 0 33.6727056 46.896 40
14382 4297 3 0 30.7792944 48.553 40
14383 4297 4 0 31.4847056 48.553 42.13122
14384 4297 4 0 32.9672944 50.21 42.13122
14385 4297 3 0 33.6727056 50.21 40
14386 4297 3 0 30.7792944 51.867 40
14387 4297 4 0 31.4847056 51.867 42.13122
14388 4297 4 0 32.9672944 53.524 42.13122
14389 4297 3 0 33.6727056 53.524 40
14390 4297 3 0 30.7792944 55.181 40
14391 4297 4 0 31.4847056 55.181 42.13122
14392 4297 4 0 32.9672944 56.838 42.13122
14393 4297 3 0 33.6727056 56.838 40
14394 4297 3 0 30.7792944 58.495 40
14395 4297 4 0 31.4847056 58.495 42.13122
14396 4297 4 0 32.9672944 60.152 42.13122
14397 4297 3 0 33.6727056 60.152 40
14398 4297 3 0 35.1552944 2.157 40
14399 4297 4 0 35.8607056 2.157 42.13122
14400 4297 4 0 37.3432944 3.814 42.13122
14401 4297 3 0 38.0487056 3.814 40
14402 4297 3 0 35.1552944 5.471 40
14403 4297 4 0 35.8607056 5.471 42.13122
14404 4297 4 0 37.3432944 7.128 42.13122
14405 4297 3 0 38.0487056 7.128 40
14406 4297 3 0 35.1552944 8.785 40
14407 4297 4 0 35.8607056 8.785 42.13122
14408 4297 4 0 37.3432944 10.442 42.13122
14409 4297 3 0 38.0487056 10.442 40
14410 4297 3 0 35.1552944 12.099 40
14411 4297 4 0 35.8607056 12.099 42.13122
14412 4297 4 0 37.3432944 13.756 42.13122
14413 4297 3 0 38.0487056 13.756 40
14414 4297 3 0 35.1552944 15.413 40
14415 4297 4 0 35.8607056 15.413 42.13122
14416 4297 4 0 37.3432944 17.07 42.13122
14417 4297 3 0 38.0487056 17.07 40
14418 4297 3 0 35.1552944 18.727 40
14419 4297 4 0 35.8607056 18.727 42.13122
14420 4297 4 0 37.3432944 20.384 42.13122
14421 4297 3 0 38.0487056 20.384 40
14422 4297 3 0 35.1552944 22.041 40
14423 4297 4 0 35.8607056 22.041 42.13122
14424 4297 4 0 37.3432944 23.698 42.13122
14425 4297 3 0 38.0487056 23.698 40
14426 4297 3 0 35.1552944 25.355 40
14427 4297 4 0 35.8607056 25.355 42.13122
14428 4297 4 0 37.3432944 27.012 42.13122
14429 4297 3 0 38.0487056 27.012 40
14430 4297 3 0 35.1552944 28.669 40
14431 4297 4 0 35.8607056 28.669 42.13122
14432 4297 4 0 37.3432944 30.326 42.13122
14433 4297 3 0 38.0487056 30.326 40
14434 4297 3 0 35.1552944 31.983 40
14435 4297 4 0 35.8607056 31.983 42.13122
14436 4297 4 0 37.3432944 33.64 42.13122
14437 4297 3 0 38.0487056 33.64 40
14438 4297 3 0 35.1552944 35.297 40
14439 4297 4 0 35.8607056 35.297 42.13122
14440 4297 4 0 37.3432944 36.954 42.13122
14441 4297 3 0 38.0487056 36.954 40
14442 4297 3 0 35.1552944 38.611 40
14443 4297 4 0 35.8607056 38.611 42.13122
14444 4297 4 0 37.3432944 40.268 42.13122
14445 4297 3 0 38.0487056 40.268 40
14446 4297 3 0 35.1552944 41.925 40
14447 4297 4 0 35.8607056 41.925 42.13122
14448 4297 4 0 37.3432944 43.582 42.13122
14449 4297 3 0 38.0487056 43.582 40
14450 4297 3 0 35.1552944 45.239 40
14451 4297 4 0 35.8607056 45.239 42.13122
14452 4297 4 0 37.3432944 46.896 42.13122
14453 4297 3 0 38.0487056 46.896 40
14454 4297 3 0 35.1552944 48.553 40
14455 4297 4 0 35.8607056 48.553 42.13122
14456 4297 4 0 37.3432944 50.21 42.13122
14457 4297 3 0 38.0487056 50.21 40
14458 4297 3 0 35.1552944 51.867 40
14459 4297 4 0 35.8607056 51.867 42.13122
14460 4297 4 0 37.3432944 53.524 42.13122
14461 4297 3 0 38.0487056 53.524 40
14462 4297 3 0 35.1552944 55.181 40
14463 4297 4 0 35.8607056 55.181 42.13122
14464 4297 4 0 37.3432944 56.838 42.13122
14465 4297 3 0 38.0487056 56.838 40
14466 4297 3 0 35.1552944 58.495 40
14467 4297 4 0 35.8607056 58.495 42.13122
14468 4297 4 0 37.3432944 60.152 42.13122
14469 4297 3 0 38.0487056 60.152 40
14470 4297 3 0 39.5312944 2.157 40
14471 4297 4 0 40.2367056 2.157 42.13122
14472 4297 4 0 41.7192944 3.814 42.13122
14473 4297 3 0 42.4247056 3.814 40
14474 4297 3 0 39.5312944 5.471 40
14475 4297 4 0 40.2367056 5.471 42.13122
14476 4297 4 0 41.7192944 7.128 42.13122
14477 4297 3 0 42.4247056 7.128 40
14478 4297 3 0 39.5312944 8.785 40
14479 4297 4 0 40.2367056 8.785 42.13122
14480 4297 4 0 41.7192944 10.442 42.13122
14481 4297 3 0 42.4247056 10.442 40
14482 4297 3 0 39.5312944 12.099 40
14483 4297 4 0 40.2367056 12.099 42.13122
14484 4297 4 0 41.7192944 13.756 42.13122
14485 4297 3 0 42.4247056 13.756 40
14486 4297 3 0 39.5312944 15.413 40
14487 4297 4 0 40.2367056 15.413 42.13122
14488 4297 4 0 41.7192944 17.07 42.13122
14489 4297 3 0 42.4247056 17.07 40
14490 4297 3 0 39.5312944 18.727 40
14491 4297 4 0 40.2367056 18.727 42.13122
14492 4297 4 0 41.7192944 20.384 42.13122
14493 4297 3 0 42.4247056 20.384 40
14494 4297 3 0 39.5312944 22.041 40
14495 4297 4 0 40.2367056 22.041 42.13122
14496 4297 4 0 41.7192944 23.698 42.13122
14497 4297 3 0 42.4247056 23.698 40
14498 4297 3 0 39.5312944 25.355 40
14499 4297 4 0 40.2367056 25.355 42.13122
14500 4297 4 0 41.7192944 27.012 42.13122
14501 4297 3 0 42.4247056 27.012 40
14502 4297 3 0 39.5312944 28.669 40
14503 4297 4 0 40.2367056 28.669 42.13122
14504 4297 4 0 41.7192944 30.326 42.13122
14505 4297 3 0 42.4247056 30.326 40
14506 4297 3 0 39.5312944 31.983 40
14507 4297 4 0 40.2367056 31.983 42.13122
14508 4297 4 0 41.7192944 33.64 42.13122
14509 4297 3 0 42.4247056 33.64 40
14510 4297 3 0 39.5312944 35.297 40
14511 4297 4 0 40.2367056 35.297 42.13122
14512 4297 4 0 41.7192944 36.954 42.13122
14513 4297 3 0 42.4247056 36.954 40
14514 4297 3 0 39.5312944 38.611 40
14515 4297 4 0 40.2367056 38.611 42.13122
14516 4297 4 0 41.7192944 40.268 42.13122
14517 4297 3 0 42.4247056 40.268 40
14518 4297 3 0 39.5312944 41.925 40
14519 4297 4 0 40.2367056 41.925 42.13122
14520 4297 4 0 41.7192944 43.582 42.13122
14521 4297 3 0 42.4247056 43.582 40
14522 4297 3 0 39.5312944 45.239 40
14523 4297 4 0 40.2367056 45.239 42.13122
14524 4297 4 0 41.7192944 46.896 42.13122
14525 4297 3 0 42.4247056 46.896 40
14526 4297 3 0 39.5312944 48.553 40
14527 4297 4 0 40.2367056 48.553 42.13122
14528 4297 4 0 41.7192944 50.21 42.13122
14529 4297 3 0 42.4247056 50.21 40
14530 4297 3 0 39.5312944 51.867 40
14531 4297 4 0 40.2367056 51.867 42.13122
14532 4297 4 0 41.7192944 53.524 42.13122
14533 4297 3 0 42.4247056 53.524 40
14534 4297 3 0 39.5312944 55.181 40
14535 4297 4 0 40.2367056 55.181 42.13122
14536 4297 4 0 41.7192944 56.838 42.13122
14537 4297 3 0 42.4247056 56.838 40
14538 4297 3 0 39.5312944 58.495 40
14539 4297 4 0 40.2367056 58.495 42.13122
14540 4297 4 0 41.7192944 60.152 42.13122
14541 4297 3 0 42.4247056 60.152 40
14542 4297 3 0 43.9072944 2.157 40
14543 4297 4 0 44.6127056 2.157 42.13122
14544 4297 4 0 46.0952944 3.814 42.13122
14545 4297 3 0 46.8007056 3.814 40
14546 4297 3 0 43.9072944 5.471 40
14547 4297 4 0 44.6127056 5.471 42.13122
14548 4297 4 0 46.0952944 7.128 42.13122
14549 4297 3 0 46.8007056 7.128 40
14550 4297 3 0 43.9072944 8.785 40
14551 4297 4 0 44.6127056 8.785 42.13122
14552 4297 4 0 46.0952944 10.442 42.13122
14553 4297 3 0 46.8007056 10.442 40
14554 4297 3 0 43.9072944 12.099 40
14555 4297 4 0 44.6127056 12.099 42.13122
14556 4297 4 0 46.0952944 13.756 42.13122
14557 4297 3 0 46.8007056 13.756 40
14558 4297 3 0 43.9072944 15.413 40
14559 4297 4 0 44.6127056 15.413 42.13122
14560 4297 4 0 46.0952944 17.07 42.13122
14561 4297 3 0 46.8007056 17.07 40
14562 4297 3 0 43.9072944 18.727 40
14563 4297 4 0 44.6127056 18.727 42.13122
14564 4297 4 0 46.0952944 20.384 42.13122
14565 4297 3 0 46.8007056 20.384 40
14566 4297 3 0 43.9072944 22.041 40
14567 4297 4 0 44.6127056 22.041 42.13122
14568 4297 4 0 46.0952944 23.698 42.13122
14569 4297 3 0 46.8007056 23.698 40
14570 4297 3 0 43.9072944 25.355 40
14571 4297 4 0 44.6127056 25.355 42.13122
14572 4297 4 0 46.0952944 27.012 42.13122
14573 4297 3 0 46.8007056 27.012 40
14574 4297 3 0 43.9072944 28.669 40
14575 4297 4 0 44.6127056 28.669 42.13122
14576 4297 4 0 46.0952944 30.326 42.13122
14577 4297 3 0 46.8007056 30.326 40
14578 4297 3 0 43.9072944 31.983 40
14579 4297 4 0 44.6127056 31.983 42.13122
14580 4297 4 0 46.0952944 33.64 42.13122
14581 4297 3 0 46.8007056 33.64 40
14582 4297 3 0 43.9072944 35.297 40
14583 4297 4 0 44.6127056 35.297 42.13122
14584 4297 4 0 46.0952944 36.954 42.13122
14585 4297 3 0 46.8007056 36.954 40
14586 4297 3 0 43.9072944 38.611 40
14587 4297 4 0 44.6127056 38.611 42.13122
14588 4297 4 0 46.0952944 40.268 42.13122
14589 4297 3 0 46.8007056 40.268 40
14590 4297 3 0 43.9072944 41.925 40
14591 4297 4 0 44.6127056 41.925 42.13122
14592 4297 4 0 46.0952944 43.582 42.13122
14593 4297 3 0 46.8007056 43.582 40
14594 4297 3 0 43.9072944 45.239 40
14595 4297 4 0 44.6127056 45.239 42.13122
14596 4297 4 0 46.0952944 46.896 42.13122
14597 4297 3 0 46.8007056 46.896 40
14598 4297 3 0 43.9072944 48.553 40
14599 4297 4 0 44.6127056 48.553 42.13122
14600 4297 4 0 46.0952944 50.21 42.13122
14601 4297 3 0 46.8007056 50.21 40
14602 4297 3 0 43.9072944 51.867 40
14603 4297 4 0 44.6127056 51.867 42.13122
14604 4297 4 0 46.0952944 53.524 42.13122
14605 4297 3 0 46.8007056 53.524 40
14606 4297 3 0 43.9072944 55.181 40
14607 4297 4 0 44.6127056 55.181 42.13122
14608 4297 4 0 46.0952944 56.838 42.13122
14609 4297 3 0 46.8007056 56.838 40
14610 4297 3 0 43.9072944 58.495 40
14611 4297 4 0 44.6127056 58.495 42.13122
14612 4297 4 0 46.0952944 60.152 42.13122
14613 4297 3 0 46.8007056 60.152 40
14614 4297 3 0 48.2832944 2.157 40
14615 4297 4 0 48.9887056 2.157 42.13122
14616 4297 4 0 50.4712944 3.814 42.13122
14617 4297 3 0 51.1767056 3.814 40
14618 4297 3 0 48.2832944 5.471 40
14619 4297 4 0 48.9887056 5.471 42.13122
14620 4297 4 0 50.4712944 7.128 42.13122
14621 4297 3 0 51.1767056 7.128 40
14622 4297 3 0 48.2832944 8.785 40
14623 4297 4 0 48.9887056 8.785 42.13122
14624 4297 4 0 50.4712944 10.442 42.13122
14625 4297 3 0 51.1767056 10.442 40
14626 4297 3 0 48.2832944 12.099 40
14627 4297 4 0 48.9887056 12.099 42.13122
14628 4297 4 0 50.4712944 13.756 42.13122
14629 4297 3 0 51.1767056 13.756 40
14630 4297 3 0 48.2832944 15.413 40
14631 4297 4 0 48.9887056 15.413 42.13122
14632 4297 4 0 50.4712944 17.07 42.13122
14633 4297 3 0 51.1767056 17.07 40
14634 4297 3 0 48.2832944 18.727 40
14635 4297 4 0 48.9887056 18.727 42.13122
14636 4297 4 0 50.4712944 20.384 42.13122
14637 4297 3 0 51.1767056 20.384 40
14638 4297 3 0 48.2832944 22.041 40
14639 4297 4 0 48.9887056 22.041 42.13122
14640 4297 4 0 50.4712944 23.698 42.13122
14641 4297 3 0 51.1767056 23.698 40
14642 4297 3 0 48.2832944 25.355 40
14643 4297 4 0 48.9887056 25.355 42.13122
14644 4297 4 0 50.4712944 27.012 42.13122
14645 4297 3 0 51.1767056 27.012 40
14646 4297 3 0 48.2832944 28.669 40
14647 4297 4 0 48.9887056 28.669 42.13122
14648 4297 4 0 50.4712944 30.326 42.13122
14649 4297 3 0 51.1767056 30.326 40
14650 4297 3 0 48.2832944 31.983 40
14651 4297 4 0 48.9887056 31.983 42.13122
14652 4297 4 0 50.4712944 33.64 42.13122
14653 4297 3 0 51.1767056 33.64 40
14654 4297 3 0 48.2832944 35.297 40
14655 4297 4 0 48.9887056 35.297 42.13122
14656 4297 4 0 50.4712944 36.954 42.13122
14657 4297 3 0 51.1767056 36.954 40
14658 4297 3 0 48.2832944 38.611 40
14659 4297 4 0 48.9887056 38.611 42.13122
14660 4297 4 0 50.4712944 40.268 42.13122
14661 4297 3 0 51.1767056 40.268 40
14662 4297 3 0 48.2832944 41.925 40
14663 4297 4 0 48.9887056 41.925 42.13122
14664 4297 4 0 50.4712944 43.582 42.13122
14665 4297 3 0 51.1767056 43.582 40
14666 4297 3 0 48.2832944 45.239 40
14667 4297 4 0 48.9887056 45.239 42.13122
14668 4297 4 0 50.4712944 46.896 42.13122
14669 4297 3 0 51.1767056 46.896 40
14670 4297 3 0 48.2832944 48.553 40
14671 4297 4 0 48.9887056 48.553 42.13122
14672 4297 4 0 50.4712944 50.21 42.13122
14673 4297 3 0 51.1767056 50.21 40
14674 4297 3 0 48.2832944 51.867 40
14675 4297 4 0 48.9887056 51.867 42.13122
14676 4297 4 0 50.4712944 53.524 42.13122
14677 4297 3 0 51.1767056 53.524 40
14678 4297 3 0 48.2832944 55.181 40
14679 4297 4 0 48.9887056 55.181 42.13122
14680 4297 4 0 50.4712944 56.838 42.13122
14681 4297 3 0 51.1767056 56.838 40
14682 4297 3 0 48.2832944 58.495 40
14683 4297 4 0 48.9887056 58.495 42.13122
14684 4297 4 0 50.4712944 60.152 42.13122
14685 4297 3 0 51.1767056 60.152 40
14686 4297 3 0 52.6592944 2.157 40
14687 4297 4 0 53.3647056 2.157 42.13122
14688 4297 4 0 54.8472944 3.814 42.13122
14689 4297 3 0 55.5527056 3.814 40
14690 4297 3 0 52.6592944 5.471 40
14691 4297 4 0 53.3647056 5.471 42.13122
14692 4297 4 0 54.8472944 7.128 42.13122
14693 4297 3 0 55.5527056 7.128 40
14694 4297 3 0 52.6592944 8.785 40
14695 4297 4 0 53.3647056 8.785 42.13122
14696 4297 4 0 54.8472944 10.442 42.13122
14697 4297 3 0 55.5527056 10.442 40
14698 4297 3 0 52.6592944 12.099 40
14699 4297 4 0 53.3647056 12.099 42.13122
14700 4297 4 0 54.8472944 13.756 42.13122
14701 4297 3 0 55.5527056 13.756 40
14702 4297 3 0 52.6592944 15.413 40
14703 4297 4 0 53.3647056 15.413 42.13122
14704 4297 4 0 54.8472944 17.07 42.13122
14705 4297 3 0 55.5527056 17.07 40
14706 4297 3 0 52.6592944 18.727 40
14707 4297 4 0 53.3647056 18.727 42.13122
14708 4297 4 0 54.8472944 20.384 42.13122
14709 4297 3 0 55.5527056 20.384 40
14710 4297 3 0 52.6592944 22.041 40
14711 4297 4 0 53.3647056 22.041 42.13122
14712 4297 4 0 54.8472944 23.698 42.13122
14713 4297 3 0 55.5527056 23.698 40
14714 4297 3 0 52.6592944 25.355 40
14715 4297 4 0 53.3647056 25.355 42.13122
14716 4297 4 0 54.8472944 27.012 42.13122
14717 4297 3 0 55.5527056 27.012 40
14718 4297 3 0 52.6592944 28.669 40
14719 4297 4 0 53.3647056 28.669 42.13122
14720 4297 4 0 54.8472944 30.326 42.13122
14721 4297 3 0 55.5527056 30.326 40
14722 4297 3 0 52.6592944 31.983 40
14723 4297 4 0 53.3647056 31.983 42.13122
14724 4297 4 0 54.8472944 33.64 42.13122
14725 4297 3 0 55.5527056 33.64 40
14726 4297 3 0 52.6592944 35.297 40
14727 4297 4 0 53.3647056 35.297 42.13122
14728 4297 4 0 54.8472944 36.954 42.13122
14729 4297 3 0 55.5527056 36.954 40
14730 4297 3 0 52.6592944 38.611 40
14731 4297 4 0 53.3647056 38.611 42.13122
14732 4297 4 0 54.8472944 40.268 42.13122
14733 4297 3 0 55.5527056 40.268 40
14734 4297 3 0 52.6592944 41.925 40
14735 4297 4 0 53.3647056 41.925 42.13122
14736 4297 4 0 54.8472944 43.582 42.13122
14737 4297 3 0 55.5527056 43.582 40
14738 4297 3 0 52.6592944 45.239 40
14739 4297 4 0 53.3647056 45.239 42.13122
14740 4297 4 0 54.8472944 46.896 42.13122
14741 4297 3 0 55.5527056 46.896 40
14742 4297 3 0 52.6592944 48.553 40
14743 4297 4 0 53.3647056 48.553 42.13122
14744 4297 4 0 54.8472944 50.21 42.13122
14745 4297 3 0 55.5527056 50.21 40
14746 4297 3 0 52.6592944 51.867 40
14747 4297 4 0 53.3647056 51.867 42.13122
14748 4297 4 0 54.8472944 53.524 42.13122
14749 4297 3 0 55.5527056 53.524 40
14750 4297 3 0 52.6592944 55.181 40
14751 4297 4 0 53.3647056 55.181 42.13122
14752 4297 4 0 54.8472944 56.838 42.13122
14753 4297 3 0 55.5527056 56.838 40
14754 4297 3 0 52.6592944 58.495 40
14755 4297 4 0 53.3647056 58.495 42.13122
14756 4297 4 0 54.8472944 60.152 42.13122
14757 4297 3 0 55.5527056 60.152 40
