12886 4296 3 0 0.1472944 2.157 -2.13122
12887 4296 4 0 0.8527056 2.157 0
12888 4296 4 0 2.3352944 3.814 0
12889 4296 3 0 3.0407056 3.814 -2.13122
12890 4296 3 0 0.1472944 5.471 -2.13122
12891 4296 4 0 0.8527056 5.471 0
12892 4296 4 0 2.3352944 7.128 0
12893 4296 3 0 3.0407056 7.128 -2.13122
12894 4296 3 0 0.1472944 8.785 -2.13122
12895 4296 4 0 0.8527056 8.785 0
12896 4296 4 0 2.3352944 10.442 0
12897 4296 3 0 3.0407056 10.442 -2.13122
12898 4296 3 0 0.1472944 12.099 -2.13122
12899 4296 4 0 0.8527056 12.099 0
12900 4296 4 0 2.3352944 13.756 0
12901 4296 3 0 3.0407056 13.756 -2.13122
12902 4296 3 0 0.1472944 15.413 -2.13122
12903 4296 4 0 0.8527056 15.413 0
12904 4296 4 0 2.3352944 17.07 0
12905 4296 3 0 3.0407056 17.07 -2.13122
12906 4296 3 0 0.1472944 18.727 -2.13122
12907 4296 4 0 0.8527056 18.727 0
12908 4296 4 0 2.3352944 20.384 0
12909 4296 3 0 3.0407056 20.384 -2.13122
12910 4296 3 0 0.1472944 22.041 -2.13122
12911 4296 4 0 0.8527056 22.041 0
12912 4296 4 0 2.3352944 23.698 0
12913 4296 3 0 3.0407056 23.698 -2.13122
12914 4296 3 0 0.1472944 25.355 -2.13122
12915 4296 4 0 0.8527056 25.355 0
12916 4296 4 0 2.3352944 27.012 0
12917 4296 3 0 3.0407056 27.012 -2.13122
12918 4296 3 0 0.1472944 28.669 -2.13122
12919 4296 4 0 0.8527056 28.669 0
12920 4296 4 0 2.3352944 30.326 0
12921 4296 3 0 3.0407056 30.326 -2.13122
12922 4296 3 0 0.1472944 31.983 -2.13122
12923 4296 4 0 0.8527056 31.983 0
12924 4296 4 0 2.3352944 33.64 0
12925 4296 3 0 3.0407056 33.64 -2.13122
12926 4296 3 0 0.1472944 35.297 -2.13122
12927 4296 4 0 0.8527056 35.297 0
12928 4296 4 0 2.3352944 36.954 0
12929 4296 3 0 3.0407056 36.954 -2.13122
12930 4296 3 0 0.1472944 38.611 -2.13122
12931 4296 4 0 0.8527056 38.611 0
12932 4296 4 0 2.3352944 40.268 0
12933 4296 3 0 3.0407056 40.268 -2.13122
12934 4296 3 0 0.1472944 41.925 -2.13122
12935 4296 4 0 0.8527056 41.925 0
12936 4296 4 0 2.3352944 43.582 0
12937 4296 3 0 3.0407056 43.582 -2.13122
12938 4296 3 0 0.1472944 45.239 -2.13122
12939 4296 4 0 0.8527056 45.239 0
12940 4296 4 0 2.3352944 46.896 0
12941 4296 3 0 3.0407056 46.896 -2.13122
12942 4296 3 0 0.1472944 48.553 -2.13122
12943 4296 4 0 0.8527056 48.553 0
12944 4296 4 0 2.3352944 50.21 0
12945 4296 3 0 3.0407056 50.21 -2.13122
12946 4296 3 0 0.1472944 51.867 -2.13122
12947 4296 4 0 0.8527056 51.867 0
12948 4296 4 0 2.3352944 53.524 0
12949 4296 3 0 3.0407056 53.524 -2.13122
12950 4296 3 0 0.1472944 55.181 -2.13122
12951 4296 4 0 0.8527056 55.181 0
12952 4296 4 0 2.3352944 56.838 0
12953 4296 3 0 3.0407056 56.838 -2.13122
12954 4296 3 0 0.1472944 58.495 -2.13122
12955 4296 4 0 0.8527056 58.495 0
12956 4296 4 0 2.3352944 60.152 0
12957 4296 3 0 3.0407056 60.152 -2.13122
12958 4296 3 0 4.5232944 2.157 -2.13122
12959 4296 4 0 5.2287056 2.157 0
12960 4296 4 0 6.7112944 3.814 0
12961 4296 3 0 7.4167056 3.814 -2.13122
12962 4296 3 0 4.5232944 5.471 -2.13122
12963 4296 4 0 5.2287056 5.471 0
12964 4296 4 0 6.7112944 7.128 0
12965 4296 3 0 7.4167056 7.128 -2.13122
12966 4296 3 0 4.5232944 8.785 -2.13122
12967 4296 4 0 5.2287056 8.785 0
12968 4296 4 0 6.7112944 10.442 0
12969 4296 3 0 7.4167056 10.442 -2.13122
12970 4296 3 0 4.5232944 12.099 -2.13122
12971 4296 4 0 5.2287056 12.099 0
12972 4296 4 0 6.7112944 13.756 0
12973 4296 3 0 7.4167056 13.756 -2.13122
12974 4296 3 0 4.5232944 15.413 -2.13122
12975 4296 4 0 5.2287056 15.413 0
12976 4296 4 0 6.7112944 17.07 0
12977 4296 3 0 7.4167056 17.07 -2.13122
12978 4296 3 0 4.5232944 18.727 -2.13122
12979 4296 4 0 5.2287056 18.727 0
12980 4296 4 0 6.7112944 20.384 0
12981 4296 3 0 7.4167056 20.384 -2.13122
12982 4296 3 0 4.5232944 22.041 -2.13122
12983 4296 4 0 5.2287056 22.041 0
12984 4296 4 0 6.7112944 23.698 0
12985 4296 3 0 7.4167056 23.698 -2.13122
12986 4296 3 0 4.5232944 25.355 -2.13122
12987 4296 4 0 5.2287056 25.355 0
12988 4296 4 0 6.7112944 27.012 0
12989 4296 3 0 7.4167056 27.012 -2.13122
12990 4296 3 0 4.5232944 28.669 -2.13122
12991 4296 4 0 5.2287056 28.669 0
12992 4296 4 0 6.7112944 30.326 0
12993 4296 3 0 7.4167056 30.326 -2.13122
12994 4296 3 0 4.5232944 31.983 -2.13122
12995 4296 4 0 5.2287056 31.983 0
12996 4296 4 0 6.7112944 33.64 0
12997 4296 3 0 7.4167056 33.64 -2.13122
12998 4296 3 0 4.5232944 35.297 -2.13122
12999 4296 4 0 5.2287056 35.297 0
13000 4296 4 0 6.7112944 36.954 0
13001 4296 3 0 7.4167056 36.954 -2.13122
13002 4296 3 0 4.5232944 38.611 -2.13122
13003 4296 4 0 5.2287056 38.611 0
13004 4296 4 0 6.7112944 40.268 0
13005 4296 3 0 7.4167056 40.268 -2.13122
13006 4296 3 0 4.5232944 41.925 -2.13122
13007 4296 4 0 5.2287056 41.925 0
13008 4296 4 0 6.7112944 43.582 0
13009 4296 3 0 7.4167056 43.582 -2.13122
13010 4296 3 0 4.5232944 45.239 -2.13122
13011 4296 4 0 5.2287056 45.239 0
13012 4296 4 0 6.7112944 46.896 0
13013 4296 3 0 7.4167056 46.896 -2.13122
13014 4296 3 0 4.5232944 48.553 -2.13122
13015 4296 4 0 5.2287056 48.553 0
13016 4296 4 0 6.7112944 50.21 0
13017 4296 3 0 7.4167056 50.21 -2.13122
13018 4296 3 0 4.5232944 51.867 -2.13122
13019 4296 4 0 5.2287056 51.867 0
13020 4296 4 0 6.7112944 53.524 0
13021 4296 3 0 7.4167056 53.524 -2.13122
13022 4296 3 0 4.5232944 55.181 -2.13122
13023 4296 4 0 5.2287056 55.181 0
13024 4296 4 0 6.7112944 56.838 0
13025 4296 3 0 7.4167056 56.838 -2.13122
13026 4296 3 0 4.5232944 58.495 -2.13122
13027 4296 4 0 5.2287056 58.495 0
13028 4296 4 0 6.7112944 60.152 0
13029 4296 3 0 7.4167056 60.152 -2.13122
13030 4296 3 0 8.8992944 2.157 -2.13122
13031 4296 4 0 9.6047056 2.157 0
13032 4296 4 0 11.0872944 3.814 0
13033 4296 3 0 11.7927056 3.814 -2.13122
13034 4296 3 0 8.8992944 5.471 -2.13122
13035 4296 4 0 9.6047056 5.471 0
13036 4296 4 0 11.0872944 7.128 0
13037 4296 3 0 11.7927056 7.128 -2.13122
13038 4296 3 0 8.8992944 8.785 -2.13122
13039 4296 4 0 9.6047056 8.785 0
13040 4296 4 0 11.0872944 10.442 0
13041 4296 3 0 11.7927056 10.442 -2.13122
13042 4296 3 0 8.8992944 12.099 -2.13122
13043 4296 4 0 9.6047056 12.099 0
13044 4296 4 0 11.0872944 13.756 0
13045 4296 3 0 11.7927056 13.756 -2.13122
13046 4296 3 0 8.8992944 15.413 -2.13122
13047 4296 4 0 9.6047056 15.413 0
13048 4296 4 0 11.0872944 17.07 0
13049 4296 3 0 11.7927056 17.07 -2.13122
13050 4296 3 0 8.8992944 18.727 -2.13122
13051 4296 4 0 9.6047056 18.727 0
13052 4296 4 0 11.0872944 20.384 0
13053 4296 3 0 11.7927056 20.384 -2.13122
13054 4296 3 0 8.8992944 22.041 -2.13122
13055 4296 4 0 9.6047056 22.041 0
13056 4296 4 0 11.0872944 23.698 0
13057 4296 3 0 11.7927056 23.698 -2.13122
13058 4296 3 0 8.8992944 25.355 -2.13122
13059 4296 4 0 9.6047056 25.355 0
13060 4296 4 0 11.0872944 27.012 0
13061 4296 3 0 11.7927056 27.012 -2.13122
13062 4296 3 0 8.8992944 28.669 -2.13122
13063 4296 4 0 9.6047056 28.669 0
13064 4296 4 0 11.0872944 30.326 0
13065 4296 3 0 11.7927056 30.326 -2.13122
13066 4296 3 0 8.8992944 31.983 -2.13122
13067 4296 4 0 9.6047056 31.983 0
13068 4296 4 0 11.0872944 33.64 0
13069 4296 3 0 11.7927056 33.64 -2.13122
13070 4296 3 0 8.8992944 35.297 -2.13122
13071 4296 4 0 9.6047056 35.297 0
13072 4296 4 0 11.0872944 36.954 0
13073 4296 3 0 11.7927056 36.954 -2.13122
13074 4296 3 0 8.8992944 38.611 -2.13122
13075 4296 4 0 9.6047056 38.611 0
13076 4296 4 0 11.0872944 40.268 0
13077 4296 3 0 11.7927056 40.268 -2.13122
13078 4296 3 0 8.8992944 41.925 -2.13122
13079 4296 4 0 9.6047056 41.925 0
13080 4296 4 0 11.0872944 43.582 0
13081 4296 3 0 11.7927056 43.582 -2.13122
13082 4296 3 0 8.8992944 45.239 -2.13122
13083 4296 4 0 9.6047056 45.239 0
13084 4296 4 0 11.0872944 46.896 0
13085 4296 3 0 11.7927056 46.896 -2.13122
13086 4296 3 0 8.8992944 48.553 -2.13122
13087 4296 4 0 9.6047056 48.553 0
13088 4296 4 0 11.0872944 50.21 0
13089 4296 3 0 11.7927056 50.21 -2.13122
13090 4296 3 0 8.8992944 51.867 -2.13122
13091 4296 4 0 9.6047056 51.867 0
13092 4296 4 0 11.0872944 53.524 0
13093 4296 3 0 11.7927056 53.524 -2.13122
13094 4296 3 0 8.8992944 55.181 -2.13122
13095 4296 4 0 9.6047056 55.181 0
13096 4296 4 0 11.0872944 56.838 0
13097 4296 3 0 11.7927056 56.838 -2.13122
13098 4296 3 0 8.8992944 58.495 -2.13122
13099 4296 4 0 9.6047056 58.495 0
13100 4296 4 0 11.0872944 60.152 0
13101 4296 3 0 11.7927056 60.152 -2.13122
13102 4296 3 0 13.2752944 2.157 -2.13122
13103 4296 4 0 13.9807056 2.157 0
13104 4296 4 0 15.4632944 3.814 0
13105 4296 3 0 16.1687056 3.814 -2.13122
13106 4296 3 0 13.2752944 5.471 -2.13122
13107 4296 4 0 13.9807056 5.471 0
13108 4296 4 0 15.4632944 7.128 0
13109 4296 3 0 16.1687056 7.128 -2.13122
13110 4296 3 0 13.2752944 8.785 -2.13122
13111 4296 4 0 13.9807056 8.785 0
13112 4296 4 0 15.4632944 10.442 0
13113 4296 3 0 16.1687056 10.442 -2.13122
13114 4296 3 0 13.2752944 12.099 -2.13122
13115 4296 4 0 13.9807056 12.099 0
13116 4296 4 0 15.4632944 13.756 0
13117 4296 3 0 16.1687056 13.756 -2.13122
13118 4296 3 0 13.2752944 15.413 -2.13122
13119 4296 4 0 13.9807056 15.413 0
13120 4296 4 0 15.4632944 17.07 0
13121 4296 3 0 16.1687056 17.07 -2.13122
13122 4296 3 0 13.2752944 18.727 -2.13122
13123 4296 4 0 13.9807056 18.727 0
13124 4296 4 0 15.4632944 20.384 0
13125 4296 3 0 16.1687056 20.384 -2.13122
13126 4296 3 0 13.2752944 22.041 -2.13122
13127 4296 4 0 13.9807056 22.041 0
13128 4296 4 0 15.4632944 23.698 0
13129 4296 3 0 16.1687056 23.698 -2.13122
13130 4296 3 0 13.2752944 25.355 -2.13122
13131 4296 4 0 13.9807056 25.355 0
13132 4296 4 0 15.4632944 27.012 0
13133 4296 3 0 16.1687056 27.012 -2.13122
13134 4296 3 0 13.2752944 28.669 -2.13122
13135 4296 4 0 13.9807056 28.669 0
13136 4296 4 0 15.4632944 30.326 0
13137 4296 3 0 16.1687056 30.326 -2.13122
13138 4296 3 0 13.2752944 31.983 -2.13122
13139 4296 4 0 13.9807056 31.983 0
13140 4296 4 0 15.4632944 33.64 0
13141 4296 3 0 16.1687056 33.64 -2.13122
13142 4296 3 0 13.2752944 35.297 -2.13122
13143 4296 4 0 13.9807056 35.297 0
13144 4296 4 0 15.4632944 36.954 0
13145 4296 3 0 16.1687056 36.954 -2.13122
13146 4296 3 0 13.2752944 38.611 -2.13122
13147 4296 4 0 13.9807056 38.611 0
13148 4296 4 0 15.4632944 40.268 0
13149 4296 3 0 16.1687056 40.268 -2.13122
13150 4296 3 0 13.2752944 41.925 -2.13122
13151 4296 4 0 13.9807056 41.925 0
13152 4296 4 0 15.4632944 43.582 0
13153 4296 3 0 16.1687056 43.582 -2.13122
13154 4296 3 0 13.2752944 45.239 -2.13122
13155 4296 4 0 13.9807056 45.239 0
13156 4296 4 0 15.4632944 46.896 0
13157 4296 3 0 16.1687056 46.896 -2.13122
13158 4296 3 0 13.2752944 48.553 -2.13122
13159 4296 4 0 13.9807056 48.553 0
13160 4296 4 0 15.4632944 50.21 0
13161 4296 3 0 16.1687056 50.21 -2.13122
13162 4296 3 0 13.2752944 51.867 -2.13122
13163 4296 4 0 13.9807056 51.867 0
13164 4296 4 0 15.4632944 53.524 0
13165 4296 3 0 16.1687056 53.524 -2.13122
13166 4296 3 0 13.2752944 55.181 -2.13122
13167 4296 4 0 13.9807056 55.181 0
13168 4296 4 0 15.4632944 56.838 0
13169 4296 3 0 16.1687056 56.838 -2.13122
13170 4296 3 0 13.2752944 58.495 -2.13122
13171 4296 4 0 13.9807056 58.495 0
13172 4296 4 0 15.4632944 60.152 0
13173 4296 3 0 16.1687056 60.152 -2.13122
13174 4296 3 0 17.6512944 2.157 -2.13122
13175 4296 4 0 18.3567056 2.157 0
13176 4296 4 0 19.8392944 3.814 0
13177 4296 3 0 20.5447056 3.814 -2.13122
13178 4296 3 0 17.6512944 5.471 -2.13122
13179 4296 4 0 18.3567056 5.471 0
13180 4296 4 0 19.8392944 7.128 0
13181 4296 3 0 20.5447056 7.128 -2.13122
13182 4296 3 0 17.6512944 8.785 -2.13122
13183 4296 4 0 18.3567056 8.785 0
13184 4296 4 0 19.8392944 10.442 0
13185 4296 3 0 20.5447056 10.442 -2.13122
13186 4296 3 0 17.6512944 12.099 -2.13122
13187 4296 4 0 18.3567056 12.099 0
13188 4296 4 0 19.8392944 13.756 0
13189 4296 3 0 20.5447056 13.756 -2.13122
13190 4296 3 0 17.6512944 15.413 -2.13122
13191 4296 4 0 18.3567056 15.413 0
13192 4296 4 0 19.8392944 17.07 0
13193 4296 3 0 20.5447056 17.07 -2.13122
13194 4296 3 0 17.6512944 18.727 -2.13122
13195 4296 4 0 18.3567056 18.727 0
13196 4296 4 0 19.8392944 20.384 0
13197 4296 3 0 20.5447056 20.384 -2.13122
13198 4296 3 0 17.6512944 22.041 -2.13122
13199 4296 4 0 18.3567056 22.041 0
13200 4296 4 0 19.8392944 23.698 0
13201 4296 3 0 20.5447056 23.698 -2.13122
13202 4296 3 0 17.6512944 25.355 -2.13122
13203 4296 4 0 18.3567056 25.355 0
13204 4296 4 0 19.8392944 27.012 0
13205 4296 3 0 20.5447056 27.012 -2.13122
13206 4296 3 0 17.6512944 28.669 -2.13122
13207 4296 4 0 18.3567056 28.669 0
13208 4296 4 0 19.8392944 30.326 0
13209 4296 3 0 20.5447056 30.326 -2.13122
13210 4296 3 0 17.6512944 31.983 -2.13122
13211 4296 4 0 18.3567056 31.983 0
13212 4296 4 0 19.8392944 33.64 0
13213 4296 3 0 20.5447056 33.64 -2.13122
13214 4296 3 0 17.6512944 35.297 -2.13122
13215 4296 4 0 18.3567056 35.297 0
13216 4296 4 0 19.8392944 36.954 0
13217 4296 3 0 20.5447056 36.954 -2.13122
13218 4296 3 0 17.6512944 38.611 -2.13122
13219 4296 4 0 18.3567056 38.611 0
13220 4296 4 0 19.8392944 40.268 0
13221 4296 3 0 20.5447056 40.268 -2.13122
13222 4296 3 0 17.6512944 41.925 -2.13122
13223 4296 4 0 18.3567056 41.925 0
13224 4296 4 0 19.8392944 43.582 0
13225 4296 3 0 20.5447056 43.582 -2.13122
13226 4296 3 0 17.6512944 45.239 -2.13122
13227 4296 4 0 18.3567056 45.239 0
13228 4296 4 0 19.8392944 46.896 0
13229 4296 3 0 20.5447056 46.896 -2.13122
13230 4296 3 0 17.6512944 48.553 -2.13122
13231 4296 4 0 18.3567056 48.553 0
13232 4296 4 0 19.8392944 50.21 0
13233 4296 3 0 20.5447056 50.21 -2.13122
13234 4296 3 0 17.6512944 51.867 -2.13122
13235 4296 4 0 18.3567056 51.867 0
13236 4296 4 0 19.8392944 53.524 0
13237 4296 3 0 20.5447056 53.524 -2.13122
13238 4296 3 0 17.6512944 55.181 -2.13122
13239 4296 4 0 18.3567056 55.181 0
13240 4296 4 0 19.8392944 56.838 0
13241 4296 3 0 20.5447056 56.838 -2.13122
13242 4296 3 0 17.6512944 58.495 -2.13122
13243 4296 4 0 18.3567056 58.495 0
13244 4296 4 0 19.8392944 60.152 0
13245 4296 3 0 20.5447056 60.152 -2.13122
13246 4296 3 0 22.0272944 2.157 -2.13122
13247 4296 4 0 22.7327056 2.157 0
13248 4296 4 0 24.2152944 3.814 0
13249 4296 3 0 24.9207056 3.814 -2.13122
13250 4296 3 0 22.0272944 5.471 -2.13122
13251 4296 4 0 22.7327056 5.471 0
13252 4296 4 0 24.2152944 7.128 0
13253 4296 3 0 24.9207056 7.128 -2.13122
13254 4296 3 0 22.0272944 8.785 -2.13122
13255 4296 4 0 22.7327056 8.785 0
13256 4296 4 0 24.2152944 10.442 0
13257 4296 3 0 24.9207056 10.442 -2.13122
13258 4296 3 0 22.0272944 12.099 -2.13122
13259 4296 4 0 22.7327056 12.099 0
13260 4296 4 0 24.2152944 13.756 0
13261 4296 3 0 24.9207056 13.756 -2.13122
13262 4296 3 0 22.0272944 15.413 -2.13122
13263 4296 4 0 22.7327056 15.413 0
13264 4296 4 0 24.2152944 17.07 0
13265 4296 3 0 24.9207056 17.07 -2.13122
13266 4296 3 0 22.0272944 18.727 -2.13122
13267 4296 4 0 22.7327056 18.727 0
13268 4296 4 0 24.2152944 20.384 0
13269 4296 3 0 24.9207056 20.384 -2.13122
13270 4296 3 0 22.0272944 22.041 -2.13122
13271 4296 4 0 22.7327056 22.041 0
13272 4296 4 0 24.2152944 23.698 0
13273 4296 3 0 24.9207056 23.698 -2.13122
13274 4296 3 0 22.0272944 25.355 -2.13122
13275 4296 4 0 22.7327056 25.355 0
13276 4296 4 0 24.2152944 27.012 0
13277 4296 3 0 24.9207056 27.012 -2.13122
13278 4296 3 0 22.0272944 28.669 -2.13122
13279 4296 4 0 22.7327056 28.669 0
13280 4296 4 0 24.2152944 30.326 0
13281 4296 3 0 24.9207056 30.326 -2.13122
13282 4296 3 0 22.0272944 31.983 -2.13122
13283 4296 4 0 22.7327056 31.983 0
13284 4296 4 0 24.2152944 33.64 0
13285 4296 3 0 24.9207056 33.64 -2.13122
13286 4296 3 0 22.0272944 35.297 -2.13122
13287 4296 4 0 22.7327056 35.297 0
13288 4296 4 0 24.2152944 36.954 0
13289 4296 3 0 24.9207056 36.954 -2.13122
13290 4296 3 0 22.0272944 38.611 -2.13122
13291 4296 4 0 22.7327056 38.611 0
13292 4296 4 0 24.2152944 40.268 0
13293 4296 3 0 24.9207056 40.268 -2.13122
13294 4296 3 0 22.0272944 41.925 -2.13122
13295 4296 4 0 22.7327056 41.925 0
13296 4296 4 0 24.2152944 43.582 0
13297 4296 3 0 24.9207056 43.582 -2.13122
13298 4296 3 0 22.0272944 45.239 -2.13122
13299 4296 4 0 22.7327056 45.239 0
13300 4296 4 0 24.2152944 46.896 0
13301 4296 3 0 24.9207056 46.896 -2.13122
13302 4296 3 0 22.0272944 48.553 -2.13122
13303 4296 4 0 22.7327056 48.553 0
13304 4296 4 0 24.2152944 50.21 0
13305 4296 3 0 24.9207056 50.21 -2.13122
13306 4296 3 0 22.0272944 51.867 -2.13122
13307 4296 4 0 22.7327056 51.867 0
13308 4296 4 0 24.2152944 53.524 0
13309 4296 3 0 24.9207056 53.524 -2.13122
13310 4296 3 0 22.0272944 55.181 -2.13122
13311 4296 4 0 22.7327056 55.181 0
13312 4296 4 0 24.2152944 56.838 0
13313 4296 3 0 24.9207056 56.838 -2.13122
13314 4296 3 0 22.0272944 58.495 -2.13122
13315 4296 4 0 22.7327056 58.495 0
13316 4296 4 0 24.2152944 60.152 0
13317 4296 3 0 24.9207056 60.152 -2.13122
13318 4296 3 0 26.4032944 2.157 -2.13122
13319 4296 4 0 27.1087056 2.157 0
13320 4296 4 0 28.5912944 3.814 0
13321 4296 3 0 29.2967056 3.814 -2.13122
13322 4296 3 0 26.4032944 5.471 -2.13122
13323 4296 4 0 27.1087056 5.471 0
13324 4296 4 0 28.5912944 7.128 0
13325 4296 3 0 29.2967056 7.128 -2.13122
13326 4296 3 0 26.4032944 8.785 -2.13122
13327 4296 4 0 27.1087056 8.785 0
13328 4296 4 0 28.5912944 10.442 0
13329 4296 3 0 29.2967056 10.442 -2.13122
13330 4296 3 0 26.4032944 12.099 -2.13122
13331 4296 4 0 27.1087056 12.099 0
13332 4296 4 0 28.5912944 13.756 0
13333 4296 3 0 29.2967056 13.756 -2.13122
13334 4296 3 0 26.4032944 15.413 -2.13122
13335 4296 4 0 27.1087056 15.413 0
13336 4296 4 0 28.5912944 17.07 0
13337 4296 3 0 29.2967056 17.07 -2.13122
13338 4296 3 0 26.4032944 18.727 -2.13122
13339 4296 4 0 27.1087056 18.727 0
13340 4296 4 0 28.5912944 20.384 0
13341 4296 3 0 29.2967056 20.384 -2.13122
13342 4296 3 0 26.4032944 22.041 -2.13122
13343 4296 4 0 27.1087056 22.041 0
13344 4296 4 0 28.5912944 23.698 0
13345 4296 3 0 29.2967056 23.698 -2.13122
13346 4296 3 0 26.4032944 25.355 -2.13122
13347 4296 4 0 27.1087056 25.355 0
13348 4296 4 0 28.5912944 27.012 0
13349 4296 3 0 29.2967056 27.012 -2.13122
13350 4296 3 0 26.4032944 28.669 -2.13122
13351 4296 4 0 27.1087056 28.669 0
13352 4296 4 0 28.5912944 30.326 0
13353 4296 3 0 29.2967056 30.326 -2.13122
13354 4296 3 0 26.4032944 31.983 -2.13122
13355 4296 4 0 27.1087056 31.983 0
13356 4296 4 0 28.5912944 33.64 0
13357 4296 3 0 29.2967056 33.64 -2.13122
13358 4296 3 0 26.4032944 35.297 -2.13122
13359 4296 4 0 27.1087056 35.297 0
13360 4296 4 0 28.5912944 36.954 0
13361 4296 3 0 29.2967056 36.954 -2.13122
13362 4296 3 0 26.4032944 38.611 -2.13122
13363 4296 4 0 27.1087056 38.611 0
13364 4296 4 0 28.5912944 40.268 0
13365 4296 3 0 29.2967056 40.268 -2.13122
13366 4296 3 0 26.4032944 41.925 -2.13122
13367 4296 4 0 27.1087056 41.925 0
13368 4296 4 0 28.5912944 43.582 0
13369 4296 3 0 29.2967056 43.582 -2.13122
13370 4296 3 0 26.4032944 45.239 -2.13122
13371 4296 4 0 27.1087056 45.239 0
13372 4296 4 0 28.5912944 46.896 0
13373 4296 3 0 29.2967056 46.896 -2.13122
13374 4296 3 0 26.4032944 48.553 -2.13122
13375 4296 4 0 27.1087056 48.553 0
13376 4296 4 0 28.5912944 50.21 0
13377 4296 3 0 29.2967056 50.21 -2.13122
13378 4296 3 0 26.4032944 51.867 -2.13122
13379 4296 4 0 27.1087056 51.867 0
13380 4296 4 0 28.5912944 53.524 0
13381 4296 3 0 29.2967056 53.524 -2.13122
13382 4296 3 0 26.4032944 55.181 -2.13122
13383 4296 4 0 27.1087056 55.181 0
13384 4296 4 0 28.5912944 56.838 0
13385 4296 3 0 29.2967056 56.838 -2.13122
13386 4296 3 0 26.4032944 58.495 -2.13122
13387 4296 4 0 27.1087056 58.495 0
13388 4296 4 0 28.5912944 60.152 0
13389 4296 3 0 29.2967056 60.152 -2.13122
13390 4296 3 0 30.7792944 2.157 -2.13122
13391 4296 4 0 31.4847056 2.157 0
13392 4296 4 0 32.9672944 3.814 0
13393 4296 3 0 33.6727056 3.814 -2.13122
13394 4296 3 0 30.7792944 5.471 -2.13122
13395 4296 4 0 31.4847056 5.471 0
13396 4296 4 0 32.9672944 7.128 0
13397 4296 3 0 33.6727056 7.128 -2.13122
13398 4296 3 0 30.7792944 8.785 -2.13122
13399 4296 4 0 31.4847056 8.785 0
13400 4296 4 0 32.9672944 10.442 0
13401 4296 3 0 33.6727056 10.442 -2.13122
13402 4296 3 0 30.7792944 12.099 -2.13122
13403 4296 4 0 31.4847056 12.099 0
13404 4296 4 0 32.9672944 13.756 0
13405 4296 3 0 33.6727056 13.756 -2.13122
13406 4296 3 0 30.7792944 15.413 -2.13122
13407 4296 4 0 31.4847056 15.413 0
13408 4296 4 0 32.9672944 17.07 0
13409 4296 3 0 33.6727056 17.07 -2.13122
13410 4296 3 0 30.7792944 18.727 -2.13122
13411 4296 4 0 31.4847056 18.727 0
13412 4296 4 0 32.9672944 20.384 0
13413 4296 3 0 33.6727056 20.384 -2.13122
13414 4296 3 0 30.7792944 22.041 -2.13122
13415 4296 4 0 31.4847056 22.041 0
13416 4296 4 0 32.9672944 23.698 0
13417 4296 3 0 33.6727056 23.698 -2.13122
13418 4296 3 0 30.7792944 25.355 -2.13122
13419 4296 4 0 31.4847056 25.355 0
13420 4296 4 0 32.9672944 27.012 0
13421 4296 3 0 33.6727056 27.012 -2.13122
13422 4296 3 0 30.7792944 28.669 -2.13122
13423 4296 4 0 31.4847056 28.669 0
13424 4296 4 0 32.9672944 30.326 0
13425 4296 3 0 33.6727056 30.326 -2.13122
13426 4296 3 0 30.7792944 31.983 -2.13122
13427 4296 4 0 31.4847056 31.983 0
13428 4296 4 0 32.9672944 33.64 0
13429 4296 3 0 33.6727056 33.64 -2.13122
13430 4296 3 0 30.7792944 35.297 -2.13122
13431 4296 4 0 31.4847056 35.297 0
13432 4296 4 0 32.9672944 36.954 0
13433 4296 3 0 33.6727056 36.954 -2.13122
13434 4296 3 0 30.7792944 38.611 -2.13122
13435 4296 4 0 31.4847056 38.611 0
13436 4296 4 0 32.9672944 40.268 0
13437 4296 3 0 33.6727056 40.268 -2.13122
13438 4296 3 0 30.7792944 41.925 -2.13122
13439 4296 4 0 31.4847056 41.925 0
13440 4296 4 0 32.9672944 43.582 0
13441 4296 3 0 33.6727056 43.582 -2.13122
13442 4296 3 0 30.7792944 45.239 -2.13122
13443 4296 4 0 31.4847056 45.239 0
13444 4296 4 0 32.9672944 46.896 0
13445 4296 3 0 33.6727056 46.896 -2.13122
13446 4296 3 0 30.7792944 48.553 -2.13122
13447 4296 4 0 31.4847056 48.553 0
13448 4296 4 0 32.9672944 50.21 0
13449 4296 3 0 33.6727056 50.21 -2.13122
13450 4296 3 0 30.7792944 51.867 -2.13122
13451 4296 4 0 31.4847056 51.867 0
13452 4296 4 0 32.9672944 53.524 0
13453 4296 3 0 33.6727056 53.524 -2.13122
13454 4296 3 0 30.7792944 55.181 -2.13122
13455 4296 4 0 31.4847056 55.181 0
13456 4296 4 0 32.9672944 56.838 0
13457 4296 3 0 33.6727056 56.838 -2.13122
13458 4296 3 0 30.7792944 58.495 -2.13122
13459 4296 4 0 31.4847056 58.495 0
13460 4296 4 0 32.9672944 60.152 0
13461 4296 3 0 33.6727056 60.152 -2.13122
13462 4296 3 0 35.1552944 2.157 -2.13122
13463 4296 4 0 35.8607056 2.157 0
13464 4296 4 0 37.3432944 3.814 0
13465 4296 3 0 38.0487056 3.814 -2.13122
13466 4296 3 0 35.1552944 5.471 -2.13122
13467 4296 4 0 35.8607056 5.471 0
13468 4296 4 0 37.3432944 7.128 0
13469 4296 3 0 38.0487056 7.128 -2.13122
13470 4296 3 0 35.1552944 8.785 -2.13122
13471 4296 4 0 35.8607056 8.785 0
13472 4296 4 0 37.3432944 10.442 0
13473 4296 3 0 38.0487056 10.442 -2.13122
13474 4296 3 0 35.1552944 12.099 -2.13122
13475 4296 4 0 35.8607056 12.099 0
13476 4296 4 0 37.3432944 13.756 0
13477 4296 3 0 38.0487056 13.756 -2.13122
13478 4296 3 0 35.1552944 15.413 -2.13122
13479 4296 4 0 35.8607056 15.413 0
13480 4296 4 0 37.3432944 17.07 0
13481 4296 3 0 38.0487056 17.07 -2.13122
13482 4296 3 0 35.1552944 18.727 -2.13122
13483 4296 4 0 35.8607056 18.727 0
13484 4296 4 0 37.3432944 20.384 0
13485 4296 3 0 38.0487056 20.384 -2.13122
13486 4296 3 0 35.1552944 22.041 -2.13122
13487 4296 4 0 35.8607056 22.041 0
13488 4296 4 0 37.3432944 23.698 0
13489 4296 3 0 38.0487056 23.698 -2.13122
13490 4296 3 0 35.1552944 25.355 -2.13122
13491 4296 4 0 35.8607056 25.355 0
13492 4296 4 0 37.3432944 27.012 0
13493 4296 3 0 38.0487056 27.012 -2.13122
13494 4296 3 0 35.1552944 28.669 -2.13122
13495 4296 4 0 35.8607056 28.669 0
13496 4296 4 0 37.3432944 30.326 0
13497 4296 3 0 38.0487056 30.326 -2.13122
13498 4296 3 0 35.1552944 31.983 -2.13122
13499 4296 4 0 35.8607056 31.983 0
13500 4296 4 0 37.3432944 33.64 0
13501 4296 3 0 38.0487056 33.64 -2.13122
13502 4296 3 0 35.1552944 35.297 -2.13122
13503 4296 4 0 35.8607056 35.297 0
13504 4296 4 0 37.3432944 36.954 0
13505 4296 3 0 38.0487056 36.954 -2.13122
13506 4296 3 0 35.1552944 38.611 -2.13122
13507 4296 4 0 35.8607056 38.611 0
13508 4296 4 0 37.3432944 40.268 0
13509 4296 3 0 38.0487056 40.268 -2.13122
13510 4296 3 0 35.1552944 41.925 -2.13122
13511 4296 4 0 35.8607056 41.925 0
13512 4296 4 0 37.3432944 43.582 0
13513 4296 3 0 38.0487056 43.582 -2.13122
13514 4296 3 0 35.1552944 45.239 -2.13122
13515 4296 4 0 35.8607056 45.239 0
13516 4296 4 0 37.3432944 46.896 0
13517 4296 3 0 38.0487056 46.896 -2.13122
13518 4296 3 0 35.1552944 48.553 -2.13122
13519 4296 4 0 35.8607056 48.553 0
13520 4296 4 0 37.3432944 50.21 0
13521 4296 3 0 38.0487056 50.21 -2.13122
13522 4296 3 0 35.1552944 51.867 -2.13122
13523 4296 4 0 35.8607056 51.867 0
13524 4296 4 0 37.3432944 53.524 0
13525 4296 3 0 38.0487056 53.524 -2.13122
13526 4296 3 0 35.1552944 55.181 -2.13122
13527 4296 4 0 35.8607056 55.181 0
13528 4296 4 0 37.3432944 56.838 0
13529 4296 3 0 38.0487056 56.838 -2.13122
13530 4296 3 0 35.1552944 58.495 -2.13122
13531 4296 4 0 35.8607056 58.495 0
13532 4296 4 0 37.3432944 60.152 0
13533 4296 3 0 38.0487056 60.152 -2.13122
13534 4296 3 0 39.5312944 2.157 -2.13122
13535 4296 4 0 40.2367056 2.157 0
13536 4296 4 0 41.7192944 3.814 0
13537 4296 3 0 42.4247056 3.814 -2.13122
13538 4296 3 0 39.5312944 5.471 -2.13122
13539 4296 4 0 40.2367056 5.471 0
13540 4296 4 0 41.7192944 7.128 0
13541 4296 3 0 42.4247056 7.128 -2.13122
13542 4296 3 0 39.5312944 8.785 -2.13122
13543 4296 4 0 40.2367056 8.785 0
13544 4296 4 0 41.7192944 10.442 0
13545 4296 3 0 42.4247056 10.442 -2.13122
13546 4296 3 0 39.5312944 12.099 -2.13122
13547 4296 4 0 40.2367056 12.099 0
13548 4296 4 0 41.7192944 13.756 0
13549 4296 3 0 42.4247056 13.756 -2.13122
13550 4296 3 0 39.5312944 15.413 -2.13122
13551 4296 4 0 40.2367056 15.413 0
13552 4296 4 0 41.7192944 17.07 0
13553 4296 3 0 42.4247056 17.07 -2.13122
13554 4296 3 0 39.5312944 18.727 -2.13122
13555 4296 4 0 40.2367056 18.727 0
13556 4296 4 0 41.7192944 20.384 0
13557 4296 3 0 42.4247056 20.384 -2.13122
13558 4296 3 0 39.5312944 22.041 -2.13122
13559 4296 4 0 40.2367056 22.041 0
13560 4296 4 0 41.7192944 23.698 0
13561 4296 3 0 42.4247056 23.698 -2.13122
13562 4296 3 0 39.5312944 25.355 -2.13122
13563 4296 4 0 40.2367056 25.355 0
13564 4296 4 0 41.7192944 27.012 0
13565 4296 3 0 42.4247056 27.012 -2.13122
13566 4296 3 0 39.5312944 28.669 -2.13122
13567 4296 4 0 40.2367056 28.669 0
13568 4296 4 0 41.7192944 30.326 0
13569 4296 3 0 42.4247056 30.326 -2.13122
13570 4296 3 0 39.5312944 31.983 -2.13122
13571 4296 4 0 40.2367056 31.983 0
13572 4296 4 0 41.7192944 33.64 0
13573 4296 3 0 42.4247056 33.64 -2.13122
13574 4296 3 0 39.5312944 35.297 -2.13122
13575 4296 4 0 40.2367056 35.297 0
13576 4296 4 0 41.7192944 36.954 0
13577 4296 3 0 42.4247056 36.954 -2.13122
13578 4296 3 0 39.5312944 38.611 -2.13122
13579 4296 4 0 40.2367056 38.611 0
13580 4296 4 0 41.7192944 40.268 0
13581 4296 3 0 42.4247056 40.268 -2.13122
13582 4296 3 0 39.5312944 41.925 -2.13122
13583 4296 4 0 40.2367056 41.925 0
13584 4296 4 0 41.7192944 43.582 0
13585 4296 3 0 42.4247056 43.582 -2.13122
13586 4296 3 0 39.5312944 45.239 -2.13122
13587 4296 4 0 40.2367056 45.239 0
13588 4296 4 0 41.7192944 46.896 0
13589 4296 3 0 42.4247056 46.896 -2.13122
13590 4296 3 0 39.5312944 48.553 -2.13122
13591 4296 4 0 40.2367056 48.553 0
13592 4296 4 0 41.7192944 50.21 0
13593 4296 3 0 42.4247056 50.21 -2.13122
13594 4296 3 0 39.5312944 51.867 -2.13122
13595 4296 4 0 40.2367056 51.867 0
13596 4296 4 0 41.7192944 53.524 0
13597 4296 3 0 42.4247056 53.524 -2.13122
13598 4296 3 0 39.5312944 55.181 -2.13122
13599 4296 4 0 40.2367056 55.181 0
13600 4296 4 0 41.7192944 56.838 0
13601 4296 3 0 42.4247056 56.838 -2.13122
13602 4296 3 0 39.5312944 58.495 -2.13122
13603 4296 4 0 40.2367056 58.495 0
13604 4296 4 0 41.7192944 60.152 0
13605 4296 3 0 42.4247056 60.152 -2.13122
13606 4296 3 0 43.9072944 2.157 -2.13122
13607 4296 4 0 44.6127056 2.157 0
13608 4296 4 0 46.0952944 3.814 0
13609 4296 3 0 46.8007056 3.814 -2.13122
13610 4296 3 0 43.9072944 5.471 -2.13122
13611 4296 4 0 44.6127056 5.471 0
13612 4296 4 0 46.0952944 7.128 0
13613 4296 3 0 46.8007056 7.128 -2.13122
13614 4296 3 0 43.9072944 8.785 -2.13122
13615 4296 4 0 44.6127056 8.785 0
13616 4296 4 0 46.0952944 10.442 0
13617 4296 3 0 46.8007056 10.442 -2.13122
13618 4296 3 0 43.9072944 12.099 -2.13122
13619 4296 4 0 44.6127056 12.099 0
13620 4296 4 0 46.0952944 13.756 0
13621 4296 3 0 46.8007056 13.756 -2.13122
13622 4296 3 0 43.9072944 15.413 -2.13122
13623 4296 4 0 44.6127056 15.413 0
13624 4296 4 0 46.0952944 17.07 0
13625 4296 3 0 46.8007056 17.07 -2.13122
13626 4296 3 0 43.9072944 18.727 -2.13122
13627 4296 4 0 44.6127056 18.727 0
13628 4296 4 0 46.0952944 20.384 0
13629 4296 3 0 46.8007056 20.384 -2.13122
13630 4296 3 0 43.9072944 22.041 -2.13122
13631 4296 4 0 44.6127056 22.041 0
13632 4296 4 0 46.0952944 23.698 0
13633 4296 3 0 46.8007056 23.698 -2.13122
13634 4296 3 0 43.9072944 25.355 -2.13122
13635 4296 4 0 44.6127056 25.355 0
13636 4296 4 0 46.0952944 27.012 0
13637 4296 3 0 46.8007056 27.012 -2.13122
13638 4296 3 0 43.9072944 28.669 -2.13122
13639 4296 4 0 44.6127056 28.669 0
13640 4296 4 0 46.0952944 30.326 0
13641 4296 3 0 46.8007056 30.326 -2.13122
13642 4296 3 0 43.9072944 31.983 -2.13122
13643 4296 4 0 44.6127056 31.983 0
13644 4296 4 0 46.0952944 33.64 0
13645 4296 3 0 46.8007056 33.64 -2.13122
13646 4296 3 0 43.9072944 35.297 -2.13122
13647 4296 4 0 44.6127056 35.297 0
13648 4296 4 0 46.0952944 36.954 0
13649 4296 3 0 46.8007056 36.954 -2.13122
13650 4296 3 0 43.9072944 38.611 -2.13122
13651 4296 4 0 44.6127056 38.611 0
13652 4296 4 0 46.0952944 40.268 0
13653 4296 3 0 46.8007056 40.268 -2.13122
13654 4296 3 0 43.9072944 41.925 -2.13122
13655 4296 4 0 44.6127056 41.925 0
13656 4296 4 0 46.0952944 43.582 0
13657 4296 3 0 46.8007056 43.582 -2.13122
13658 4296 3 0 43.9072944 45.239 -2.13122
13659 4296 4 0 44.6127056 45.239 0
13660 4296 4 0 46.0952944 46.896 0
13661 4296 3 0 46.8007056 46.896 -2.13122
13662 4296 3 0 43.9072944 48.553 -2.13122
13663 4296 4 0 44.6127056 48.553 0
13664 4296 4 0 46.0952944 50.21 0
13665 4296 3 0 46.8007056 50.21 -2.13122
13666 4296 3 0 43.9072944 51.867 -2.13122
13667 4296 4 0 44.6127056 51.867 0
13668 4296 4 0 46.0952944 53.524 0
13669 4296 3 0 46.8007056 53.524 -2.13122
13670 4296 3 0 43.9072944 55.181 -2.13122
13671 4296 4 0 44.6127056 55.181 0
13672 4296 4 0 46.0952944 56.838 0
13673 4296 3 0 46.8007056 56.838 -2.13122
13674 4296 3 0 43.9072944 58.495 -2.13122
13675 4296 4 0 44.6127056 58.495 0
13676 4296 4 0 46.0952944 60.152 0
13677 4296 3 0 46.8007056 60.152 -2.13122
13678 4296 3 0 48.2832944 2.157 -2.13122
13679 4296 4 0 48.9887056 2.157 0
13680 4296 4 0 50.4712944 3.814 0
13681 4296 3 0 51.1767056 3.814 -2.13122
13682 4296 3 0 48.2832944 5.471 -2.13122
13683 4296 4 0 48.9887056 5.471 0
13684 4296 4 0 50.4712944 7.128 0
13685 4296 3 0 51.1767056 7.128 -2.13122
13686 4296 3 0 48.2832944 8.785 -2.13122
13687 4296 4 0 48.9887056 8.785 0
13688 4296 4 0 50.4712944 10.442 0
13689 4296 3 0 51.1767056 10.442 -2.13122
13690 4296 3 0 48.2832944 12.099 -2.13122
13691 4296 4 0 48.9887056 12.099 0
13692 4296 4 0 50.4712944 13.756 0
13693 4296 3 0 51.1767056 13.756 -2.13122
13694 4296 3 0 48.2832944 15.413 -2.13122
13695 4296 4 0 48.9887056 15.413 0
13696 4296 4 0 50.4712944 17.07 0
13697 4296 3 0 51.1767056 17.07 -2.13122
13698 4296 3 0 48.2832944 18.727 -2.13122
13699 4296 4 0 48.9887056 18.727 0
13700 4296 4 0 50.4712944 20.384 0
13701 4296 3 0 51.1767056 20.384 -2.13122
13702 4296 3 0 48.2832944 22.041 -2.13122
13703 4296 4 0 48.9887056 22.041 0
13704 4296 4 0 50.4712944 23.698 0
13705 4296 3 0 51.1767056 23.698 -2.13122
13706 4296 3 0 48.2832944 25.355 -2.13122
13707 4296 4 0 48.9887056 25.355 0
13708 4296 4 0 50.4712944 27.012 0
13709 4296 3 0 51.1767056 27.012 -2.13122
13710 4296 3 0 48.2832944 28.669 -2.13122
13711 4296 4 0 48.9887056 28.669 0
13712 4296 4 0 50.4712944 30.326 0
13713 4296 3 0 51.1767056 30.326 -2.13122
13714 4296 3 0 48.2832944 31.983 -2.13122
13715 4296 4 0 48.9887056 31.983 0
13716 4296 4 0 50.4712944 33.64 0
13717 4296 3 0 51.1767056 33.64 -2.13122
13718 4296 3 0 48.2832944 35.297 -2.13122
13719 4296 4 0 48.9887056 35.297 0
13720 4296 4 0 50.4712944 36.954 0
13721 4296 3 0 51.1767056 36.954 -2.13122
13722 4296 3 0 48.2832944 38.611 -2.13122
13723 4296 4 0 48.9887056 38.611 0
13724 4296 4 0 50.4712944 40.268 0
13725 4296 3 0 51.1767056 40.268 -2.13122
13726 4296 3 0 48.2832944 41.925 -2.13122
13727 4296 4 0 48.9887056 41.925 0
13728 4296 4 0 50.4712944 43.582 0
13729 4296 3 0 51.1767056 43.582 -2.13122
13730 4296 3 0 48.2832944 45.239 -2.13122
13731 4296 4 0 48.9887056 45.239 0
13732 4296 4 0 50.4712944 46.896 0
13733 4296 3 0 51.1767056 46.896 -2.13122
13734 4296 3 0 48.2832944 48.553 -2.13122
13735 4296 4 0 48.9887056 48.553 0
13736 4296 4 0 50.4712944 50.21 0
13737 4296 3 0 51.1767056 50.21 -2.13122
13738 4296 3 0 48.2832944 51.867 -2.13122
13739 4296 4 0 48.9887056 51.867 0
13740 4296 4 0 50.4712944 53.524 0
13741 4296 3 0 51.1767056 53.524 -2.13122
13742 4296 3 0 48.2832944 55.181 -2.13122
13743 4296 4 0 48.9887056 55.181 0
13744 4296 4 0 50.4712944 56.838 0
13745 4296 3 0 51.1767056 56.838 -2.13122
13746 4296 3 0 48.2832944 58.495 -2.13122
13747 4296 4 0 48.9887056 58.495 0
13748 4296 4 0 50.4712944 60.152 0
13749 4296 3 0 51.1767056 60.152 -2.13122
13750 4296 3 0 52.6592944 2.157 -2.13122
13751 4296 4 0 53.3647056 2.157 0
13752 4296 4 0 54.8472944 3.814 0
13753 4296 3 0 55.5527056 3.814 -2.13122
13754 4296 3 0 52.6592944 5.471 -2.13122
13755 4296 4 0 53.3647056 5.471 0
13756 4296 4 0 54.8472944 7.128 0
13757 4296 3 0 55.5527056 7.128 -2.13122
13758 4296 3 0 52.6592944 8.785 -2.13122
13759 4296 4 0 53.3647056 8.785 0
13760 4296 4 0 54.8472944 10.442 0
13761 4296 3 0 55.5527056 10.442 -2.13122
13762 4296 3 0 52.6592944 12.099 -2.13122
13763 4296 4 0 53.3647056 12.099 0
13764 4296 4 0 54.8472944 13.756 0
13765 4296 3 0 55.5527056 13.756 -2.13122
13766 4296 3 0 52.6592944 15.413 -2.13122
13767 4296 4 0 53.3647056 15.413 0
13768 4296 4 0 54.8472944 17.07 0
13769 4296 3 0 55.5527056 17.07 -2.13122
13770 4296 3 0 52.6592944 18.727 -2.13122
13771 4296 4 0 53.3647056 18.727 0
13772 4296 4 0 54.8472944 20.384 0
13773 4296 3 0 55.5527056 20.384 -2.13122
13774 4296 3 0 52.6592944 22.041 -2.13122
13775 4296 4 0 53.3647056 22.041 0
13776 4296 4 0 54.8472944 23.698 0
13777 4296 3 0 55.5527056 23.698 -2.13122
13778 4296 3 0 52.6592944 25.355 -2.13122
13779 4296 4 0 53.3647056 25.355 0
13780 4296 4 0 54.8472944 27.012 0
13781 4296 3 0 55.5527056 27.012 -2.13122
13782 4296 3 0 52.6592944 28.669 -2.13122
13783 4296 4 0 53.3647056 28.669 0
13784 4296 4 0 54.8472944 30.326 0
13785 4296 3 0 55.5527056 30.326 -2.13122
13786 4296 3 0 52.6592944 31.983 -2.13122
13787 4296 4 0 53.3647056 31.983 0
13788 4296 4 0 54.8472944 33.64 0
13789 4296 3 0 55.5527056 33.64 -2.13122
13790 4296 3 0 52.6592944 35.297 -2.13122
13791 4296 4 0 53.3647056 35.297 0
13792 4296 4 0 54.8472944 36.954 0
13793 4296 3 0 55.5527056 36.954 -2.13122
13794 4296 3 0 52.6592944 38.611 -2.13122
13795 4296 4 0 53.3647056 38.611 0
13796 4296 4 0 54.8472944 40.268 0
13797 4296 3 0 55.5527056 40.268 -2.13122
13798 4296 3 0 52.6592944 41.925 -2.13122
13799 4296 4 0 53.3647056 41.925 0
13800 4296 4 0 54.8472944 43.582 0
13801 4296 3 0 55.5527056 43.582 -2.13122
13802 4296 3 0 52.6592944 45.239 -2.13122
13803 4296 4 0 53.3647056 45.239 0
13804 4296 4 0 54.8472944 46.896 0
13805 4296 3 0 55.5527056 46.896 -2.13122
13806 4296 3 0 52.6592944 48.553 -2.13122
13807 4296 4 0 53.3647056 48.553 0
13808 4296 4 0 54.8472944 50.21 0
13809 4296 3 0 55.5527056 50.21 -2.13122
13810 4296 3 0 52.6592944 51.867 -2.13122
13811 4296 4 0 53.3647056 51.867 0
13812 4296 4 0 54.8472944 53.524 0
13813 4296 3 0 55.5527056 53.524 -2.13122
13814 4296 3 0 52.6592944 55.181 -2.13122
13815 4296 4 0 53.3647056 55.181 0
13816 4296 4 0 54.8472944 56.838 0
13817 4296 3 0 55.5527056 56.838 -2.13122
13818 4296 3 0 52.6592944 58.495 -2.13122
13819 4296 4 0 53.3647056 58.495 0
13820 4296 4 0 54.8472944 60.152 0
13821 4296 3 0 55.5527056 60.152 -2.13122
