38137 12378 5 0 0 0 100
38138 12378 5 0 -1.195115 0.69 100
38139 12378 5 0 -1.195115 2.07 100
38140 12378 5 0 0 2.76 100
38141 12378 5 0 2.39023 0 100
38142 12378 5 0 1.195115 0.69 100
38143 12378 5 0 1.195115 2.07 100
38144 12378 5 0 2.39023 2.76 100
38145 12378 5 0 4.78046 0 100
38146 12378 5 0 3.585345 0.69 100
38147 12378 5 0 3.585345 2.07 100
38148 12378 5 0 4.78046 2.76 100
38149 12378 5 0 7.170691 0 100
38150 12378 5 0 5.975575 0.69 100
38151 12378 5 0 5.975575 2.07 100
38152 12378 5 0 7.170691 2.76 100
38153 12378 5 0 9.560921 0 100
38154 12378 5 0 8.365806 0.69 100
38155 12378 5 0 8.365806 2.07 100
38156 12378 5 0 9.560921 2.76 100
38157 12378 5 0 11.951151 0 100
38158 12378 5 0 10.756036 0.69 100
38159 12378 5 0 10.756036 2.07 100
38160 12378 5 0 11.951151 2.76 100
38161 12378 5 0 14.341381 0 100
38162 12378 5 0 13.146266 0.69 100
38163 12378 5 0 13.146266 2.07 100
38164 12378 5 0 14.341381 2.76 100
38165 12378 5 0 16.731611 0 100
38166 12378 5 0 15.536496 0.69 100
38167 12378 5 0 15.536496 2.07 100
38168 12378 5 0 16.731611 2.76 100
38169 12378 5 0 19.121841 0 100
38170 12378 5 0 17.926725 0.69 100
38171 12378 5 0 17.926725 2.07 100
38172 12378 5 0 19.121841 2.76 100
38173 12378 5 0 21.512072 0 100
38174 12378 5 0 20.316956 0.69 100
38175 12378 5 0 20.316956 2.07 100
38176 12378 5 0 21.512072 2.76 100
38177 12378 5 0 23.902302 0 100
38178 12378 5 0 22.707186 0.69 100
38179 12378 5 0 22.707186 2.07 100
38180 12378 5 0 23.902302 2.76 100
38181 12378 5 0 26.292532 0 100
38182 12378 5 0 25.097416 0.69 100
38183 12378 5 0 25.097416 2.07 100
38184 12378 5 0 26.292532 2.76 100
38185 12378 5 0 28.682762 0 100
38186 12378 5 0 27.487646 0.69 100
38187 12378 5 0 27.487646 2.07 100
38188 12378 5 0 28.682762 2.76 100
38189 12378 5 0 31.072992 0 100
38190 12378 5 0 29.877876 0.69 100
38191 12378 5 0 29.877876 2.07 100
38192 12378 5 0 31.072992 2.76 100
38193 12378 5 0 33.463223 0 100
38194 12378 5 0 32.268108 0.69 100
38195 12378 5 0 32.268108 2.07 100
38196 12378 5 0 33.463223 2.76 100
38197 12378 5 0 35.853451 0 100
38198 12378 5 0 34.658337 0.69 100
38199 12378 5 0 34.658337 2.07 100
38200 12378 5 0 35.853451 2.76 100
38201 12378 5 0 38.243683 0 100
38202 12378 5 0 37.048565 0.69 100
38203 12378 5 0 37.048565 2.07 100
38204 12378 5 0 38.243683 2.76 100
38205 12378 5 0 40.633911 0 100
38206 12378 5 0 39.438797 0.69 100
38207 12378 5 0 39.438797 2.07 100
38208 12378 5 0 40.633911 2.76 100
38209 12378 5 0 43.024143 0 100
38210 12378 5 0 41.829025 0.69 100
38211 12378 5 0 41.829025 2.07 100
38212 12378 5 0 43.024143 2.76 100
38213 12378 5 0 45.414371 0 100
38214 12378 5 0 44.219257 0.69 100
38215 12378 5 0 44.219257 2.07 100
38216 12378 5 0 45.414371 2.76 100
38217 12378 5 0 47.804604 0 100
38218 12378 5 0 46.609486 0.69 100
38219 12378 5 0 46.609486 2.07 100
38220 12378 5 0 47.804604 2.76 100
38221 12378 5 0 50.194832 0 100
38222 12378 5 0 48.999718 0.69 100
38223 12378 5 0 48.999718 2.07 100
38224 12378 5 0 50.194832 2.76 100
38225 12378 5 0 52.585064 0 100
38226 12378 5 0 51.389946 0.69 100
38227 12378 5 0 51.389946 2.07 100
38228 12378 5 0 52.585064 2.76 100
38229 12378 5 0 54.975292 0 100
38230 12378 5 0 53.780178 0.69 100
38231 12378 5 0 53.780178 2.07 100
38232 12378 5 0 54.975292 2.76 100
38233 12378 5 0 57.365524 0 100
38234 12378 5 0 56.170406 0.69 100
38235 12378 5 0 56.170406 2.07 100
38236 12378 5 0 57.365524 2.76 100
38237 12378 5 0 59.755753 0 100
38238 12378 5 0 58.560638 0.69 100
38239 12378 5 0 58.560638 2.07 100
38240 12378 5 0 59.755753 2.76 100
38241 12378 5 0 0 4.14 100
38242 12378 5 0 -1.195115 4.83 100
38243 12378 5 0 -1.195115 6.21 100
38244 12378 5 0 0 6.9 100
38245 12378 5 0 2.39023 4.14 100
38246 12378 5 0 1.195115 4.83 100
38247 12378 5 0 1.195115 6.21 100
38248 12378 5 0 2.39023 6.9 100
38249 12378 5 0 4.78046 4.14 100
38250 12378 5 0 3.585345 4.83 100
38251 12378 5 0 3.585345 6.21 100
38252 12378 5 0 4.78046 6.9 100
38253 12378 5 0 7.170691 4.14 100
38254 12378 5 0 5.975575 4.83 100
38255 12378 5 0 5.975575 6.21 100
38256 12378 5 0 7.170691 6.9 100
38257 12378 5 0 9.560921 4.14 100
38258 12378 5 0 8.365806 4.83 100
38259 12378 5 0 8.365806 6.21 100
38260 12378 5 0 9.560921 6.9 100
38261 12378 5 0 11.951151 4.14 100
38262 12378 5 0 10.756036 4.83 100
38263 12378 5 0 10.756036 6.21 100
38264 12378 5 0 11.951151 6.9 100
38265 12378 5 0 14.341381 4.14 100
38266 12378 5 0 13.146266 4.83 100
38267 12378 5 0 13.146266 6.21 100
38268 12378 5 0 14.341381 6.9 100
38269 12378 5 0 16.731611 4.14 100
38270 12378 5 0 15.536496 4.83 100
38271 12378 5 0 15.536496 6.21 100
38272 12378 5 0 16.731611 6.9 100
38273 12378 5 0 19.121841 4.14 100
38274 12378 5 0 17.926725 4.83 100
38275 12378 5 0 17.926725 6.21 100
38276 12378 5 0 19.121841 6.9 100
38277 12378 5 0 21.512072 4.14 100
38278 12378 5 0 20.316956 4.83 100
38279 12378 5 0 20.316956 6.21 100
38280 12378 5 0 21.512072 6.9 100
38281 12378 5 0 23.902302 4.14 100
38282 12378 5 0 22.707186 4.83 100
38283 12378 5 0 22.707186 6.21 100
38284 12378 5 0 23.902302 6.9 100
38285 12378 5 0 26.292532 4.14 100
38286 12378 5 0 25.097416 4.83 100
38287 12378 5 0 25.097416 6.21 100
38288 12378 5 0 26.292532 6.9 100
38289 12378 5 0 28.682762 4.14 100
38290 12378 5 0 27.487646 4.83 100
38291 12378 5 0 27.487646 6.21 100
38292 12378 5 0 28.682762 6.9 100
38293 12378 5 0 31.072992 4.14 100
38294 12378 5 0 29.877876 4.83 100
38295 12378 5 0 29.877876 6.21 100
38296 12378 5 0 31.072992 6.9 100
38297 12378 5 0 33.463223 4.14 100
38298 12378 5 0 32.268108 4.83 100
38299 12378 5 0 32.268108 6.21 100
38300 12378 5 0 33.463223 6.9 100
38301 12378 5 0 35.853451 4.14 100
38302 12378 5 0 34.658337 4.83 100
38303 12378 5 0 34.658337 6.21 100
38304 12378 5 0 35.853451 6.9 100
38305 12378 5 0 38.243683 4.14 100
38306 12378 5 0 37.048565 4.83 100
38307 12378 5 0 37.048565 6.21 100
38308 12378 5 0 38.243683 6.9 100
38309 12378 5 0 40.633911 4.14 100
38310 12378 5 0 39.438797 4.83 100
38311 12378 5 0 39.438797 6.21 100
38312 12378 5 0 40.633911 6.9 100
38313 12378 5 0 43.024143 4.14 100
38314 12378 5 0 41.829025 4.83 100
38315 12378 5 0 41.829025 6.21 100
38316 12378 5 0 43.024143 6.9 100
38317 12378 5 0 45.414371 4.14 100
38318 12378 5 0 44.219257 4.83 100
38319 12378 5 0 44.219257 6.21 100
38320 12378 5 0 45.414371 6.9 100
38321 12378 5 0 47.804604 4.14 100
38322 12378 5 0 46.609486 4.83 100
38323 12378 5 0 46.609486 6.21 100
38324 12378 5 0 47.804604 6.9 100
38325 12378 5 0 50.194832 4.14 100
38326 12378 5 0 48.999718 4.83 100
38327 12378 5 0 48.999718 6.21 100
38328 12378 5 0 50.194832 6.9 100
38329 12378 5 0 52.585064 4.14 100
38330 12378 5 0 51.389946 4.83 100
38331 12378 5 0 51.389946 6.21 100
38332 12378 5 0 52.585064 6.9 100
38333 12378 5 0 54.975292 4.14 100
38334 12378 5 0 53.780178 4.83 100
38335 12378 5 0 53.780178 6.21 100
38336 12378 5 0 54.975292 6.9 100
38337 12378 5 0 57.365524 4.14 100
38338 12378 5 0 56.170406 4.83 100
38339 12378 5 0 56.170406 6.21 100
38340 12378 5 0 57.365524 6.9 100
38341 12378 5 0 59.755753 4.14 100
38342 12378 5 0 58.560638 4.83 100
38343 12378 5 0 58.560638 6.21 100
38344 12378 5 0 59.755753 6.9 100
38345 12378 5 0 0 8.28 100
38346 12378 5 0 -1.195115 8.97 100
38347 12378 5 0 -1.195115 10.35 100
38348 12378 5 0 0 11.04 100
38349 12378 5 0 2.39023 8.28 100
38350 12378 5 0 1.195115 8.97 100
38351 12378 5 0 1.195115 10.35 100
38352 12378 5 0 2.39023 11.04 100
38353 12378 5 0 4.78046 8.28 100
38354 12378 5 0 3.585345 8.97 100
38355 12378 5 0 3.585345 10.35 100
38356 12378 5 0 4.78046 11.04 100
38357 12378 5 0 7.170691 8.28 100
38358 12378 5 0 5.975575 8.97 100
38359 12378 5 0 5.975575 10.35 100
38360 12378 5 0 7.170691 11.04 100
38361 12378 5 0 9.560921 8.28 100
38362 12378 5 0 8.365806 8.97 100
38363 12378 5 0 8.365806 10.35 100
38364 12378 5 0 9.560921 11.04 100
38365 12378 5 0 11.951151 8.28 100
38366 12378 5 0 10.756036 8.97 100
38367 12378 5 0 10.756036 10.35 100
38368 12378 5 0 11.951151 11.04 100
38369 12378 5 0 14.341381 8.28 100
38370 12378 5 0 13.146266 8.97 100
38371 12378 5 0 13.146266 10.35 100
38372 12378 5 0 14.341381 11.04 100
38373 12378 5 0 16.731611 8.28 100
38374 12378 5 0 15.536496 8.97 100
38375 12378 5 0 15.536496 10.35 100
38376 12378 5 0 16.731611 11.04 100
38377 12378 5 0 19.121841 8.28 100
38378 12378 5 0 17.926725 8.97 100
38379 12378 5 0 17.926725 10.35 100
38380 12378 5 0 19.121841 11.04 100
38381 12378 5 0 21.512072 8.28 100
38382 12378 5 0 20.316956 8.97 100
38383 12378 5 0 20.316956 10.35 100
38384 12378 5 0 21.512072 11.04 100
38385 12378 5 0 23.902302 8.28 100
38386 12378 5 0 22.707186 8.97 100
38387 12378 5 0 22.707186 10.35 100
38388 12378 5 0 23.902302 11.04 100
38389 12378 5 0 26.292532 8.28 100
38390 12378 5 0 25.097416 8.97 100
38391 12378 5 0 25.097416 10.35 100
38392 12378 5 0 26.292532 11.04 100
38393 12378 5 0 28.682762 8.28 100
38394 12378 5 0 27.487646 8.97 100
38395 12378 5 0 27.487646 10.35 100
38396 12378 5 0 28.682762 11.04 100
38397 12378 5 0 31.072992 8.28 100
38398 12378 5 0 29.877876 8.97 100
38399 12378 5 0 29.877876 10.35 100
38400 12378 5 0 31.072992 11.04 100
38401 12378 5 0 33.463223 8.28 100
38402 12378 5 0 32.268108 8.97 100
38403 12378 5 0 32.268108 10.35 100
38404 12378 5 0 33.463223 11.04 100
38405 12378 5 0 35.853451 8.28 100
38406 12378 5 0 34.658337 8.97 100
38407 12378 5 0 34.658337 10.35 100
38408 12378 5 0 35.853451 11.04 100
38409 12378 5 0 38.243683 8.28 100
38410 12378 5 0 37.048565 8.97 100
38411 12378 5 0 37.048565 10.35 100
38412 12378 5 0 38.243683 11.04 100
38413 12378 5 0 40.633911 8.28 100
38414 12378 5 0 39.438797 8.97 100
38415 12378 5 0 39.438797 10.35 100
38416 12378 5 0 40.633911 11.04 100
38417 12378 5 0 43.024143 8.28 100
38418 12378 5 0 41.829025 8.97 100
38419 12378 5 0 41.829025 10.35 100
38420 12378 5 0 43.024143 11.04 100
38421 12378 5 0 45.414371 8.28 100
38422 12378 5 0 44.219257 8.97 100
38423 12378 5 0 44.219257 10.35 100
38424 12378 5 0 45.414371 11.04 100
38425 12378 5 0 47.804604 8.28 100
38426 12378 5 0 46.609486 8.97 100
38427 12378 5 0 46.609486 10.35 100
38428 12378 5 0 47.804604 11.04 100
38429 12378 5 0 50.194832 8.28 100
38430 12378 5 0 48.999718 8.97 100
38431 12378 5 0 48.999718 10.35 100
38432 12378 5 0 50.194832 11.04 100
38433 12378 5 0 52.585064 8.28 100
38434 12378 5 0 51.389946 8.97 100
38435 12378 5 0 51.389946 10.35 100
38436 12378 5 0 52.585064 11.04 100
38437 12378 5 0 54.975292 8.28 100
38438 12378 5 0 53.780178 8.97 100
38439 12378 5 0 53.780178 10.35 100
38440 12378 5 0 54.975292 11.04 100
38441 12378 5 0 57.365524 8.28 100
38442 12378 5 0 56.170406 8.97 100
38443 12378 5 0 56.170406 10.35 100
38444 12378 5 0 57.365524 11.04 100
38445 12378 5 0 59.755753 8.28 100
38446 12378 5 0 58.560638 8.97 100
38447 12378 5 0 58.560638 10.35 100
38448 12378 5 0 59.755753 11.04 100
38449 12378 5 0 0 12.42 100
38450 12378 5 0 -1.195115 13.11 100
38451 12378 5 0 -1.195115 14.49 100
38452 12378 5 0 0 15.18 100
38453 12378 5 0 2.39023 12.42 100
38454 12378 5 0 1.195115 13.11 100
38455 12378 5 0 1.195115 14.49 100
38456 12378 5 0 2.39023 15.18 100
38457 12378 5 0 4.78046 12.42 100
38458 12378 5 0 3.585345 13.11 100
38459 12378 5 0 3.585345 14.49 100
38460 12378 5 0 4.78046 15.18 100
38461 12378 5 0 7.170691 12.42 100
38462 12378 5 0 5.975575 13.11 100
38463 12378 5 0 5.975575 14.49 100
38464 12378 5 0 7.170691 15.18 100
38465 12378 5 0 9.560921 12.42 100
38466 12378 5 0 8.365806 13.11 100
38467 12378 5 0 8.365806 14.49 100
38468 12378 5 0 9.560921 15.18 100
38469 12378 5 0 11.951151 12.42 100
38470 12378 5 0 10.756036 13.11 100
38471 12378 5 0 10.756036 14.49 100
38472 12378 5 0 11.951151 15.18 100
38473 12378 5 0 14.341381 12.42 100
38474 12378 5 0 13.146266 13.11 100
38475 12378 5 0 13.146266 14.49 100
38476 12378 5 0 14.341381 15.18 100
38477 12378 5 0 16.731611 12.42 100
38478 12378 5 0 15.536496 13.11 100
38479 12378 5 0 15.536496 14.49 100
38480 12378 5 0 16.731611 15.18 100
38481 12378 5 0 19.121841 12.42 100
38482 12378 5 0 17.926725 13.11 100
38483 12378 5 0 17.926725 14.49 100
38484 12378 5 0 19.121841 15.18 100
38485 12378 5 0 21.512072 12.42 100
38486 12378 5 0 20.316956 13.11 100
38487 12378 5 0 20.316956 14.49 100
38488 12378 5 0 21.512072 15.18 100
38489 12378 5 0 23.902302 12.42 100
38490 12378 5 0 22.707186 13.11 100
38491 12378 5 0 22.707186 14.49 100
38492 12378 5 0 23.902302 15.18 100
38493 12378 5 0 26.292532 12.42 100
38494 12378 5 0 25.097416 13.11 100
38495 12378 5 0 25.097416 14.49 100
38496 12378 5 0 26.292532 15.18 100
38497 12378 5 0 28.682762 12.42 100
38498 12378 5 0 27.487646 13.11 100
38499 12378 5 0 27.487646 14.49 100
38500 12378 5 0 28.682762 15.18 100
38501 12378 5 0 31.072992 12.42 100
38502 12378 5 0 29.877876 13.11 100
38503 12378 5 0 29.877876 14.49 100
38504 12378 5 0 31.072992 15.18 100
38505 12378 5 0 33.463223 12.42 100
38506 12378 5 0 32.268108 13.11 100
38507 12378 5 0 32.268108 14.49 100
38508 12378 5 0 33.463223 15.18 100
38509 12378 5 0 35.853451 12.42 100
38510 12378 5 0 34.658337 13.11 100
38511 12378 5 0 34.658337 14.49 100
38512 12378 5 0 35.853451 15.18 100
38513 12378 5 0 38.243683 12.42 100
38514 12378 5 0 37.048565 13.11 100
38515 12378 5 0 37.048565 14.49 100
38516 12378 5 0 38.243683 15.18 100
38517 12378 5 0 40.633911 12.42 100
38518 12378 5 0 39.438797 13.11 100
38519 12378 5 0 39.438797 14.49 100
38520 12378 5 0 40.633911 15.18 100
38521 12378 5 0 43.024143 12.42 100
38522 12378 5 0 41.829025 13.11 100
38523 12378 5 0 41.829025 14.49 100
38524 12378 5 0 43.024143 15.18 100
38525 12378 5 0 45.414371 12.42 100
38526 12378 5 0 44.219257 13.11 100
38527 12378 5 0 44.219257 14.49 100
38528 12378 5 0 45.414371 15.18 100
38529 12378 5 0 47.804604 12.42 100
38530 12378 5 0 46.609486 13.11 100
38531 12378 5 0 46.609486 14.49 100
38532 12378 5 0 47.804604 15.18 100
38533 12378 5 0 50.194832 12.42 100
38534 12378 5 0 48.999718 13.11 100
38535 12378 5 0 48.999718 14.49 100
38536 12378 5 0 50.194832 15.18 100
38537 12378 5 0 52.585064 12.42 100
38538 12378 5 0 51.389946 13.11 100
38539 12378 5 0 51.389946 14.49 100
38540 12378 5 0 52.585064 15.18 100
38541 12378 5 0 54.975292 12.42 100
38542 12378 5 0 53.780178 13.11 100
38543 12378 5 0 53.780178 14.49 100
38544 12378 5 0 54.975292 15.18 100
38545 12378 5 0 57.365524 12.42 100
38546 12378 5 0 56.170406 13.11 100
38547 12378 5 0 56.170406 14.49 100
38548 12378 5 0 57.365524 15.18 100
38549 12378 5 0 59.755753 12.42 100
38550 12378 5 0 58.560638 13.11 100
38551 12378 5 0 58.560638 14.49 100
38552 12378 5 0 59.755753 15.18 100
38553 12378 5 0 0 16.559999 100
38554 12378 5 0 -1.195115 17.25 100
38555 12378 5 0 -1.195115 18.629999 100
38556 12378 5 0 0 19.32 100
38557 12378 5 0 2.39023 16.559999 100
38558 12378 5 0 1.195115 17.25 100
38559 12378 5 0 1.195115 18.629999 100
38560 12378 5 0 2.39023 19.32 100
38561 12378 5 0 4.78046 16.559999 100
38562 12378 5 0 3.585345 17.25 100
38563 12378 5 0 3.585345 18.629999 100
38564 12378 5 0 4.78046 19.32 100
38565 12378 5 0 7.170691 16.559999 100
38566 12378 5 0 5.975575 17.25 100
38567 12378 5 0 5.975575 18.629999 100
38568 12378 5 0 7.170691 19.32 100
38569 12378 5 0 9.560921 16.559999 100
38570 12378 5 0 8.365806 17.25 100
38571 12378 5 0 8.365806 18.629999 100
38572 12378 5 0 9.560921 19.32 100
38573 12378 5 0 11.951151 16.559999 100
38574 12378 5 0 10.756036 17.25 100
38575 12378 5 0 10.756036 18.629999 100
38576 12378 5 0 11.951151 19.32 100
38577 12378 5 0 14.341381 16.559999 100
38578 12378 5 0 13.146266 17.25 100
38579 12378 5 0 13.146266 18.629999 100
38580 12378 5 0 14.341381 19.32 100
38581 12378 5 0 16.731611 16.559999 100
38582 12378 5 0 15.536496 17.25 100
38583 12378 5 0 15.536496 18.629999 100
38584 12378 5 0 16.731611 19.32 100
38585 12378 5 0 19.121841 16.559999 100
38586 12378 5 0 17.926725 17.25 100
38587 12378 5 0 17.926725 18.629999 100
38588 12378 5 0 19.121841 19.32 100
38589 12378 5 0 21.512072 16.559999 100
38590 12378 5 0 20.316956 17.25 100
38591 12378 5 0 20.316956 18.629999 100
38592 12378 5 0 21.512072 19.32 100
38593 12378 5 0 23.902302 16.559999 100
38594 12378 5 0 22.707186 17.25 100
38595 12378 5 0 22.707186 18.629999 100
38596 12378 5 0 23.902302 19.32 100
38597 12378 5 0 26.292532 16.559999 100
38598 12378 5 0 25.097416 17.25 100
38599 12378 5 0 25.097416 18.629999 100
38600 12378 5 0 26.292532 19.32 100
38601 12378 5 0 28.682762 16.559999 100
38602 12378 5 0 27.487646 17.25 100
38603 12378 5 0 27.487646 18.629999 100
38604 12378 5 0 28.682762 19.32 100
38605 12378 5 0 31.072992 16.559999 100
38606 12378 5 0 29.877876 17.25 100
38607 12378 5 0 29.877876 18.629999 100
38608 12378 5 0 31.072992 19.32 100
38609 12378 5 0 33.463223 16.559999 100
38610 12378 5 0 32.268108 17.25 100
38611 12378 5 0 32.268108 18.629999 100
38612 12378 5 0 33.463223 19.32 100
38613 12378 5 0 35.853451 16.559999 100
38614 12378 5 0 34.658337 17.25 100
38615 12378 5 0 34.658337 18.629999 100
38616 12378 5 0 35.853451 19.32 100
38617 12378 5 0 38.243683 16.559999 100
38618 12378 5 0 37.048565 17.25 100
38619 12378 5 0 37.048565 18.629999 100
38620 12378 5 0 38.243683 19.32 100
38621 12378 5 0 40.633911 16.559999 100
38622 12378 5 0 39.438797 17.25 100
38623 12378 5 0 39.438797 18.629999 100
38624 12378 5 0 40.633911 19.32 100
38625 12378 5 0 43.024143 16.559999 100
38626 12378 5 0 41.829025 17.25 100
38627 12378 5 0 41.829025 18.629999 100
38628 12378 5 0 43.024143 19.32 100
38629 12378 5 0 45.414371 16.559999 100
38630 12378 5 0 44.219257 17.25 100
38631 12378 5 0 44.219257 18.629999 100
38632 12378 5 0 45.414371 19.32 100
38633 12378 5 0 47.804604 16.559999 100
38634 12378 5 0 46.609486 17.25 100
38635 12378 5 0 46.609486 18.629999 100
38636 12378 5 0 47.804604 19.32 100
38637 12378 5 0 50.194832 16.559999 100
38638 12378 5 0 48.999718 17.25 100
38639 12378 5 0 48.999718 18.629999 100
38640 12378 5 0 50.194832 19.32 100
38641 12378 5 0 52.585064 16.559999 100
38642 12378 5 0 51.389946 17.25 100
38643 12378 5 0 51.389946 18.629999 100
38644 12378 5 0 52.585064 19.32 100
38645 12378 5 0 54.975292 16.559999 100
38646 12378 5 0 53.780178 17.25 100
38647 12378 5 0 53.780178 18.629999 100
38648 12378 5 0 54.975292 19.32 100
38649 12378 5 0 57.365524 16.559999 100
38650 12378 5 0 56.170406 17.25 100
38651 12378 5 0 56.170406 18.629999 100
38652 12378 5 0 57.365524 19.32 100
38653 12378 5 0 59.755753 16.559999 100
38654 12378 5 0 58.560638 17.25 100
38655 12378 5 0 58.560638 18.629999 100
38656 12378 5 0 59.755753 19.32 100
38657 12378 5 0 0 20.700001 100
38658 12378 5 0 -1.195115 21.389999 100
38659 12378 5 0 -1.195115 22.77 100
38660 12378 5 0 0 23.459999 100
38661 12378 5 0 2.39023 20.700001 100
38662 12378 5 0 1.195115 21.389999 100
38663 12378 5 0 1.195115 22.77 100
38664 12378 5 0 2.39023 23.459999 100
38665 12378 5 0 4.78046 20.700001 100
38666 12378 5 0 3.585345 21.389999 100
38667 12378 5 0 3.585345 22.77 100
38668 12378 5 0 4.78046 23.459999 100
38669 12378 5 0 7.170691 20.700001 100
38670 12378 5 0 5.975575 21.389999 100
38671 12378 5 0 5.975575 22.77 100
38672 12378 5 0 7.170691 23.459999 100
38673 12378 5 0 9.560921 20.700001 100
38674 12378 5 0 8.365806 21.389999 100
38675 12378 5 0 8.365806 22.77 100
38676 12378 5 0 9.560921 23.459999 100
38677 12378 5 0 11.951151 20.700001 100
38678 12378 5 0 10.756036 21.389999 100
38679 12378 5 0 10.756036 22.77 100
38680 12378 5 0 11.951151 23.459999 100
38681 12378 5 0 14.341381 20.700001 100
38682 12378 5 0 13.146266 21.389999 100
38683 12378 5 0 13.146266 22.77 100
38684 12378 5 0 14.341381 23.459999 100
38685 12378 5 0 16.731611 20.700001 100
38686 12378 5 0 15.536496 21.389999 100
38687 12378 5 0 15.536496 22.77 100
38688 12378 5 0 16.731611 23.459999 100
38689 12378 5 0 19.121841 20.700001 100
38690 12378 5 0 17.926725 21.389999 100
38691 12378 5 0 17.926725 22.77 100
38692 12378 5 0 19.121841 23.459999 100
38693 12378 5 0 21.512072 20.700001 100
38694 12378 5 0 20.316956 21.389999 100
38695 12378 5 0 20.316956 22.77 100
38696 12378 5 0 21.512072 23.459999 100
38697 12378 5 0 23.902302 20.700001 100
38698 12378 5 0 22.707186 21.389999 100
38699 12378 5 0 22.707186 22.77 100
38700 12378 5 0 23.902302 23.459999 100
38701 12378 5 0 26.292532 20.700001 100
38702 12378 5 0 25.097416 21.389999 100
38703 12378 5 0 25.097416 22.77 100
38704 12378 5 0 26.292532 23.459999 100
38705 12378 5 0 28.682762 20.700001 100
38706 12378 5 0 27.487646 21.389999 100
38707 12378 5 0 27.487646 22.77 100
38708 12378 5 0 28.682762 23.459999 100
38709 12378 5 0 31.072992 20.700001 100
38710 12378 5 0 29.877876 21.389999 100
38711 12378 5 0 29.877876 22.77 100
38712 12378 5 0 31.072992 23.459999 100
38713 12378 5 0 33.463223 20.700001 100
38714 12378 5 0 32.268108 21.389999 100
38715 12378 5 0 32.268108 22.77 100
38716 12378 5 0 33.463223 23.459999 100
38717 12378 5 0 35.853451 20.700001 100
38718 12378 5 0 34.658337 21.389999 100
38719 12378 5 0 34.658337 22.77 100
38720 12378 5 0 35.853451 23.459999 100
38721 12378 5 0 38.243683 20.700001 100
38722 12378 5 0 37.048565 21.389999 100
38723 12378 5 0 37.048565 22.77 100
38724 12378 5 0 38.243683 23.459999 100
38725 12378 5 0 40.633911 20.700001 100
38726 12378 5 0 39.438797 21.389999 100
38727 12378 5 0 39.438797 22.77 100
38728 12378 5 0 40.633911 23.459999 100
38729 12378 5 0 43.024143 20.700001 100
38730 12378 5 0 41.829025 21.389999 100
38731 12378 5 0 41.829025 22.77 100
38732 12378 5 0 43.024143 23.459999 100
38733 12378 5 0 45.414371 20.700001 100
38734 12378 5 0 44.219257 21.389999 100
38735 12378 5 0 44.219257 22.77 100
38736 12378 5 0 45.414371 23.459999 100
38737 12378 5 0 47.804604 20.700001 100
38738 12378 5 0 46.609486 21.389999 100
38739 12378 5 0 46.609486 22.77 100
38740 12378 5 0 47.804604 23.459999 100
38741 12378 5 0 50.194832 20.700001 100
38742 12378 5 0 48.999718 21.389999 100
38743 12378 5 0 48.999718 22.77 100
38744 12378 5 0 50.194832 23.459999 100
38745 12378 5 0 52.585064 20.700001 100
38746 12378 5 0 51.389946 21.389999 100
38747 12378 5 0 51.389946 22.77 100
38748 12378 5 0 52.585064 23.459999 100
38749 12378 5 0 54.975292 20.700001 100
38750 12378 5 0 53.780178 21.389999 100
38751 12378 5 0 53.780178 22.77 100
38752 12378 5 0 54.975292 23.459999 100
38753 12378 5 0 57.365524 20.700001 100
38754 12378 5 0 56.170406 21.389999 100
38755 12378 5 0 56.170406 22.77 100
38756 12378 5 0 57.365524 23.459999 100
38757 12378 5 0 59.755753 20.700001 100
38758 12378 5 0 58.560638 21.389999 100
38759 12378 5 0 58.560638 22.77 100
38760 12378 5 0 59.755753 23.459999 100
38761 12378 5 0 0 24.84 100
38762 12378 5 0 -1.195115 25.530001 100
38763 12378 5 0 -1.195115 26.91 100
38764 12378 5 0 0 27.6 100
38765 12378 5 0 2.39023 24.84 100
38766 12378 5 0 1.195115 25.530001 100
38767 12378 5 0 1.195115 26.91 100
38768 12378 5 0 2.39023 27.6 100
38769 12378 5 0 4.78046 24.84 100
38770 12378 5 0 3.585345 25.530001 100
38771 12378 5 0 3.585345 26.91 100
38772 12378 5 0 4.78046 27.6 100
38773 12378 5 0 7.170691 24.84 100
38774 12378 5 0 5.975575 25.530001 100
38775 12378 5 0 5.975575 26.91 100
38776 12378 5 0 7.170691 27.6 100
38777 12378 5 0 9.560921 24.84 100
38778 12378 5 0 8.365806 25.530001 100
38779 12378 5 0 8.365806 26.91 100
38780 12378 5 0 9.560921 27.6 100
38781 12378 5 0 11.951151 24.84 100
38782 12378 5 0 10.756036 25.530001 100
38783 12378 5 0 10.756036 26.91 100
38784 12378 5 0 11.951151 27.6 100
38785 12378 5 0 14.341381 24.84 100
38786 12378 5 0 13.146266 25.530001 100
38787 12378 5 0 13.146266 26.91 100
38788 12378 5 0 14.341381 27.6 100
38789 12378 5 0 16.731611 24.84 100
38790 12378 5 0 15.536496 25.530001 100
38791 12378 5 0 15.536496 26.91 100
38792 12378 5 0 16.731611 27.6 100
38793 12378 5 0 19.121841 24.84 100
38794 12378 5 0 17.926725 25.530001 100
38795 12378 5 0 17.926725 26.91 100
38796 12378 5 0 19.121841 27.6 100
38797 12378 5 0 21.512072 24.84 100
38798 12378 5 0 20.316956 25.530001 100
38799 12378 5 0 20.316956 26.91 100
38800 12378 5 0 21.512072 27.6 100
38801 12378 5 0 23.902302 24.84 100
38802 12378 5 0 22.707186 25.530001 100
38803 12378 5 0 22.707186 26.91 100
38804 12378 5 0 23.902302 27.6 100
38805 12378 5 0 26.292532 24.84 100
38806 12378 5 0 25.097416 25.530001 100
38807 12378 5 0 25.097416 26.91 100
38808 12378 5 0 26.292532 27.6 100
38809 12378 5 0 28.682762 24.84 100
38810 12378 5 0 27.487646 25.530001 100
38811 12378 5 0 27.487646 26.91 100
38812 12378 5 0 28.682762 27.6 100
38813 12378 5 0 31.072992 24.84 100
38814 12378 5 0 29.877876 25.530001 100
38815 12378 5 0 29.877876 26.91 100
38816 12378 5 0 31.072992 27.6 100
38817 12378 5 0 33.463223 24.84 100
38818 12378 5 0 32.268108 25.530001 100
38819 12378 5 0 32.268108 26.91 100
38820 12378 5 0 33.463223 27.6 100
38821 12378 5 0 35.853451 24.84 100
38822 12378 5 0 34.658337 25.530001 100
38823 12378 5 0 34.658337 26.91 100
38824 12378 5 0 35.853451 27.6 100
38825 12378 5 0 38.243683 24.84 100
38826 12378 5 0 37.048565 25.530001 100
38827 12378 5 0 37.048565 26.91 100
38828 12378 5 0 38.243683 27.6 100
38829 12378 5 0 40.633911 24.84 100
38830 12378 5 0 39.438797 25.530001 100
38831 12378 5 0 39.438797 26.91 100
38832 12378 5 0 40.633911 27.6 100
38833 12378 5 0 43.024143 24.84 100
38834 12378 5 0 41.829025 25.530001 100
38835 12378 5 0 41.829025 26.91 100
38836 12378 5 0 43.024143 27.6 100
38837 12378 5 0 45.414371 24.84 100
38838 12378 5 0 44.219257 25.530001 100
38839 12378 5 0 44.219257 26.91 100
38840 12378 5 0 45.414371 27.6 100
38841 12378 5 0 47.804604 24.84 100
38842 12378 5 0 46.609486 25.530001 100
38843 12378 5 0 46.609486 26.91 100
38844 12378 5 0 47.804604 27.6 100
38845 12378 5 0 50.194832 24.84 100
38846 12378 5 0 48.999718 25.530001 100
38847 12378 5 0 48.999718 26.91 100
38848 12378 5 0 50.194832 27.6 100
38849 12378 5 0 52.585064 24.84 100
38850 12378 5 0 51.389946 25.530001 100
38851 12378 5 0 51.389946 26.91 100
38852 12378 5 0 52.585064 27.6 100
38853 12378 5 0 54.975292 24.84 100
38854 12378 5 0 53.780178 25.530001 100
38855 12378 5 0 53.780178 26.91 100
38856 12378 5 0 54.975292 27.6 100
38857 12378 5 0 57.365524 24.84 100
38858 12378 5 0 56.170406 25.530001 100
38859 12378 5 0 56.170406 26.91 100
38860 12378 5 0 57.365524 27.6 100
38861 12378 5 0 59.755753 24.84 100
38862 12378 5 0 58.560638 25.530001 100
38863 12378 5 0 58.560638 26.91 100
38864 12378 5 0 59.755753 27.6 100
38865 12378 5 0 0 28.98 100
38866 12378 5 0 -1.195115 29.67 100
38867 12378 5 0 -1.195115 31.049999 100
38868 12378 5 0 0 31.74 100
38869 12378 5 0 2.39023 28.98 100
38870 12378 5 0 1.195115 29.67 100
38871 12378 5 0 1.195115 31.049999 100
38872 12378 5 0 2.39023 31.74 100
38873 12378 5 0 4.78046 28.98 100
38874 12378 5 0 3.585345 29.67 100
38875 12378 5 0 3.585345 31.049999 100
38876 12378 5 0 4.78046 31.74 100
38877 12378 5 0 7.170691 28.98 100
38878 12378 5 0 5.975575 29.67 100
38879 12378 5 0 5.975575 31.049999 100
38880 12378 5 0 7.170691 31.74 100
38881 12378 5 0 9.560921 28.98 100
38882 12378 5 0 8.365806 29.67 100
38883 12378 5 0 8.365806 31.049999 100
38884 12378 5 0 9.560921 31.74 100
38885 12378 5 0 11.951151 28.98 100
38886 12378 5 0 10.756036 29.67 100
38887 12378 5 0 10.756036 31.049999 100
38888 12378 5 0 11.951151 31.74 100
38889 12378 5 0 14.341381 28.98 100
38890 12378 5 0 13.146266 29.67 100
38891 12378 5 0 13.146266 31.049999 100
38892 12378 5 0 14.341381 31.74 100
38893 12378 5 0 16.731611 28.98 100
38894 12378 5 0 15.536496 29.67 100
38895 12378 5 0 15.536496 31.049999 100
38896 12378 5 0 16.731611 31.74 100
38897 12378 5 0 19.121841 28.98 100
38898 12378 5 0 17.926725 29.67 100
38899 12378 5 0 17.926725 31.049999 100
38900 12378 5 0 19.121841 31.74 100
38901 12378 5 0 21.512072 28.98 100
38902 12378 5 0 20.316956 29.67 100
38903 12378 5 0 20.316956 31.049999 100
38904 12378 5 0 21.512072 31.74 100
38905 12378 5 0 23.902302 28.98 100
38906 12378 5 0 22.707186 29.67 100
38907 12378 5 0 22.707186 31.049999 100
38908 12378 5 0 23.902302 31.74 100
38909 12378 5 0 26.292532 28.98 100
38910 12378 5 0 25.097416 29.67 100
38911 12378 5 0 25.097416 31.049999 100
38912 12378 5 0 26.292532 31.74 100
38913 12378 5 0 28.682762 28.98 100
38914 12378 5 0 27.487646 29.67 100
38915 12378 5 0 27.487646 31.049999 100
38916 12378 5 0 28.682762 31.74 100
38917 12378 5 0 31.072992 28.98 100
38918 12378 5 0 29.877876 29.67 100
38919 12378 5 0 29.877876 31.049999 100
38920 12378 5 0 31.072992 31.74 100
38921 12378 5 0 33.463223 28.98 100
38922 12378 5 0 32.268108 29.67 100
38923 12378 5 0 32.268108 31.049999 100
38924 12378 5 0 33.463223 31.74 100
38925 12378 5 0 35.853451 28.98 100
38926 12378 5 0 34.658337 29.67 100
38927 12378 5 0 34.658337 31.049999 100
38928 12378 5 0 35.853451 31.74 100
38929 12378 5 0 38.243683 28.98 100
38930 12378 5 0 37.048565 29.67 100
38931 12378 5 0 37.048565 31.049999 100
38932 12378 5 0 38.243683 31.74 100
38933 12378 5 0 40.633911 28.98 100
38934 12378 5 0 39.438797 29.67 100
38935 12378 5 0 39.438797 31.049999 100
38936 12378 5 0 40.633911 31.74 100
38937 12378 5 0 43.024143 28.98 100
38938 12378 5 0 41.829025 29.67 100
38939 12378 5 0 41.829025 31.049999 100
38940 12378 5 0 43.024143 31.74 100
38941 12378 5 0 45.414371 28.98 100
38942 12378 5 0 44.219257 29.67 100
38943 12378 5 0 44.219257 31.049999 100
38944 12378 5 0 45.414371 31.74 100
38945 12378 5 0 47.804604 28.98 100
38946 12378 5 0 46.609486 29.67 100
38947 12378 5 0 46.609486 31.049999 100
38948 12378 5 0 47.804604 31.74 100
38949 12378 5 0 50.194832 28.98 100
38950 12378 5 0 48.999718 29.67 100
38951 12378 5 0 48.999718 31.049999 100
38952 12378 5 0 50.194832 31.74 100
38953 12378 5 0 52.585064 28.98 100
38954 12378 5 0 51.389946 29.67 100
38955 12378 5 0 51.389946 31.049999 100
38956 12378 5 0 52.585064 31.74 100
38957 12378 5 0 54.975292 28.98 100
38958 12378 5 0 53.780178 29.67 100
38959 12378 5 0 53.780178 31.049999 100
38960 12378 5 0 54.975292 31.74 100
38961 12378 5 0 57.365524 28.98 100
38962 12378 5 0 56.170406 29.67 100
38963 12378 5 0 56.170406 31.049999 100
38964 12378 5 0 57.365524 31.74 100
38965 12378 5 0 59.755753 28.98 100
38966 12378 5 0 58.560638 29.67 100
38967 12378 5 0 58.560638 31.049999 100
38968 12378 5 0 59.755753 31.74 100
38969 12378 5 0 0 33.119999 100
38970 12378 5 0 -1.195115 33.810001 100
38971 12378 5 0 -1.195115 35.189999 100
38972 12378 5 0 0 35.880001 100
38973 12378 5 0 2.39023 33.119999 100
38974 12378 5 0 1.195115 33.810001 100
38975 12378 5 0 1.195115 35.189999 100
38976 12378 5 0 2.39023 35.880001 100
38977 12378 5 0 4.78046 33.119999 100
38978 12378 5 0 3.585345 33.810001 100
38979 12378 5 0 3.585345 35.189999 100
38980 12378 5 0 4.78046 35.880001 100
38981 12378 5 0 7.170691 33.119999 100
38982 12378 5 0 5.975575 33.810001 100
38983 12378 5 0 5.975575 35.189999 100
38984 12378 5 0 7.170691 35.880001 100
38985 12378 5 0 9.560921 33.119999 100
38986 12378 5 0 8.365806 33.810001 100
38987 12378 5 0 8.365806 35.189999 100
38988 12378 5 0 9.560921 35.880001 100
38989 12378 5 0 11.951151 33.119999 100
38990 12378 5 0 10.756036 33.810001 100
38991 12378 5 0 10.756036 35.189999 100
38992 12378 5 0 11.951151 35.880001 100
38993 12378 5 0 14.341381 33.119999 100
38994 12378 5 0 13.146266 33.810001 100
38995 12378 5 0 13.146266 35.189999 100
38996 12378 5 0 14.341381 35.880001 100
38997 12378 5 0 16.731611 33.119999 100
38998 12378 5 0 15.536496 33.810001 100
38999 12378 5 0 15.536496 35.189999 100
39000 12378 5 0 16.731611 35.880001 100
39001 12378 5 0 19.121841 33.119999 100
39002 12378 5 0 17.926725 33.810001 100
39003 12378 5 0 17.926725 35.189999 100
39004 12378 5 0 19.121841 35.880001 100
39005 12378 5 0 21.512072 33.119999 100
39006 12378 5 0 20.316956 33.810001 100
39007 12378 5 0 20.316956 35.189999 100
39008 12378 5 0 21.512072 35.880001 100
39009 12378 5 0 23.902302 33.119999 100
39010 12378 5 0 22.707186 33.810001 100
39011 12378 5 0 22.707186 35.189999 100
39012 12378 5 0 23.902302 35.880001 100
39013 12378 5 0 26.292532 33.119999 100
39014 12378 5 0 25.097416 33.810001 100
39015 12378 5 0 25.097416 35.189999 100
39016 12378 5 0 26.292532 35.880001 100
39017 12378 5 0 28.682762 33.119999 100
39018 12378 5 0 27.487646 33.810001 100
39019 12378 5 0 27.487646 35.189999 100
39020 12378 5 0 28.682762 35.880001 100
39021 12378 5 0 31.072992 33.119999 100
39022 12378 5 0 29.877876 33.810001 100
39023 12378 5 0 29.877876 35.189999 100
39024 12378 5 0 31.072992 35.880001 100
39025 12378 5 0 33.463223 33.119999 100
39026 12378 5 0 32.268108 33.810001 100
39027 12378 5 0 32.268108 35.189999 100
39028 12378 5 0 33.463223 35.880001 100
39029 12378 5 0 35.853451 33.119999 100
39030 12378 5 0 34.658337 33.810001 100
39031 12378 5 0 34.658337 35.189999 100
39032 12378 5 0 35.853451 35.880001 100
39033 12378 5 0 38.243683 33.119999 100
39034 12378 5 0 37.048565 33.810001 100
39035 12378 5 0 37.048565 35.189999 100
39036 12378 5 0 38.243683 35.880001 100
39037 12378 5 0 40.633911 33.119999 100
39038 12378 5 0 39.438797 33.810001 100
39039 12378 5 0 39.438797 35.189999 100
39040 12378 5 0 40.633911 35.880001 100
39041 12378 5 0 43.024143 33.119999 100
39042 12378 5 0 41.829025 33.810001 100
39043 12378 5 0 41.829025 35.189999 100
39044 12378 5 0 43.024143 35.880001 100
39045 12378 5 0 45.414371 33.119999 100
39046 12378 5 0 44.219257 33.810001 100
39047 12378 5 0 44.219257 35.189999 100
39048 12378 5 0 45.414371 35.880001 100
39049 12378 5 0 47.804604 33.119999 100
39050 12378 5 0 46.609486 33.810001 100
39051 12378 5 0 46.609486 35.189999 100
39052 12378 5 0 47.804604 35.880001 100
39053 12378 5 0 50.194832 33.119999 100
39054 12378 5 0 48.999718 33.810001 100
39055 12378 5 0 48.999718 35.189999 100
39056 12378 5 0 50.194832 35.880001 100
39057 12378 5 0 52.585064 33.119999 100
39058 12378 5 0 51.389946 33.810001 100
39059 12378 5 0 51.389946 35.189999 100
39060 12378 5 0 52.585064 35.880001 100
39061 12378 5 0 54.975292 33.119999 100
39062 12378 5 0 53.780178 33.810001 100
39063 12378 5 0 53.780178 35.189999 100
39064 12378 5 0 54.975292 35.880001 100
39065 12378 5 0 57.365524 33.119999 100
39066 12378 5 0 56.170406 33.810001 100
39067 12378 5 0 56.170406 35.189999 100
39068 12378 5 0 57.365524 35.880001 100
39069 12378 5 0 59.755753 33.119999 100
39070 12378 5 0 58.560638 33.810001 100
39071 12378 5 0 58.560638 35.189999 100
39072 12378 5 0 59.755753 35.880001 100
39073 12378 5 0 0 37.259998 100
39074 12378 5 0 -1.195115 37.950001 100
39075 12378 5 0 -1.195115 39.330002 100
39076 12378 5 0 0 40.02 100
39077 12378 5 0 2.39023 37.259998 100
39078 12378 5 0 1.195115 37.950001 100
39079 12378 5 0 1.195115 39.330002 100
39080 12378 5 0 2.39023 40.02 100
39081 12378 5 0 4.78046 37.259998 100
39082 12378 5 0 3.585345 37.950001 100
39083 12378 5 0 3.585345 39.330002 100
39084 12378 5 0 4.78046 40.02 100
39085 12378 5 0 7.170691 37.259998 100
39086 12378 5 0 5.975575 37.950001 100
39087 12378 5 0 5.975575 39.330002 100
39088 12378 5 0 7.170691 40.02 100
39089 12378 5 0 9.560921 37.259998 100
39090 12378 5 0 8.365806 37.950001 100
39091 12378 5 0 8.365806 39.330002 100
39092 12378 5 0 9.560921 40.02 100
39093 12378 5 0 11.951151 37.259998 100
39094 12378 5 0 10.756036 37.950001 100
39095 12378 5 0 10.756036 39.330002 100
39096 12378 5 0 11.951151 40.02 100
39097 12378 5 0 14.341381 37.259998 100
39098 12378 5 0 13.146266 37.950001 100
39099 12378 5 0 13.146266 39.330002 100
39100 12378 5 0 14.341381 40.02 100
39101 12378 5 0 16.731611 37.259998 100
39102 12378 5 0 15.536496 37.950001 100
39103 12378 5 0 15.536496 39.330002 100
39104 12378 5 0 16.731611 40.02 100
39105 12378 5 0 19.121841 37.259998 100
39106 12378 5 0 17.926725 37.950001 100
39107 12378 5 0 17.926725 39.330002 100
39108 12378 5 0 19.121841 40.02 100
39109 12378 5 0 21.512072 37.259998 100
39110 12378 5 0 20.316956 37.950001 100
39111 12378 5 0 20.316956 39.330002 100
39112 12378 5 0 21.512072 40.02 100
39113 12378 5 0 23.902302 37.259998 100
39114 12378 5 0 22.707186 37.950001 100
39115 12378 5 0 22.707186 39.330002 100
39116 12378 5 0 23.902302 40.02 100
39117 12378 5 0 26.292532 37.259998 100
39118 12378 5 0 25.097416 37.950001 100
39119 12378 5 0 25.097416 39.330002 100
39120 12378 5 0 26.292532 40.02 100
39121 12378 5 0 28.682762 37.259998 100
39122 12378 5 0 27.487646 37.950001 100
39123 12378 5 0 27.487646 39.330002 100
39124 12378 5 0 28.682762 40.02 100
39125 12378 5 0 31.072992 37.259998 100
39126 12378 5 0 29.877876 37.950001 100
39127 12378 5 0 29.877876 39.330002 100
39128 12378 5 0 31.072992 40.02 100
39129 12378 5 0 33.463223 37.259998 100
39130 12378 5 0 32.268108 37.950001 100
39131 12378 5 0 32.268108 39.330002 100
39132 12378 5 0 33.463223 40.02 100
39133 12378 5 0 35.853451 37.259998 100
39134 12378 5 0 34.658337 37.950001 100
39135 12378 5 0 34.658337 39.330002 100
39136 12378 5 0 35.853451 40.02 100
39137 12378 5 0 38.243683 37.259998 100
39138 12378 5 0 37.048565 37.950001 100
39139 12378 5 0 37.048565 39.330002 100
39140 12378 5 0 38.243683 40.02 100
39141 12378 5 0 40.633911 37.259998 100
39142 12378 5 0 39.438797 37.950001 100
39143 12378 5 0 39.438797 39.330002 100
39144 12378 5 0 40.633911 40.02 100
39145 12378 5 0 43.024143 37.259998 100
39146 12378 5 0 41.829025 37.950001 100
39147 12378 5 0 41.829025 39.330002 100
39148 12378 5 0 43.024143 40.02 100
39149 12378 5 0 45.414371 37.259998 100
39150 12378 5 0 44.219257 37.950001 100
39151 12378 5 0 44.219257 39.330002 100
39152 12378 5 0 45.414371 40.02 100
39153 12378 5 0 47.804604 37.259998 100
39154 12378 5 0 46.609486 37.950001 100
39155 12378 5 0 46.609486 39.330002 100
39156 12378 5 0 47.804604 40.02 100
39157 12378 5 0 50.194832 37.259998 100
39158 12378 5 0 48.999718 37.950001 100
39159 12378 5 0 48.999718 39.330002 100
39160 12378 5 0 50.194832 40.02 100
39161 12378 5 0 52.585064 37.259998 100
39162 12378 5 0 51.389946 37.950001 100
39163 12378 5 0 51.389946 39.330002 100
39164 12378 5 0 52.585064 40.02 100
39165 12378 5 0 54.975292 37.259998 100
39166 12378 5 0 53.780178 37.950001 100
39167 12378 5 0 53.780178 39.330002 100
39168 12378 5 0 54.975292 40.02 100
39169 12378 5 0 57.365524 37.259998 100
39170 12378 5 0 56.170406 37.950001 100
39171 12378 5 0 56.170406 39.330002 100
39172 12378 5 0 57.365524 40.02 100
39173 12378 5 0 59.755753 37.259998 100
39174 12378 5 0 58.560638 37.950001 100
39175 12378 5 0 58.560638 39.330002 100
39176 12378 5 0 59.755753 40.02 100
39177 12378 5 0 0 41.400002 100
39178 12378 5 0 -1.195115 42.09 100
39179 12378 5 0 -1.195115 43.470001 100
39180 12378 5 0 0 44.16 100
39181 12378 5 0 2.39023 41.400002 100
39182 12378 5 0 1.195115 42.09 100
39183 12378 5 0 1.195115 43.470001 100
39184 12378 5 0 2.39023 44.16 100
39185 12378 5 0 4.78046 41.400002 100
39186 12378 5 0 3.585345 42.09 100
39187 12378 5 0 3.585345 43.470001 100
39188 12378 5 0 4.78046 44.16 100
39189 12378 5 0 7.170691 41.400002 100
39190 12378 5 0 5.975575 42.09 100
39191 12378 5 0 5.975575 43.470001 100
39192 12378 5 0 7.170691 44.16 100
39193 12378 5 0 9.560921 41.400002 100
39194 12378 5 0 8.365806 42.09 100
39195 12378 5 0 8.365806 43.470001 100
39196 12378 5 0 9.560921 44.16 100
39197 12378 5 0 11.951151 41.400002 100
39198 12378 5 0 10.756036 42.09 100
39199 12378 5 0 10.756036 43.470001 100
39200 12378 5 0 11.951151 44.16 100
39201 12378 5 0 14.341381 41.400002 100
39202 12378 5 0 13.146266 42.09 100
39203 12378 5 0 13.146266 43.470001 100
39204 12378 5 0 14.341381 44.16 100
39205 12378 5 0 16.731611 41.400002 100
39206 12378 5 0 15.536496 42.09 100
39207 12378 5 0 15.536496 43.470001 100
39208 12378 5 0 16.731611 44.16 100
39209 12378 5 0 19.121841 41.400002 100
39210 12378 5 0 17.926725 42.09 100
39211 12378 5 0 17.926725 43.470001 100
39212 12378 5 0 19.121841 44.16 100
39213 12378 5 0 21.512072 41.400002 100
39214 12378 5 0 20.316956 42.09 100
39215 12378 5 0 20.316956 43.470001 100
39216 12378 5 0 21.512072 44.16 100
39217 12378 5 0 23.902302 41.400002 100
39218 12378 5 0 22.707186 42.09 100
39219 12378 5 0 22.707186 43.470001 100
39220 12378 5 0 23.902302 44.16 100
39221 12378 5 0 26.292532 41.400002 100
39222 12378 5 0 25.097416 42.09 100
39223 12378 5 0 25.097416 43.470001 100
39224 12378 5 0 26.292532 44.16 100
39225 12378 5 0 28.682762 41.400002 100
39226 12378 5 0 27.487646 42.09 100
39227 12378 5 0 27.487646 43.470001 100
39228 12378 5 0 28.682762 44.16 100
39229 12378 5 0 31.072992 41.400002 100
39230 12378 5 0 29.877876 42.09 100
39231 12378 5 0 29.877876 43.470001 100
39232 12378 5 0 31.072992 44.16 100
39233 12378 5 0 33.463223 41.400002 100
39234 12378 5 0 32.268108 42.09 100
39235 12378 5 0 32.268108 43.470001 100
39236 12378 5 0 33.463223 44.16 100
39237 12378 5 0 35.853451 41.400002 100
39238 12378 5 0 34.658337 42.09 100
39239 12378 5 0 34.658337 43.470001 100
39240 12378 5 0 35.853451 44.16 100
39241 12378 5 0 38.243683 41.400002 100
39242 12378 5 0 37.048565 42.09 100
39243 12378 5 0 37.048565 43.470001 100
39244 12378 5 0 38.243683 44.16 100
39245 12378 5 0 40.633911 41.400002 100
39246 12378 5 0 39.438797 42.09 100
39247 12378 5 0 39.438797 43.470001 100
39248 12378 5 0 40.633911 44.16 100
39249 12378 5 0 43.024143 41.400002 100
39250 12378 5 0 41.829025 42.09 100
39251 12378 5 0 41.829025 43.470001 100
39252 12378 5 0 43.024143 44.16 100
39253 12378 5 0 45.414371 41.400002 100
39254 12378 5 0 44.219257 42.09 100
39255 12378 5 0 44.219257 43.470001 100
39256 12378 5 0 45.414371 44.16 100
39257 12378 5 0 47.804604 41.400002 100
39258 12378 5 0 46.609486 42.09 100
39259 12378 5 0 46.609486 43.470001 100
39260 12378 5 0 47.804604 44.16 100
39261 12378 5 0 50.194832 41.400002 100
39262 12378 5 0 48.999718 42.09 100
39263 12378 5 0 48.999718 43.470001 100
39264 12378 5 0 50.194832 44.16 100
39265 12378 5 0 52.585064 41.400002 100
39266 12378 5 0 51.389946 42.09 100
39267 12378 5 0 51.389946 43.470001 100
39268 12378 5 0 52.585064 44.16 100
39269 12378 5 0 54.975292 41.400002 100
39270 12378 5 0 53.780178 42.09 100
39271 12378 5 0 53.780178 43.470001 100
39272 12378 5 0 54.975292 44.16 100
39273 12378 5 0 57.365524 41.400002 100
39274 12378 5 0 56.170406 42.09 100
39275 12378 5 0 56.170406 43.470001 100
39276 12378 5 0 57.365524 44.16 100
39277 12378 5 0 59.755753 41.400002 100
39278 12378 5 0 58.560638 42.09 100
39279 12378 5 0 58.560638 43.470001 100
39280 12378 5 0 59.755753 44.16 100
39281 12378 5 0 0 45.540001 100
39282 12378 5 0 -1.195115 46.23 100
39283 12378 5 0 -1.195115 47.610001 100
39284 12378 5 0 0 48.299999 100
39285 12378 5 0 2.39023 45.540001 100
39286 12378 5 0 1.195115 46.23 100
39287 12378 5 0 1.195115 47.610001 100
39288 12378 5 0 2.39023 48.299999 100
39289 12378 5 0 4.78046 45.540001 100
39290 12378 5 0 3.585345 46.23 100
39291 12378 5 0 3.585345 47.610001 100
39292 12378 5 0 4.78046 48.299999 100
39293 12378 5 0 7.170691 45.540001 100
39294 12378 5 0 5.975575 46.23 100
39295 12378 5 0 5.975575 47.610001 100
39296 12378 5 0 7.170691 48.299999 100
39297 12378 5 0 9.560921 45.540001 100
39298 12378 5 0 8.365806 46.23 100
39299 12378 5 0 8.365806 47.610001 100
39300 12378 5 0 9.560921 48.299999 100
39301 12378 5 0 11.951151 45.540001 100
39302 12378 5 0 10.756036 46.23 100
39303 12378 5 0 10.756036 47.610001 100
39304 12378 5 0 11.951151 48.299999 100
39305 12378 5 0 14.341381 45.540001 100
39306 12378 5 0 13.146266 46.23 100
39307 12378 5 0 13.146266 47.610001 100
39308 12378 5 0 14.341381 48.299999 100
39309 12378 5 0 16.731611 45.540001 100
39310 12378 5 0 15.536496 46.23 100
39311 12378 5 0 15.536496 47.610001 100
39312 12378 5 0 16.731611 48.299999 100
39313 12378 5 0 19.121841 45.540001 100
39314 12378 5 0 17.926725 46.23 100
39315 12378 5 0 17.926725 47.610001 100
39316 12378 5 0 19.121841 48.299999 100
39317 12378 5 0 21.512072 45.540001 100
39318 12378 5 0 20.316956 46.23 100
39319 12378 5 0 20.316956 47.610001 100
39320 12378 5 0 21.512072 48.299999 100
39321 12378 5 0 23.902302 45.540001 100
39322 12378 5 0 22.707186 46.23 100
39323 12378 5 0 22.707186 47.610001 100
39324 12378 5 0 23.902302 48.299999 100
39325 12378 5 0 26.292532 45.540001 100
39326 12378 5 0 25.097416 46.23 100
39327 12378 5 0 25.097416 47.610001 100
39328 12378 5 0 26.292532 48.299999 100
39329 12378 5 0 28.682762 45.540001 100
39330 12378 5 0 27.487646 46.23 100
39331 12378 5 0 27.487646 47.610001 100
39332 12378 5 0 28.682762 48.299999 100
39333 12378 5 0 31.072992 45.540001 100
39334 12378 5 0 29.877876 46.23 100
39335 12378 5 0 29.877876 47.610001 100
39336 12378 5 0 31.072992 48.299999 100
39337 12378 5 0 33.463223 45.540001 100
39338 12378 5 0 32.268108 46.23 100
39339 12378 5 0 32.268108 47.610001 100
39340 12378 5 0 33.463223 48.299999 100
39341 12378 5 0 35.853451 45.540001 100
39342 12378 5 0 34.658337 46.23 100
39343 12378 5 0 34.658337 47.610001 100
39344 12378 5 0 35.853451 48.299999 100
39345 12378 5 0 38.243683 45.540001 100
39346 12378 5 0 37.048565 46.23 100
39347 12378 5 0 37.048565 47.610001 100
39348 12378 5 0 38.243683 48.299999 100
39349 12378 5 0 40.633911 45.540001 100
39350 12378 5 0 39.438797 46.23 100
39351 12378 5 0 39.438797 47.610001 100
39352 12378 5 0 40.633911 48.299999 100
39353 12378 5 0 43.024143 45.540001 100
39354 12378 5 0 41.829025 46.23 100
39355 12378 5 0 41.829025 47.610001 100
39356 12378 5 0 43.024143 48.299999 100
39357 12378 5 0 45.414371 45.540001 100
39358 12378 5 0 44.219257 46.23 100
39359 12378 5 0 44.219257 47.610001 100
39360 12378 5 0 45.414371 48.299999 100
39361 12378 5 0 47.804604 45.540001 100
39362 12378 5 0 46.609486 46.23 100
39363 12378 5 0 46.609486 47.610001 100
39364 12378 5 0 47.804604 48.299999 100
39365 12378 5 0 50.194832 45.540001 100
39366 12378 5 0 48.999718 46.23 100
39367 12378 5 0 48.999718 47.610001 100
39368 12378 5 0 50.194832 48.299999 100
39369 12378 5 0 52.585064 45.540001 100
39370 12378 5 0 51.389946 46.23 100
39371 12378 5 0 51.389946 47.610001 100
39372 12378 5 0 52.585064 48.299999 100
39373 12378 5 0 54.975292 45.540001 100
39374 12378 5 0 53.780178 46.23 100
39375 12378 5 0 53.780178 47.610001 100
39376 12378 5 0 54.975292 48.299999 100
39377 12378 5 0 57.365524 45.540001 100
39378 12378 5 0 56.170406 46.23 100
39379 12378 5 0 56.170406 47.610001 100
39380 12378 5 0 57.365524 48.299999 100
39381 12378 5 0 59.755753 45.540001 100
39382 12378 5 0 58.560638 46.23 100
39383 12378 5 0 58.560638 47.610001 100
39384 12378 5 0 59.755753 48.299999 100
39385 12378 5 0 0 49.68 100
39386 12378 5 0 -1.195115 50.369999 100
39387 12378 5 0 -1.195115 51.75 100
39388 12378 5 0 0 52.439999 100
39389 12378 5 0 2.39023 49.68 100
39390 12378 5 0 1.195115 50.369999 100
39391 12378 5 0 1.195115 51.75 100
39392 12378 5 0 2.39023 52.439999 100
39393 12378 5 0 4.78046 49.68 100
39394 12378 5 0 3.585345 50.369999 100
39395 12378 5 0 3.585345 51.75 100
39396 12378 5 0 4.78046 52.439999 100
39397 12378 5 0 7.170691 49.68 100
39398 12378 5 0 5.975575 50.369999 100
39399 12378 5 0 5.975575 51.75 100
39400 12378 5 0 7.170691 52.439999 100
39401 12378 5 0 9.560921 49.68 100
39402 12378 5 0 8.365806 50.369999 100
39403 12378 5 0 8.365806 51.75 100
39404 12378 5 0 9.560921 52.439999 100
39405 12378 5 0 11.951151 49.68 100
39406 12378 5 0 10.756036 50.369999 100
39407 12378 5 0 10.756036 51.75 100
39408 12378 5 0 11.951151 52.439999 100
39409 12378 5 0 14.341381 49.68 100
39410 12378 5 0 13.146266 50.369999 100
39411 12378 5 0 13.146266 51.75 100
39412 12378 5 0 14.341381 52.439999 100
39413 12378 5 0 16.731611 49.68 100
39414 12378 5 0 15.536496 50.369999 100
39415 12378 5 0 15.536496 51.75 100
39416 12378 5 0 16.731611 52.439999 100
39417 12378 5 0 19.121841 49.68 100
39418 12378 5 0 17.926725 50.369999 100
39419 12378 5 0 17.926725 51.75 100
39420 12378 5 0 19.121841 52.439999 100
39421 12378 5 0 21.512072 49.68 100
39422 12378 5 0 20.316956 50.369999 100
39423 12378 5 0 20.316956 51.75 100
39424 12378 5 0 21.512072 52.439999 100
39425 12378 5 0 23.902302 49.68 100
39426 12378 5 0 22.707186 50.369999 100
39427 12378 5 0 22.707186 51.75 100
39428 12378 5 0 23.902302 52.439999 100
39429 12378 5 0 26.292532 49.68 100
39430 12378 5 0 25.097416 50.369999 100
39431 12378 5 0 25.097416 51.75 100
39432 12378 5 0 26.292532 52.439999 100
39433 12378 5 0 28.682762 49.68 100
39434 12378 5 0 27.487646 50.369999 100
39435 12378 5 0 27.487646 51.75 100
39436 12378 5 0 28.682762 52.439999 100
39437 12378 5 0 31.072992 49.68 100
39438 12378 5 0 29.877876 50.369999 100
39439 12378 5 0 29.877876 51.75 100
39440 12378 5 0 31.072992 52.439999 100
39441 12378 5 0 33.463223 49.68 100
39442 12378 5 0 32.268108 50.369999 100
39443 12378 5 0 32.268108 51.75 100
39444 12378 5 0 33.463223 52.439999 100
39445 12378 5 0 35.853451 49.68 100
39446 12378 5 0 34.658337 50.369999 100
39447 12378 5 0 34.658337 51.75 100
39448 12378 5 0 35.853451 52.439999 100
39449 12378 5 0 38.243683 49.68 100
39450 12378 5 0 37.048565 50.369999 100
39451 12378 5 0 37.048565 51.75 100
39452 12378 5 0 38.243683 52.439999 100
39453 12378 5 0 40.633911 49.68 100
39454 12378 5 0 39.438797 50.369999 100
39455 12378 5 0 39.438797 51.75 100
39456 12378 5 0 40.633911 52.439999 100
39457 12378 5 0 43.024143 49.68 100
39458 12378 5 0 41.829025 50.369999 100
39459 12378 5 0 41.829025 51.75 100
39460 12378 5 0 43.024143 52.439999 100
39461 12378 5 0 45.414371 49.68 100
39462 12378 5 0 44.219257 50.369999 100
39463 12378 5 0 44.219257 51.75 100
39464 12378 5 0 45.414371 52.439999 100
39465 12378 5 0 47.804604 49.68 100
39466 12378 5 0 46.609486 50.369999 100
39467 12378 5 0 46.609486 51.75 100
39468 12378 5 0 47.804604 52.439999 100
39469 12378 5 0 50.194832 49.68 100
39470 12378 5 0 48.999718 50.369999 100
39471 12378 5 0 48.999718 51.75 100
39472 12378 5 0 50.194832 52.439999 100
39473 12378 5 0 52.585064 49.68 100
39474 12378 5 0 51.389946 50.369999 100
39475 12378 5 0 51.389946 51.75 100
39476 12378 5 0 52.585064 52.439999 100
39477 12378 5 0 54.975292 49.68 100
39478 12378 5 0 53.780178 50.369999 100
39479 12378 5 0 53.780178 51.75 100
39480 12378 5 0 54.975292 52.439999 100
39481 12378 5 0 57.365524 49.68 100
39482 12378 5 0 56.170406 50.369999 100
39483 12378 5 0 56.170406 51.75 100
39484 12378 5 0 57.365524 52.439999 100
39485 12378 5 0 59.755753 49.68 100
39486 12378 5 0 58.560638 50.369999 100
39487 12378 5 0 58.560638 51.75 100
39488 12378 5 0 59.755753 52.439999 100
39489 12378 5 0 0 53.82 100
39490 12378 5 0 -1.195115 54.509998 100
39491 12378 5 0 -1.195115 55.889999 100
39492 12378 5 0 0 56.580002 100
39493 12378 5 0 2.39023 53.82 100
39494 12378 5 0 1.195115 54.509998 100
39495 12378 5 0 1.195115 55.889999 100
39496 12378 5 0 2.39023 56.580002 100
39497 12378 5 0 4.78046 53.82 100
39498 12378 5 0 3.585345 54.509998 100
39499 12378 5 0 3.585345 55.889999 100
39500 12378 5 0 4.78046 56.580002 100
39501 12378 5 0 7.170691 53.82 100
39502 12378 5 0 5.975575 54.509998 100
39503 12378 5 0 5.975575 55.889999 100
39504 12378 5 0 7.170691 56.580002 100
39505 12378 5 0 9.560921 53.82 100
39506 12378 5 0 8.365806 54.509998 100
39507 12378 5 0 8.365806 55.889999 100
39508 12378 5 0 9.560921 56.580002 100
39509 12378 5 0 11.951151 53.82 100
39510 12378 5 0 10.756036 54.509998 100
39511 12378 5 0 10.756036 55.889999 100
39512 12378 5 0 11.951151 56.580002 100
39513 12378 5 0 14.341381 53.82 100
39514 12378 5 0 13.146266 54.509998 100
39515 12378 5 0 13.146266 55.889999 100
39516 12378 5 0 14.341381 56.580002 100
39517 12378 5 0 16.731611 53.82 100
39518 12378 5 0 15.536496 54.509998 100
39519 12378 5 0 15.536496 55.889999 100
39520 12378 5 0 16.731611 56.580002 100
39521 12378 5 0 19.121841 53.82 100
39522 12378 5 0 17.926725 54.509998 100
39523 12378 5 0 17.926725 55.889999 100
39524 12378 5 0 19.121841 56.580002 100
39525 12378 5 0 21.512072 53.82 100
39526 12378 5 0 20.316956 54.509998 100
39527 12378 5 0 20.316956 55.889999 100
39528 12378 5 0 21.512072 56.580002 100
39529 12378 5 0 23.902302 53.82 100
39530 12378 5 0 22.707186 54.509998 100
39531 12378 5 0 22.707186 55.889999 100
39532 12378 5 0 23.902302 56.580002 100
39533 12378 5 0 26.292532 53.82 100
39534 12378 5 0 25.097416 54.509998 100
39535 12378 5 0 25.097416 55.889999 100
39536 12378 5 0 26.292532 56.580002 100
39537 12378 5 0 28.682762 53.82 100
39538 12378 5 0 27.487646 54.509998 100
39539 12378 5 0 27.487646 55.889999 100
39540 12378 5 0 28.682762 56.580002 100
39541 12378 5 0 31.072992 53.82 100
39542 12378 5 0 29.877876 54.509998 100
39543 12378 5 0 29.877876 55.889999 100
39544 12378 5 0 31.072992 56.580002 100
39545 12378 5 0 33.463223 53.82 100
39546 12378 5 0 32.268108 54.509998 100
39547 12378 5 0 32.268108 55.889999 100
39548 12378 5 0 33.463223 56.580002 100
39549 12378 5 0 35.853451 53.82 100
39550 12378 5 0 34.658337 54.509998 100
39551 12378 5 0 34.658337 55.889999 100
39552 12378 5 0 35.853451 56.580002 100
39553 12378 5 0 38.243683 53.82 100
39554 12378 5 0 37.048565 54.509998 100
39555 12378 5 0 37.048565 55.889999 100
39556 12378 5 0 38.243683 56.580002 100
39557 12378 5 0 40.633911 53.82 100
39558 12378 5 0 39.438797 54.509998 100
39559 12378 5 0 39.438797 55.889999 100
39560 12378 5 0 40.633911 56.580002 100
39561 12378 5 0 43.024143 53.82 100
39562 12378 5 0 41.829025 54.509998 100
39563 12378 5 0 41.829025 55.889999 100
39564 12378 5 0 43.024143 56.580002 100
39565 12378 5 0 45.414371 53.82 100
39566 12378 5 0 44.219257 54.509998 100
39567 12378 5 0 44.219257 55.889999 100
39568 12378 5 0 45.414371 56.580002 100
39569 12378 5 0 47.804604 53.82 100
39570 12378 5 0 46.609486 54.509998 100
39571 12378 5 0 46.609486 55.889999 100
39572 12378 5 0 47.804604 56.580002 100
39573 12378 5 0 50.194832 53.82 100
39574 12378 5 0 48.999718 54.509998 100
39575 12378 5 0 48.999718 55.889999 100
39576 12378 5 0 50.194832 56.580002 100
39577 12378 5 0 52.585064 53.82 100
39578 12378 5 0 51.389946 54.509998 100
39579 12378 5 0 51.389946 55.889999 100
39580 12378 5 0 52.585064 56.580002 100
39581 12378 5 0 54.975292 53.82 100
39582 12378 5 0 53.780178 54.509998 100
39583 12378 5 0 53.780178 55.889999 100
39584 12378 5 0 54.975292 56.580002 100
39585 12378 5 0 57.365524 53.82 100
39586 12378 5 0 56.170406 54.509998 100
39587 12378 5 0 56.170406 55.889999 100
39588 12378 5 0 57.365524 56.580002 100
39589 12378 5 0 59.755753 53.82 100
39590 12378 5 0 58.560638 54.509998 100
39591 12378 5 0 58.560638 55.889999 100
39592 12378 5 0 59.755753 56.580002 100
39593 12378 5 0 0 57.959999 100
39594 12378 5 0 -1.195115 58.650002 100
39595 12378 5 0 -1.195115 60.029999 100
39596 12378 5 0 0 60.720001 100
39597 12378 5 0 2.39023 57.959999 100
39598 12378 5 0 1.195115 58.650002 100
39599 12378 5 0 1.195115 60.029999 100
39600 12378 5 0 2.39023 60.720001 100
39601 12378 5 0 4.78046 57.959999 100
39602 12378 5 0 3.585345 58.650002 100
39603 12378 5 0 3.585345 60.029999 100
39604 12378 5 0 4.78046 60.720001 100
39605 12378 5 0 7.170691 57.959999 100
39606 12378 5 0 5.975575 58.650002 100
39607 12378 5 0 5.975575 60.029999 100
39608 12378 5 0 7.170691 60.720001 100
39609 12378 5 0 9.560921 57.959999 100
39610 12378 5 0 8.365806 58.650002 100
39611 12378 5 0 8.365806 60.029999 100
39612 12378 5 0 9.560921 60.720001 100
39613 12378 5 0 11.951151 57.959999 100
39614 12378 5 0 10.756036 58.650002 100
39615 12378 5 0 10.756036 60.029999 100
39616 12378 5 0 11.951151 60.720001 100
39617 12378 5 0 14.341381 57.959999 100
39618 12378 5 0 13.146266 58.650002 100
39619 12378 5 0 13.146266 60.029999 100
39620 12378 5 0 14.341381 60.720001 100
39621 12378 5 0 16.731611 57.959999 100
39622 12378 5 0 15.536496 58.650002 100
39623 12378 5 0 15.536496 60.029999 100
39624 12378 5 0 16.731611 60.720001 100
39625 12378 5 0 19.121841 57.959999 100
39626 12378 5 0 17.926725 58.650002 100
39627 12378 5 0 17.926725 60.029999 100
39628 12378 5 0 19.121841 60.720001 100
39629 12378 5 0 21.512072 57.959999 100
39630 12378 5 0 20.316956 58.650002 100
39631 12378 5 0 20.316956 60.029999 100
39632 12378 5 0 21.512072 60.720001 100
39633 12378 5 0 23.902302 57.959999 100
39634 12378 5 0 22.707186 58.650002 100
39635 12378 5 0 22.707186 60.029999 100
39636 12378 5 0 23.902302 60.720001 100
39637 12378 5 0 26.292532 57.959999 100
39638 12378 5 0 25.097416 58.650002 100
39639 12378 5 0 25.097416 60.029999 100
39640 12378 5 0 26.292532 60.720001 100
39641 12378 5 0 28.682762 57.959999 100
39642 12378 5 0 27.487646 58.650002 100
39643 12378 5 0 27.487646 60.029999 100
39644 12378 5 0 28.682762 60.720001 100
39645 12378 5 0 31.072992 57.959999 100
39646 12378 5 0 29.877876 58.650002 100
39647 12378 5 0 29.877876 60.029999 100
39648 12378 5 0 31.072992 60.720001 100
39649 12378 5 0 33.463223 57.959999 100
39650 12378 5 0 32.268108 58.650002 100
39651 12378 5 0 32.268108 60.029999 100
39652 12378 5 0 33.463223 60.720001 100
39653 12378 5 0 35.853451 57.959999 100
39654 12378 5 0 34.658337 58.650002 100
39655 12378 5 0 34.658337 60.029999 100
39656 12378 5 0 35.853451 60.720001 100
39657 12378 5 0 38.243683 57.959999 100
39658 12378 5 0 37.048565 58.650002 100
39659 12378 5 0 37.048565 60.029999 100
39660 12378 5 0 38.243683 60.720001 100
39661 12378 5 0 40.633911 57.959999 100
39662 12378 5 0 39.438797 58.650002 100
39663 12378 5 0 39.438797 60.029999 100
39664 12378 5 0 40.633911 60.720001 100
39665 12378 5 0 43.024143 57.959999 100
39666 12378 5 0 41.829025 58.650002 100
39667 12378 5 0 41.829025 60.029999 100
39668 12378 5 0 43.024143 60.720001 100
39669 12378 5 0 45.414371 57.959999 100
39670 12378 5 0 44.219257 58.650002 100
39671 12378 5 0 44.219257 60.029999 100
39672 12378 5 0 45.414371 60.720001 100
39673 12378 5 0 47.804604 57.959999 100
39674 12378 5 0 46.609486 58.650002 100
39675 12378 5 0 46.609486 60.029999 100
39676 12378 5 0 47.804604 60.720001 100
39677 12378 5 0 50.194832 57.959999 100
39678 12378 5 0 48.999718 58.650002 100
39679 12378 5 0 48.999718 60.029999 100
39680 12378 5 0 50.194832 60.720001 100
39681 12378 5 0 52.585064 57.959999 100
39682 12378 5 0 51.389946 58.650002 100
39683 12378 5 0 51.389946 60.029999 100
39684 12378 5 0 52.585064 60.720001 100
39685 12378 5 0 54.975292 57.959999 100
39686 12378 5 0 53.780178 58.650002 100
39687 12378 5 0 53.780178 60.029999 100
39688 12378 5 0 54.975292 60.720001 100
39689 12378 5 0 57.365524 57.959999 100
39690 12378 5 0 56.170406 58.650002 100
39691 12378 5 0 56.170406 60.029999 100
39692 12378 5 0 57.365524 60.720001 100
39693 12378 5 0 59.755753 57.959999 100
39694 12378 5 0 58.560638 58.650002 100
39695 12378 5 0 58.560638 60.029999 100
39696 12378 5 0 59.755753 60.720001 100
