37129	12377	3	0	0.1472944	2.157	-2.13122
37130	12377	4	0	0.8527056	2.157	0
37131	12377	4	0	2.3352944	3.814	0
37132	12377	3	0	3.0407056	3.814	-2.13122
37133	12377	3	0	0.1472944	5.471	-2.13122
37134	12377	4	0	0.8527056	5.471	0
37135	12377	4	0	2.3352944	7.128	0
37136	12377	3	0	3.0407056	7.128	-2.13122
37137	12377	3	0	0.1472944	8.785	-2.13122
37138	12377	4	0	0.8527056	8.785	0
37139	12377	4	0	2.3352944	10.442	0
37140	12377	3	0	3.0407056	10.442	-2.13122
37141	12377	3	0	0.1472944	12.099	-2.13122
37142	12377	4	0	0.8527056	12.099	0
37143	12377	4	0	2.3352944	13.756	0
37144	12377	3	0	3.0407056	13.756	-2.13122
37145	12377	3	0	0.1472944	15.413	-2.13122
37146	12377	4	0	0.8527056	15.413	0
37147	12377	4	0	2.3352944	17.07	0
37148	12377	3	0	3.0407056	17.07	-2.13122
37149	12377	3	0	0.1472944	18.727	-2.13122
37150	12377	4	0	0.8527056	18.727	0
37151	12377	4	0	2.3352944	20.384	0
37152	12377	3	0	3.0407056	20.384	-2.13122
37153	12377	3	0	0.1472944	22.041	-2.13122
37154	12377	4	0	0.8527056	22.041	0
37155	12377	4	0	2.3352944	23.698	0
37156	12377	3	0	3.0407056	23.698	-2.13122
37157	12377	3	0	0.1472944	25.355	-2.13122
37158	12377	4	0	0.8527056	25.355	0
37159	12377	4	0	2.3352944	27.012	0
37160	12377	3	0	3.0407056	27.012	-2.13122
37161	12377	3	0	0.1472944	28.669	-2.13122
37162	12377	4	0	0.8527056	28.669	0
37163	12377	4	0	2.3352944	30.326	0
37164	12377	3	0	3.0407056	30.326	-2.13122
37165	12377	3	0	0.1472944	31.983	-2.13122
37166	12377	4	0	0.8527056	31.983	0
37167	12377	4	0	2.3352944	33.64	0
37168	12377	3	0	3.0407056	33.64	-2.13122
37169	12377	3	0	0.1472944	35.297	-2.13122
37170	12377	4	0	0.8527056	35.297	0
37171	12377	4	0	2.3352944	36.954	0
37172	12377	3	0	3.0407056	36.954	-2.13122
37173	12377	3	0	0.1472944	38.611	-2.13122
37174	12377	4	0	0.8527056	38.611	0
37175	12377	4	0	2.3352944	40.268	0
37176	12377	3	0	3.0407056	40.268	-2.13122
37177	12377	3	0	0.1472944	41.925	-2.13122
37178	12377	4	0	0.8527056	41.925	0
37179	12377	4	0	2.3352944	43.582	0
37180	12377	3	0	3.0407056	43.582	-2.13122
37181	12377	3	0	0.1472944	45.239	-2.13122
37182	12377	4	0	0.8527056	45.239	0
37183	12377	4	0	2.3352944	46.896	0
37184	12377	3	0	3.0407056	46.896	-2.13122
37185	12377	3	0	0.1472944	48.553	-2.13122
37186	12377	4	0	0.8527056	48.553	0
37187	12377	4	0	2.3352944	50.21	0
37188	12377	3	0	3.0407056	50.21	-2.13122
37189	12377	3	0	0.1472944	51.867	-2.13122
37190	12377	4	0	0.8527056	51.867	0
37191	12377	4	0	2.3352944	53.524	0
37192	12377	3	0	3.0407056	53.524	-2.13122
37193	12377	3	0	0.1472944	55.181	-2.13122
37194	12377	4	0	0.8527056	55.181	0
37195	12377	4	0	2.3352944	56.838	0
37196	12377	3	0	3.0407056	56.838	-2.13122
37197	12377	3	0	0.1472944	58.495	-2.13122
37198	12377	4	0	0.8527056	58.495	0
37199	12377	4	0	2.3352944	60.152	0
37200	12377	3	0	3.0407056	60.152	-2.13122
37201	12377	3	0	4.5232944	2.157	-2.13122
37202	12377	4	0	5.2287056	2.157	0
37203	12377	4	0	6.7112944	3.814	0
37204	12377	3	0	7.4167056	3.814	-2.13122
37205	12377	3	0	4.5232944	5.471	-2.13122
37206	12377	4	0	5.2287056	5.471	0
37207	12377	4	0	6.7112944	7.128	0
37208	12377	3	0	7.4167056	7.128	-2.13122
37209	12377	3	0	4.5232944	8.785	-2.13122
37210	12377	4	0	5.2287056	8.785	0
37211	12377	4	0	6.7112944	10.442	0
37212	12377	3	0	7.4167056	10.442	-2.13122
37213	12377	3	0	4.5232944	12.099	-2.13122
37214	12377	4	0	5.2287056	12.099	0
37215	12377	4	0	6.7112944	13.756	0
37216	12377	3	0	7.4167056	13.756	-2.13122
37217	12377	3	0	4.5232944	15.413	-2.13122
37218	12377	4	0	5.2287056	15.413	0
37219	12377	4	0	6.7112944	17.07	0
37220	12377	3	0	7.4167056	17.07	-2.13122
37221	12377	3	0	4.5232944	18.727	-2.13122
37222	12377	4	0	5.2287056	18.727	0
37223	12377	4	0	6.7112944	20.384	0
37224	12377	3	0	7.4167056	20.384	-2.13122
37225	12377	3	0	4.5232944	22.041	-2.13122
37226	12377	4	0	5.2287056	22.041	0
37227	12377	4	0	6.7112944	23.698	0
37228	12377	3	0	7.4167056	23.698	-2.13122
37229	12377	3	0	4.5232944	25.355	-2.13122
37230	12377	4	0	5.2287056	25.355	0
37231	12377	4	0	6.7112944	27.012	0
37232	12377	3	0	7.4167056	27.012	-2.13122
37233	12377	3	0	4.5232944	28.669	-2.13122
37234	12377	4	0	5.2287056	28.669	0
37235	12377	4	0	6.7112944	30.326	0
37236	12377	3	0	7.4167056	30.326	-2.13122
37237	12377	3	0	4.5232944	31.983	-2.13122
37238	12377	4	0	5.2287056	31.983	0
37239	12377	4	0	6.7112944	33.64	0
37240	12377	3	0	7.4167056	33.64	-2.13122
37241	12377	3	0	4.5232944	35.297	-2.13122
37242	12377	4	0	5.2287056	35.297	0
37243	12377	4	0	6.7112944	36.954	0
37244	12377	3	0	7.4167056	36.954	-2.13122
37245	12377	3	0	4.5232944	38.611	-2.13122
37246	12377	4	0	5.2287056	38.611	0
37247	12377	4	0	6.7112944	40.268	0
37248	12377	3	0	7.4167056	40.268	-2.13122
37249	12377	3	0	4.5232944	41.925	-2.13122
37250	12377	4	0	5.2287056	41.925	0
37251	12377	4	0	6.7112944	43.582	0
37252	12377	3	0	7.4167056	43.582	-2.13122
37253	12377	3	0	4.5232944	45.239	-2.13122
37254	12377	4	0	5.2287056	45.239	0
37255	12377	4	0	6.7112944	46.896	0
37256	12377	3	0	7.4167056	46.896	-2.13122
37257	12377	3	0	4.5232944	48.553	-2.13122
37258	12377	4	0	5.2287056	48.553	0
37259	12377	4	0	6.7112944	50.21	0
37260	12377	3	0	7.4167056	50.21	-2.13122
37261	12377	3	0	4.5232944	51.867	-2.13122
37262	12377	4	0	5.2287056	51.867	0
37263	12377	4	0	6.7112944	53.524	0
37264	12377	3	0	7.4167056	53.524	-2.13122
37265	12377	3	0	4.5232944	55.181	-2.13122
37266	12377	4	0	5.2287056	55.181	0
37267	12377	4	0	6.7112944	56.838	0
37268	12377	3	0	7.4167056	56.838	-2.13122
37269	12377	3	0	4.5232944	58.495	-2.13122
37270	12377	4	0	5.2287056	58.495	0
37271	12377	4	0	6.7112944	60.152	0
37272	12377	3	0	7.4167056	60.152	-2.13122
37273	12377	3	0	8.8992944	2.157	-2.13122
37274	12377	4	0	9.6047056	2.157	0
37275	12377	4	0	11.0872944	3.814	0
37276	12377	3	0	11.7927056	3.814	-2.13122
37277	12377	3	0	8.8992944	5.471	-2.13122
37278	12377	4	0	9.6047056	5.471	0
37279	12377	4	0	11.0872944	7.128	0
37280	12377	3	0	11.7927056	7.128	-2.13122
37281	12377	3	0	8.8992944	8.785	-2.13122
37282	12377	4	0	9.6047056	8.785	0
37283	12377	4	0	11.0872944	10.442	0
37284	12377	3	0	11.7927056	10.442	-2.13122
37285	12377	3	0	8.8992944	12.099	-2.13122
37286	12377	4	0	9.6047056	12.099	0
37287	12377	4	0	11.0872944	13.756	0
37288	12377	3	0	11.7927056	13.756	-2.13122
37289	12377	3	0	8.8992944	15.413	-2.13122
37290	12377	4	0	9.6047056	15.413	0
37291	12377	4	0	11.0872944	17.07	0
37292	12377	3	0	11.7927056	17.07	-2.13122
37293	12377	3	0	8.8992944	18.727	-2.13122
37294	12377	4	0	9.6047056	18.727	0
37295	12377	4	0	11.0872944	20.384	0
37296	12377	3	0	11.7927056	20.384	-2.13122
37297	12377	3	0	8.8992944	22.041	-2.13122
37298	12377	4	0	9.6047056	22.041	0
37299	12377	4	0	11.0872944	23.698	0
37300	12377	3	0	11.7927056	23.698	-2.13122
37301	12377	3	0	8.8992944	25.355	-2.13122
37302	12377	4	0	9.6047056	25.355	0
37303	12377	4	0	11.0872944	27.012	0
37304	12377	3	0	11.7927056	27.012	-2.13122
37305	12377	3	0	8.8992944	28.669	-2.13122
37306	12377	4	0	9.6047056	28.669	0
37307	12377	4	0	11.0872944	30.326	0
37308	12377	3	0	11.7927056	30.326	-2.13122
37309	12377	3	0	8.8992944	31.983	-2.13122
37310	12377	4	0	9.6047056	31.983	0
37311	12377	4	0	11.0872944	33.64	0
37312	12377	3	0	11.7927056	33.64	-2.13122
37313	12377	3	0	8.8992944	35.297	-2.13122
37314	12377	4	0	9.6047056	35.297	0
37315	12377	4	0	11.0872944	36.954	0
37316	12377	3	0	11.7927056	36.954	-2.13122
37317	12377	3	0	8.8992944	38.611	-2.13122
37318	12377	4	0	9.6047056	38.611	0
37319	12377	4	0	11.0872944	40.268	0
37320	12377	3	0	11.7927056	40.268	-2.13122
37321	12377	3	0	8.8992944	41.925	-2.13122
37322	12377	4	0	9.6047056	41.925	0
37323	12377	4	0	11.0872944	43.582	0
37324	12377	3	0	11.7927056	43.582	-2.13122
37325	12377	3	0	8.8992944	45.239	-2.13122
37326	12377	4	0	9.6047056	45.239	0
37327	12377	4	0	11.0872944	46.896	0
37328	12377	3	0	11.7927056	46.896	-2.13122
37329	12377	3	0	8.8992944	48.553	-2.13122
37330	12377	4	0	9.6047056	48.553	0
37331	12377	4	0	11.0872944	50.21	0
37332	12377	3	0	11.7927056	50.21	-2.13122
37333	12377	3	0	8.8992944	51.867	-2.13122
37334	12377	4	0	9.6047056	51.867	0
37335	12377	4	0	11.0872944	53.524	0
37336	12377	3	0	11.7927056	53.524	-2.13122
37337	12377	3	0	8.8992944	55.181	-2.13122
37338	12377	4	0	9.6047056	55.181	0
37339	12377	4	0	11.0872944	56.838	0
37340	12377	3	0	11.7927056	56.838	-2.13122
37341	12377	3	0	8.8992944	58.495	-2.13122
37342	12377	4	0	9.6047056	58.495	0
37343	12377	4	0	11.0872944	60.152	0
37344	12377	3	0	11.7927056	60.152	-2.13122
37345	12377	3	0	13.2752944	2.157	-2.13122
37346	12377	4	0	13.9807056	2.157	0
37347	12377	4	0	15.4632944	3.814	0
37348	12377	3	0	16.1687056	3.814	-2.13122
37349	12377	3	0	13.2752944	5.471	-2.13122
37350	12377	4	0	13.9807056	5.471	0
37351	12377	4	0	15.4632944	7.128	0
37352	12377	3	0	16.1687056	7.128	-2.13122
37353	12377	3	0	13.2752944	8.785	-2.13122
37354	12377	4	0	13.9807056	8.785	0
37355	12377	4	0	15.4632944	10.442	0
37356	12377	3	0	16.1687056	10.442	-2.13122
37357	12377	3	0	13.2752944	12.099	-2.13122
37358	12377	4	0	13.9807056	12.099	0
37359	12377	4	0	15.4632944	13.756	0
37360	12377	3	0	16.1687056	13.756	-2.13122
37361	12377	3	0	13.2752944	15.413	-2.13122
37362	12377	4	0	13.9807056	15.413	0
37363	12377	4	0	15.4632944	17.07	0
37364	12377	3	0	16.1687056	17.07	-2.13122
37365	12377	3	0	13.2752944	18.727	-2.13122
37366	12377	4	0	13.9807056	18.727	0
37367	12377	4	0	15.4632944	20.384	0
37368	12377	3	0	16.1687056	20.384	-2.13122
37369	12377	3	0	13.2752944	22.041	-2.13122
37370	12377	4	0	13.9807056	22.041	0
37371	12377	4	0	15.4632944	23.698	0
37372	12377	3	0	16.1687056	23.698	-2.13122
37373	12377	3	0	13.2752944	25.355	-2.13122
37374	12377	4	0	13.9807056	25.355	0
37375	12377	4	0	15.4632944	27.012	0
37376	12377	3	0	16.1687056	27.012	-2.13122
37377	12377	3	0	13.2752944	28.669	-2.13122
37378	12377	4	0	13.9807056	28.669	0
37379	12377	4	0	15.4632944	30.326	0
37380	12377	3	0	16.1687056	30.326	-2.13122
37381	12377	3	0	13.2752944	31.983	-2.13122
37382	12377	4	0	13.9807056	31.983	0
37383	12377	4	0	15.4632944	33.64	0
37384	12377	3	0	16.1687056	33.64	-2.13122
37385	12377	3	0	13.2752944	35.297	-2.13122
37386	12377	4	0	13.9807056	35.297	0
37387	12377	4	0	15.4632944	36.954	0
37388	12377	3	0	16.1687056	36.954	-2.13122
37389	12377	3	0	13.2752944	38.611	-2.13122
37390	12377	4	0	13.9807056	38.611	0
37391	12377	4	0	15.4632944	40.268	0
37392	12377	3	0	16.1687056	40.268	-2.13122
37393	12377	3	0	13.2752944	41.925	-2.13122
37394	12377	4	0	13.9807056	41.925	0
37395	12377	4	0	15.4632944	43.582	0
37396	12377	3	0	16.1687056	43.582	-2.13122
37397	12377	3	0	13.2752944	45.239	-2.13122
37398	12377	4	0	13.9807056	45.239	0
37399	12377	4	0	15.4632944	46.896	0
37400	12377	3	0	16.1687056	46.896	-2.13122
37401	12377	3	0	13.2752944	48.553	-2.13122
37402	12377	4	0	13.9807056	48.553	0
37403	12377	4	0	15.4632944	50.21	0
37404	12377	3	0	16.1687056	50.21	-2.13122
37405	12377	3	0	13.2752944	51.867	-2.13122
37406	12377	4	0	13.9807056	51.867	0
37407	12377	4	0	15.4632944	53.524	0
37408	12377	3	0	16.1687056	53.524	-2.13122
37409	12377	3	0	13.2752944	55.181	-2.13122
37410	12377	4	0	13.9807056	55.181	0
37411	12377	4	0	15.4632944	56.838	0
37412	12377	3	0	16.1687056	56.838	-2.13122
37413	12377	3	0	13.2752944	58.495	-2.13122
37414	12377	4	0	13.9807056	58.495	0
37415	12377	4	0	15.4632944	60.152	0
37416	12377	3	0	16.1687056	60.152	-2.13122
37417	12377	3	0	17.6512944	2.157	-2.13122
37418	12377	4	0	18.3567056	2.157	0
37419	12377	4	0	19.8392944	3.814	0
37420	12377	3	0	20.5447056	3.814	-2.13122
37421	12377	3	0	17.6512944	5.471	-2.13122
37422	12377	4	0	18.3567056	5.471	0
37423	12377	4	0	19.8392944	7.128	0
37424	12377	3	0	20.5447056	7.128	-2.13122
37425	12377	3	0	17.6512944	8.785	-2.13122
37426	12377	4	0	18.3567056	8.785	0
37427	12377	4	0	19.8392944	10.442	0
37428	12377	3	0	20.5447056	10.442	-2.13122
37429	12377	3	0	17.6512944	12.099	-2.13122
37430	12377	4	0	18.3567056	12.099	0
37431	12377	4	0	19.8392944	13.756	0
37432	12377	3	0	20.5447056	13.756	-2.13122
37433	12377	3	0	17.6512944	15.413	-2.13122
37434	12377	4	0	18.3567056	15.413	0
37435	12377	4	0	19.8392944	17.07	0
37436	12377	3	0	20.5447056	17.07	-2.13122
37437	12377	3	0	17.6512944	18.727	-2.13122
37438	12377	4	0	18.3567056	18.727	0
37439	12377	4	0	19.8392944	20.384	0
37440	12377	3	0	20.5447056	20.384	-2.13122
37441	12377	3	0	17.6512944	22.041	-2.13122
37442	12377	4	0	18.3567056	22.041	0
37443	12377	4	0	19.8392944	23.698	0
37444	12377	3	0	20.5447056	23.698	-2.13122
37445	12377	3	0	17.6512944	25.355	-2.13122
37446	12377	4	0	18.3567056	25.355	0
37447	12377	4	0	19.8392944	27.012	0
37448	12377	3	0	20.5447056	27.012	-2.13122
37449	12377	3	0	17.6512944	28.669	-2.13122
37450	12377	4	0	18.3567056	28.669	0
37451	12377	4	0	19.8392944	30.326	0
37452	12377	3	0	20.5447056	30.326	-2.13122
37453	12377	3	0	17.6512944	31.983	-2.13122
37454	12377	4	0	18.3567056	31.983	0
37455	12377	4	0	19.8392944	33.64	0
37456	12377	3	0	20.5447056	33.64	-2.13122
37457	12377	3	0	17.6512944	35.297	-2.13122
37458	12377	4	0	18.3567056	35.297	0
37459	12377	4	0	19.8392944	36.954	0
37460	12377	3	0	20.5447056	36.954	-2.13122
37461	12377	3	0	17.6512944	38.611	-2.13122
37462	12377	4	0	18.3567056	38.611	0
37463	12377	4	0	19.8392944	40.268	0
37464	12377	3	0	20.5447056	40.268	-2.13122
37465	12377	3	0	17.6512944	41.925	-2.13122
37466	12377	4	0	18.3567056	41.925	0
37467	12377	4	0	19.8392944	43.582	0
37468	12377	3	0	20.5447056	43.582	-2.13122
37469	12377	3	0	17.6512944	45.239	-2.13122
37470	12377	4	0	18.3567056	45.239	0
37471	12377	4	0	19.8392944	46.896	0
37472	12377	3	0	20.5447056	46.896	-2.13122
37473	12377	3	0	17.6512944	48.553	-2.13122
37474	12377	4	0	18.3567056	48.553	0
37475	12377	4	0	19.8392944	50.21	0
37476	12377	3	0	20.5447056	50.21	-2.13122
37477	12377	3	0	17.6512944	51.867	-2.13122
37478	12377	4	0	18.3567056	51.867	0
37479	12377	4	0	19.8392944	53.524	0
37480	12377	3	0	20.5447056	53.524	-2.13122
37481	12377	3	0	17.6512944	55.181	-2.13122
37482	12377	4	0	18.3567056	55.181	0
37483	12377	4	0	19.8392944	56.838	0
37484	12377	3	0	20.5447056	56.838	-2.13122
37485	12377	3	0	17.6512944	58.495	-2.13122
37486	12377	4	0	18.3567056	58.495	0
37487	12377	4	0	19.8392944	60.152	0
37488	12377	3	0	20.5447056	60.152	-2.13122
37489	12377	3	0	22.0272944	2.157	-2.13122
37490	12377	4	0	22.7327056	2.157	0
37491	12377	4	0	24.2152944	3.814	0
37492	12377	3	0	24.9207056	3.814	-2.13122
37493	12377	3	0	22.0272944	5.471	-2.13122
37494	12377	4	0	22.7327056	5.471	0
37495	12377	4	0	24.2152944	7.128	0
37496	12377	3	0	24.9207056	7.128	-2.13122
37497	12377	3	0	22.0272944	8.785	-2.13122
37498	12377	4	0	22.7327056	8.785	0
37499	12377	4	0	24.2152944	10.442	0
37500	12377	3	0	24.9207056	10.442	-2.13122
37501	12377	3	0	22.0272944	12.099	-2.13122
37502	12377	4	0	22.7327056	12.099	0
37503	12377	4	0	24.2152944	13.756	0
37504	12377	3	0	24.9207056	13.756	-2.13122
37505	12377	3	0	22.0272944	15.413	-2.13122
37506	12377	4	0	22.7327056	15.413	0
37507	12377	4	0	24.2152944	17.07	0
37508	12377	3	0	24.9207056	17.07	-2.13122
37509	12377	3	0	22.0272944	18.727	-2.13122
37510	12377	4	0	22.7327056	18.727	0
37511	12377	4	0	24.2152944	20.384	0
37512	12377	3	0	24.9207056	20.384	-2.13122
37513	12377	3	0	22.0272944	22.041	-2.13122
37514	12377	4	0	22.7327056	22.041	0
37515	12377	4	0	24.2152944	23.698	0
37516	12377	3	0	24.9207056	23.698	-2.13122
37517	12377	3	0	22.0272944	25.355	-2.13122
37518	12377	4	0	22.7327056	25.355	0
37519	12377	4	0	24.2152944	27.012	0
37520	12377	3	0	24.9207056	27.012	-2.13122
37521	12377	3	0	22.0272944	28.669	-2.13122
37522	12377	4	0	22.7327056	28.669	0
37523	12377	4	0	24.2152944	30.326	0
37524	12377	3	0	24.9207056	30.326	-2.13122
37525	12377	3	0	22.0272944	31.983	-2.13122
37526	12377	4	0	22.7327056	31.983	0
37527	12377	4	0	24.2152944	33.64	0
37528	12377	3	0	24.9207056	33.64	-2.13122
37529	12377	3	0	22.0272944	35.297	-2.13122
37530	12377	4	0	22.7327056	35.297	0
37531	12377	4	0	24.2152944	36.954	0
37532	12377	3	0	24.9207056	36.954	-2.13122
37533	12377	3	0	22.0272944	38.611	-2.13122
37534	12377	4	0	22.7327056	38.611	0
37535	12377	4	0	24.2152944	40.268	0
37536	12377	3	0	24.9207056	40.268	-2.13122
37537	12377	3	0	22.0272944	41.925	-2.13122
37538	12377	4	0	22.7327056	41.925	0
37539	12377	4	0	24.2152944	43.582	0
37540	12377	3	0	24.9207056	43.582	-2.13122
37541	12377	3	0	22.0272944	45.239	-2.13122
37542	12377	4	0	22.7327056	45.239	0
37543	12377	4	0	24.2152944	46.896	0
37544	12377	3	0	24.9207056	46.896	-2.13122
37545	12377	3	0	22.0272944	48.553	-2.13122
37546	12377	4	0	22.7327056	48.553	0
37547	12377	4	0	24.2152944	50.21	0
37548	12377	3	0	24.9207056	50.21	-2.13122
37549	12377	3	0	22.0272944	51.867	-2.13122
37550	12377	4	0	22.7327056	51.867	0
37551	12377	4	0	24.2152944	53.524	0
37552	12377	3	0	24.9207056	53.524	-2.13122
37553	12377	3	0	22.0272944	55.181	-2.13122
37554	12377	4	0	22.7327056	55.181	0
37555	12377	4	0	24.2152944	56.838	0
37556	12377	3	0	24.9207056	56.838	-2.13122
37557	12377	3	0	22.0272944	58.495	-2.13122
37558	12377	4	0	22.7327056	58.495	0
37559	12377	4	0	24.2152944	60.152	0
37560	12377	3	0	24.9207056	60.152	-2.13122
37561	12377	3	0	26.4032944	2.157	-2.13122
37562	12377	4	0	27.1087056	2.157	0
37563	12377	4	0	28.5912944	3.814	0
37564	12377	3	0	29.2967056	3.814	-2.13122
37565	12377	3	0	26.4032944	5.471	-2.13122
37566	12377	4	0	27.1087056	5.471	0
37567	12377	4	0	28.5912944	7.128	0
37568	12377	3	0	29.2967056	7.128	-2.13122
37569	12377	3	0	26.4032944	8.785	-2.13122
37570	12377	4	0	27.1087056	8.785	0
37571	12377	4	0	28.5912944	10.442	0
37572	12377	3	0	29.2967056	10.442	-2.13122
37573	12377	3	0	26.4032944	12.099	-2.13122
37574	12377	4	0	27.1087056	12.099	0
37575	12377	4	0	28.5912944	13.756	0
37576	12377	3	0	29.2967056	13.756	-2.13122
37577	12377	3	0	26.4032944	15.413	-2.13122
37578	12377	4	0	27.1087056	15.413	0
37579	12377	4	0	28.5912944	17.07	0
37580	12377	3	0	29.2967056	17.07	-2.13122
37581	12377	3	0	26.4032944	18.727	-2.13122
37582	12377	4	0	27.1087056	18.727	0
37583	12377	4	0	28.5912944	20.384	0
37584	12377	3	0	29.2967056	20.384	-2.13122
37585	12377	3	0	26.4032944	22.041	-2.13122
37586	12377	4	0	27.1087056	22.041	0
37587	12377	4	0	28.5912944	23.698	0
37588	12377	3	0	29.2967056	23.698	-2.13122
37589	12377	3	0	26.4032944	25.355	-2.13122
37590	12377	4	0	27.1087056	25.355	0
37591	12377	4	0	28.5912944	27.012	0
37592	12377	3	0	29.2967056	27.012	-2.13122
37593	12377	3	0	26.4032944	28.669	-2.13122
37594	12377	4	0	27.1087056	28.669	0
37595	12377	4	0	28.5912944	30.326	0
37596	12377	3	0	29.2967056	30.326	-2.13122
37597	12377	3	0	26.4032944	31.983	-2.13122
37598	12377	4	0	27.1087056	31.983	0
37599	12377	4	0	28.5912944	33.64	0
37600	12377	3	0	29.2967056	33.64	-2.13122
37601	12377	3	0	26.4032944	35.297	-2.13122
37602	12377	4	0	27.1087056	35.297	0
37603	12377	4	0	28.5912944	36.954	0
37604	12377	3	0	29.2967056	36.954	-2.13122
37605	12377	3	0	26.4032944	38.611	-2.13122
37606	12377	4	0	27.1087056	38.611	0
37607	12377	4	0	28.5912944	40.268	0
37608	12377	3	0	29.2967056	40.268	-2.13122
37609	12377	3	0	26.4032944	41.925	-2.13122
37610	12377	4	0	27.1087056	41.925	0
37611	12377	4	0	28.5912944	43.582	0
37612	12377	3	0	29.2967056	43.582	-2.13122
37613	12377	3	0	26.4032944	45.239	-2.13122
37614	12377	4	0	27.1087056	45.239	0
37615	12377	4	0	28.5912944	46.896	0
37616	12377	3	0	29.2967056	46.896	-2.13122
37617	12377	3	0	26.4032944	48.553	-2.13122
37618	12377	4	0	27.1087056	48.553	0
37619	12377	4	0	28.5912944	50.21	0
37620	12377	3	0	29.2967056	50.21	-2.13122
37621	12377	3	0	26.4032944	51.867	-2.13122
37622	12377	4	0	27.1087056	51.867	0
37623	12377	4	0	28.5912944	53.524	0
37624	12377	3	0	29.2967056	53.524	-2.13122
37625	12377	3	0	26.4032944	55.181	-2.13122
37626	12377	4	0	27.1087056	55.181	0
37627	12377	4	0	28.5912944	56.838	0
37628	12377	3	0	29.2967056	56.838	-2.13122
37629	12377	3	0	26.4032944	58.495	-2.13122
37630	12377	4	0	27.1087056	58.495	0
37631	12377	4	0	28.5912944	60.152	0
37632	12377	3	0	29.2967056	60.152	-2.13122
37633	12377	3	0	30.7792944	2.157	-2.13122
37634	12377	4	0	31.4847056	2.157	0
37635	12377	4	0	32.9672944	3.814	0
37636	12377	3	0	33.6727056	3.814	-2.13122
37637	12377	3	0	30.7792944	5.471	-2.13122
37638	12377	4	0	31.4847056	5.471	0
37639	12377	4	0	32.9672944	7.128	0
37640	12377	3	0	33.6727056	7.128	-2.13122
37641	12377	3	0	30.7792944	8.785	-2.13122
37642	12377	4	0	31.4847056	8.785	0
37643	12377	4	0	32.9672944	10.442	0
37644	12377	3	0	33.6727056	10.442	-2.13122
37645	12377	3	0	30.7792944	12.099	-2.13122
37646	12377	4	0	31.4847056	12.099	0
37647	12377	4	0	32.9672944	13.756	0
37648	12377	3	0	33.6727056	13.756	-2.13122
37649	12377	3	0	30.7792944	15.413	-2.13122
37650	12377	4	0	31.4847056	15.413	0
37651	12377	4	0	32.9672944	17.07	0
37652	12377	3	0	33.6727056	17.07	-2.13122
37653	12377	3	0	30.7792944	18.727	-2.13122
37654	12377	4	0	31.4847056	18.727	0
37655	12377	4	0	32.9672944	20.384	0
37656	12377	3	0	33.6727056	20.384	-2.13122
37657	12377	3	0	30.7792944	22.041	-2.13122
37658	12377	4	0	31.4847056	22.041	0
37659	12377	4	0	32.9672944	23.698	0
37660	12377	3	0	33.6727056	23.698	-2.13122
37661	12377	3	0	30.7792944	25.355	-2.13122
37662	12377	4	0	31.4847056	25.355	0
37663	12377	4	0	32.9672944	27.012	0
37664	12377	3	0	33.6727056	27.012	-2.13122
37665	12377	3	0	30.7792944	28.669	-2.13122
37666	12377	4	0	31.4847056	28.669	0
37667	12377	4	0	32.9672944	30.326	0
37668	12377	3	0	33.6727056	30.326	-2.13122
37669	12377	3	0	30.7792944	31.983	-2.13122
37670	12377	4	0	31.4847056	31.983	0
37671	12377	4	0	32.9672944	33.64	0
37672	12377	3	0	33.6727056	33.64	-2.13122
37673	12377	3	0	30.7792944	35.297	-2.13122
37674	12377	4	0	31.4847056	35.297	0
37675	12377	4	0	32.9672944	36.954	0
37676	12377	3	0	33.6727056	36.954	-2.13122
37677	12377	3	0	30.7792944	38.611	-2.13122
37678	12377	4	0	31.4847056	38.611	0
37679	12377	4	0	32.9672944	40.268	0
37680	12377	3	0	33.6727056	40.268	-2.13122
37681	12377	3	0	30.7792944	41.925	-2.13122
37682	12377	4	0	31.4847056	41.925	0
37683	12377	4	0	32.9672944	43.582	0
37684	12377	3	0	33.6727056	43.582	-2.13122
37685	12377	3	0	30.7792944	45.239	-2.13122
37686	12377	4	0	31.4847056	45.239	0
37687	12377	4	0	32.9672944	46.896	0
37688	12377	3	0	33.6727056	46.896	-2.13122
37689	12377	3	0	30.7792944	48.553	-2.13122
37690	12377	4	0	31.4847056	48.553	0
37691	12377	4	0	32.9672944	50.21	0
37692	12377	3	0	33.6727056	50.21	-2.13122
37693	12377	3	0	30.7792944	51.867	-2.13122
37694	12377	4	0	31.4847056	51.867	0
37695	12377	4	0	32.9672944	53.524	0
37696	12377	3	0	33.6727056	53.524	-2.13122
37697	12377	3	0	30.7792944	55.181	-2.13122
37698	12377	4	0	31.4847056	55.181	0
37699	12377	4	0	32.9672944	56.838	0
37700	12377	3	0	33.6727056	56.838	-2.13122
37701	12377	3	0	30.7792944	58.495	-2.13122
37702	12377	4	0	31.4847056	58.495	0
37703	12377	4	0	32.9672944	60.152	0
37704	12377	3	0	33.6727056	60.152	-2.13122
37705	12377	3	0	35.1552944	2.157	-2.13122
37706	12377	4	0	35.8607056	2.157	0
37707	12377	4	0	37.3432944	3.814	0
37708	12377	3	0	38.0487056	3.814	-2.13122
37709	12377	3	0	35.1552944	5.471	-2.13122
37710	12377	4	0	35.8607056	5.471	0
37711	12377	4	0	37.3432944	7.128	0
37712	12377	3	0	38.0487056	7.128	-2.13122
37713	12377	3	0	35.1552944	8.785	-2.13122
37714	12377	4	0	35.8607056	8.785	0
37715	12377	4	0	37.3432944	10.442	0
37716	12377	3	0	38.0487056	10.442	-2.13122
37717	12377	3	0	35.1552944	12.099	-2.13122
37718	12377	4	0	35.8607056	12.099	0
37719	12377	4	0	37.3432944	13.756	0
37720	12377	3	0	38.0487056	13.756	-2.13122
37721	12377	3	0	35.1552944	15.413	-2.13122
37722	12377	4	0	35.8607056	15.413	0
37723	12377	4	0	37.3432944	17.07	0
37724	12377	3	0	38.0487056	17.07	-2.13122
37725	12377	3	0	35.1552944	18.727	-2.13122
37726	12377	4	0	35.8607056	18.727	0
37727	12377	4	0	37.3432944	20.384	0
37728	12377	3	0	38.0487056	20.384	-2.13122
37729	12377	3	0	35.1552944	22.041	-2.13122
37730	12377	4	0	35.8607056	22.041	0
37731	12377	4	0	37.3432944	23.698	0
37732	12377	3	0	38.0487056	23.698	-2.13122
37733	12377	3	0	35.1552944	25.355	-2.13122
37734	12377	4	0	35.8607056	25.355	0
37735	12377	4	0	37.3432944	27.012	0
37736	12377	3	0	38.0487056	27.012	-2.13122
37737	12377	3	0	35.1552944	28.669	-2.13122
37738	12377	4	0	35.8607056	28.669	0
37739	12377	4	0	37.3432944	30.326	0
37740	12377	3	0	38.0487056	30.326	-2.13122
37741	12377	3	0	35.1552944	31.983	-2.13122
37742	12377	4	0	35.8607056	31.983	0
37743	12377	4	0	37.3432944	33.64	0
37744	12377	3	0	38.0487056	33.64	-2.13122
37745	12377	3	0	35.1552944	35.297	-2.13122
37746	12377	4	0	35.8607056	35.297	0
37747	12377	4	0	37.3432944	36.954	0
37748	12377	3	0	38.0487056	36.954	-2.13122
37749	12377	3	0	35.1552944	38.611	-2.13122
37750	12377	4	0	35.8607056	38.611	0
37751	12377	4	0	37.3432944	40.268	0
37752	12377	3	0	38.0487056	40.268	-2.13122
37753	12377	3	0	35.1552944	41.925	-2.13122
37754	12377	4	0	35.8607056	41.925	0
37755	12377	4	0	37.3432944	43.582	0
37756	12377	3	0	38.0487056	43.582	-2.13122
37757	12377	3	0	35.1552944	45.239	-2.13122
37758	12377	4	0	35.8607056	45.239	0
37759	12377	4	0	37.3432944	46.896	0
37760	12377	3	0	38.0487056	46.896	-2.13122
37761	12377	3	0	35.1552944	48.553	-2.13122
37762	12377	4	0	35.8607056	48.553	0
37763	12377	4	0	37.3432944	50.21	0
37764	12377	3	0	38.0487056	50.21	-2.13122
37765	12377	3	0	35.1552944	51.867	-2.13122
37766	12377	4	0	35.8607056	51.867	0
37767	12377	4	0	37.3432944	53.524	0
37768	12377	3	0	38.0487056	53.524	-2.13122
37769	12377	3	0	35.1552944	55.181	-2.13122
37770	12377	4	0	35.8607056	55.181	0
37771	12377	4	0	37.3432944	56.838	0
37772	12377	3	0	38.0487056	56.838	-2.13122
37773	12377	3	0	35.1552944	58.495	-2.13122
37774	12377	4	0	35.8607056	58.495	0
37775	12377	4	0	37.3432944	60.152	0
37776	12377	3	0	38.0487056	60.152	-2.13122
37777	12377	3	0	39.5312944	2.157	-2.13122
37778	12377	4	0	40.2367056	2.157	0
37779	12377	4	0	41.7192944	3.814	0
37780	12377	3	0	42.4247056	3.814	-2.13122
37781	12377	3	0	39.5312944	5.471	-2.13122
37782	12377	4	0	40.2367056	5.471	0
37783	12377	4	0	41.7192944	7.128	0
37784	12377	3	0	42.4247056	7.128	-2.13122
37785	12377	3	0	39.5312944	8.785	-2.13122
37786	12377	4	0	40.2367056	8.785	0
37787	12377	4	0	41.7192944	10.442	0
37788	12377	3	0	42.4247056	10.442	-2.13122
37789	12377	3	0	39.5312944	12.099	-2.13122
37790	12377	4	0	40.2367056	12.099	0
37791	12377	4	0	41.7192944	13.756	0
37792	12377	3	0	42.4247056	13.756	-2.13122
37793	12377	3	0	39.5312944	15.413	-2.13122
37794	12377	4	0	40.2367056	15.413	0
37795	12377	4	0	41.7192944	17.07	0
37796	12377	3	0	42.4247056	17.07	-2.13122
37797	12377	3	0	39.5312944	18.727	-2.13122
37798	12377	4	0	40.2367056	18.727	0
37799	12377	4	0	41.7192944	20.384	0
37800	12377	3	0	42.4247056	20.384	-2.13122
37801	12377	3	0	39.5312944	22.041	-2.13122
37802	12377	4	0	40.2367056	22.041	0
37803	12377	4	0	41.7192944	23.698	0
37804	12377	3	0	42.4247056	23.698	-2.13122
37805	12377	3	0	39.5312944	25.355	-2.13122
37806	12377	4	0	40.2367056	25.355	0
37807	12377	4	0	41.7192944	27.012	0
37808	12377	3	0	42.4247056	27.012	-2.13122
37809	12377	3	0	39.5312944	28.669	-2.13122
37810	12377	4	0	40.2367056	28.669	0
37811	12377	4	0	41.7192944	30.326	0
37812	12377	3	0	42.4247056	30.326	-2.13122
37813	12377	3	0	39.5312944	31.983	-2.13122
37814	12377	4	0	40.2367056	31.983	0
37815	12377	4	0	41.7192944	33.64	0
37816	12377	3	0	42.4247056	33.64	-2.13122
37817	12377	3	0	39.5312944	35.297	-2.13122
37818	12377	4	0	40.2367056	35.297	0
37819	12377	4	0	41.7192944	36.954	0
37820	12377	3	0	42.4247056	36.954	-2.13122
37821	12377	3	0	39.5312944	38.611	-2.13122
37822	12377	4	0	40.2367056	38.611	0
37823	12377	4	0	41.7192944	40.268	0
37824	12377	3	0	42.4247056	40.268	-2.13122
37825	12377	3	0	39.5312944	41.925	-2.13122
37826	12377	4	0	40.2367056	41.925	0
37827	12377	4	0	41.7192944	43.582	0
37828	12377	3	0	42.4247056	43.582	-2.13122
37829	12377	3	0	39.5312944	45.239	-2.13122
37830	12377	4	0	40.2367056	45.239	0
37831	12377	4	0	41.7192944	46.896	0
37832	12377	3	0	42.4247056	46.896	-2.13122
37833	12377	3	0	39.5312944	48.553	-2.13122
37834	12377	4	0	40.2367056	48.553	0
37835	12377	4	0	41.7192944	50.21	0
37836	12377	3	0	42.4247056	50.21	-2.13122
37837	12377	3	0	39.5312944	51.867	-2.13122
37838	12377	4	0	40.2367056	51.867	0
37839	12377	4	0	41.7192944	53.524	0
37840	12377	3	0	42.4247056	53.524	-2.13122
37841	12377	3	0	39.5312944	55.181	-2.13122
37842	12377	4	0	40.2367056	55.181	0
37843	12377	4	0	41.7192944	56.838	0
37844	12377	3	0	42.4247056	56.838	-2.13122
37845	12377	3	0	39.5312944	58.495	-2.13122
37846	12377	4	0	40.2367056	58.495	0
37847	12377	4	0	41.7192944	60.152	0
37848	12377	3	0	42.4247056	60.152	-2.13122
37849	12377	3	0	43.9072944	2.157	-2.13122
37850	12377	4	0	44.6127056	2.157	0
37851	12377	4	0	46.0952944	3.814	0
37852	12377	3	0	46.8007056	3.814	-2.13122
37853	12377	3	0	43.9072944	5.471	-2.13122
37854	12377	4	0	44.6127056	5.471	0
37855	12377	4	0	46.0952944	7.128	0
37856	12377	3	0	46.8007056	7.128	-2.13122
37857	12377	3	0	43.9072944	8.785	-2.13122
37858	12377	4	0	44.6127056	8.785	0
37859	12377	4	0	46.0952944	10.442	0
37860	12377	3	0	46.8007056	10.442	-2.13122
37861	12377	3	0	43.9072944	12.099	-2.13122
37862	12377	4	0	44.6127056	12.099	0
37863	12377	4	0	46.0952944	13.756	0
37864	12377	3	0	46.8007056	13.756	-2.13122
37865	12377	3	0	43.9072944	15.413	-2.13122
37866	12377	4	0	44.6127056	15.413	0
37867	12377	4	0	46.0952944	17.07	0
37868	12377	3	0	46.8007056	17.07	-2.13122
37869	12377	3	0	43.9072944	18.727	-2.13122
37870	12377	4	0	44.6127056	18.727	0
37871	12377	4	0	46.0952944	20.384	0
37872	12377	3	0	46.8007056	20.384	-2.13122
37873	12377	3	0	43.9072944	22.041	-2.13122
37874	12377	4	0	44.6127056	22.041	0
37875	12377	4	0	46.0952944	23.698	0
37876	12377	3	0	46.8007056	23.698	-2.13122
37877	12377	3	0	43.9072944	25.355	-2.13122
37878	12377	4	0	44.6127056	25.355	0
37879	12377	4	0	46.0952944	27.012	0
37880	12377	3	0	46.8007056	27.012	-2.13122
37881	12377	3	0	43.9072944	28.669	-2.13122
37882	12377	4	0	44.6127056	28.669	0
37883	12377	4	0	46.0952944	30.326	0
37884	12377	3	0	46.8007056	30.326	-2.13122
37885	12377	3	0	43.9072944	31.983	-2.13122
37886	12377	4	0	44.6127056	31.983	0
37887	12377	4	0	46.0952944	33.64	0
37888	12377	3	0	46.8007056	33.64	-2.13122
37889	12377	3	0	43.9072944	35.297	-2.13122
37890	12377	4	0	44.6127056	35.297	0
37891	12377	4	0	46.0952944	36.954	0
37892	12377	3	0	46.8007056	36.954	-2.13122
37893	12377	3	0	43.9072944	38.611	-2.13122
37894	12377	4	0	44.6127056	38.611	0
37895	12377	4	0	46.0952944	40.268	0
37896	12377	3	0	46.8007056	40.268	-2.13122
37897	12377	3	0	43.9072944	41.925	-2.13122
37898	12377	4	0	44.6127056	41.925	0
37899	12377	4	0	46.0952944	43.582	0
37900	12377	3	0	46.8007056	43.582	-2.13122
37901	12377	3	0	43.9072944	45.239	-2.13122
37902	12377	4	0	44.6127056	45.239	0
37903	12377	4	0	46.0952944	46.896	0
37904	12377	3	0	46.8007056	46.896	-2.13122
37905	12377	3	0	43.9072944	48.553	-2.13122
37906	12377	4	0	44.6127056	48.553	0
37907	12377	4	0	46.0952944	50.21	0
37908	12377	3	0	46.8007056	50.21	-2.13122
37909	12377	3	0	43.9072944	51.867	-2.13122
37910	12377	4	0	44.6127056	51.867	0
37911	12377	4	0	46.0952944	53.524	0
37912	12377	3	0	46.8007056	53.524	-2.13122
37913	12377	3	0	43.9072944	55.181	-2.13122
37914	12377	4	0	44.6127056	55.181	0
37915	12377	4	0	46.0952944	56.838	0
37916	12377	3	0	46.8007056	56.838	-2.13122
37917	12377	3	0	43.9072944	58.495	-2.13122
37918	12377	4	0	44.6127056	58.495	0
37919	12377	4	0	46.0952944	60.152	0
37920	12377	3	0	46.8007056	60.152	-2.13122
37921	12377	3	0	48.2832944	2.157	-2.13122
37922	12377	4	0	48.9887056	2.157	0
37923	12377	4	0	50.4712944	3.814	0
37924	12377	3	0	51.1767056	3.814	-2.13122
37925	12377	3	0	48.2832944	5.471	-2.13122
37926	12377	4	0	48.9887056	5.471	0
37927	12377	4	0	50.4712944	7.128	0
37928	12377	3	0	51.1767056	7.128	-2.13122
37929	12377	3	0	48.2832944	8.785	-2.13122
37930	12377	4	0	48.9887056	8.785	0
37931	12377	4	0	50.4712944	10.442	0
37932	12377	3	0	51.1767056	10.442	-2.13122
37933	12377	3	0	48.2832944	12.099	-2.13122
37934	12377	4	0	48.9887056	12.099	0
37935	12377	4	0	50.4712944	13.756	0
37936	12377	3	0	51.1767056	13.756	-2.13122
37937	12377	3	0	48.2832944	15.413	-2.13122
37938	12377	4	0	48.9887056	15.413	0
37939	12377	4	0	50.4712944	17.07	0
37940	12377	3	0	51.1767056	17.07	-2.13122
37941	12377	3	0	48.2832944	18.727	-2.13122
37942	12377	4	0	48.9887056	18.727	0
37943	12377	4	0	50.4712944	20.384	0
37944	12377	3	0	51.1767056	20.384	-2.13122
37945	12377	3	0	48.2832944	22.041	-2.13122
37946	12377	4	0	48.9887056	22.041	0
37947	12377	4	0	50.4712944	23.698	0
37948	12377	3	0	51.1767056	23.698	-2.13122
37949	12377	3	0	48.2832944	25.355	-2.13122
37950	12377	4	0	48.9887056	25.355	0
37951	12377	4	0	50.4712944	27.012	0
37952	12377	3	0	51.1767056	27.012	-2.13122
37953	12377	3	0	48.2832944	28.669	-2.13122
37954	12377	4	0	48.9887056	28.669	0
37955	12377	4	0	50.4712944	30.326	0
37956	12377	3	0	51.1767056	30.326	-2.13122
37957	12377	3	0	48.2832944	31.983	-2.13122
37958	12377	4	0	48.9887056	31.983	0
37959	12377	4	0	50.4712944	33.64	0
37960	12377	3	0	51.1767056	33.64	-2.13122
37961	12377	3	0	48.2832944	35.297	-2.13122
37962	12377	4	0	48.9887056	35.297	0
37963	12377	4	0	50.4712944	36.954	0
37964	12377	3	0	51.1767056	36.954	-2.13122
37965	12377	3	0	48.2832944	38.611	-2.13122
37966	12377	4	0	48.9887056	38.611	0
37967	12377	4	0	50.4712944	40.268	0
37968	12377	3	0	51.1767056	40.268	-2.13122
37969	12377	3	0	48.2832944	41.925	-2.13122
37970	12377	4	0	48.9887056	41.925	0
37971	12377	4	0	50.4712944	43.582	0
37972	12377	3	0	51.1767056	43.582	-2.13122
37973	12377	3	0	48.2832944	45.239	-2.13122
37974	12377	4	0	48.9887056	45.239	0
37975	12377	4	0	50.4712944	46.896	0
37976	12377	3	0	51.1767056	46.896	-2.13122
37977	12377	3	0	48.2832944	48.553	-2.13122
37978	12377	4	0	48.9887056	48.553	0
37979	12377	4	0	50.4712944	50.21	0
37980	12377	3	0	51.1767056	50.21	-2.13122
37981	12377	3	0	48.2832944	51.867	-2.13122
37982	12377	4	0	48.9887056	51.867	0
37983	12377	4	0	50.4712944	53.524	0
37984	12377	3	0	51.1767056	53.524	-2.13122
37985	12377	3	0	48.2832944	55.181	-2.13122
37986	12377	4	0	48.9887056	55.181	0
37987	12377	4	0	50.4712944	56.838	0
37988	12377	3	0	51.1767056	56.838	-2.13122
37989	12377	3	0	48.2832944	58.495	-2.13122
37990	12377	4	0	48.9887056	58.495	0
37991	12377	4	0	50.4712944	60.152	0
37992	12377	3	0	51.1767056	60.152	-2.13122
37993	12377	3	0	52.6592944	2.157	-2.13122
37994	12377	4	0	53.3647056	2.157	0
37995	12377	4	0	54.8472944	3.814	0
37996	12377	3	0	55.5527056	3.814	-2.13122
37997	12377	3	0	52.6592944	5.471	-2.13122
37998	12377	4	0	53.3647056	5.471	0
37999	12377	4	0	54.8472944	7.128	0
38000	12377	3	0	55.5527056	7.128	-2.13122
38001	12377	3	0	52.6592944	8.785	-2.13122
38002	12377	4	0	53.3647056	8.785	0
38003	12377	4	0	54.8472944	10.442	0
38004	12377	3	0	55.5527056	10.442	-2.13122
38005	12377	3	0	52.6592944	12.099	-2.13122
38006	12377	4	0	53.3647056	12.099	0
38007	12377	4	0	54.8472944	13.756	0
38008	12377	3	0	55.5527056	13.756	-2.13122
38009	12377	3	0	52.6592944	15.413	-2.13122
38010	12377	4	0	53.3647056	15.413	0
38011	12377	4	0	54.8472944	17.07	0
38012	12377	3	0	55.5527056	17.07	-2.13122
38013	12377	3	0	52.6592944	18.727	-2.13122
38014	12377	4	0	53.3647056	18.727	0
38015	12377	4	0	54.8472944	20.384	0
38016	12377	3	0	55.5527056	20.384	-2.13122
38017	12377	3	0	52.6592944	22.041	-2.13122
38018	12377	4	0	53.3647056	22.041	0
38019	12377	4	0	54.8472944	23.698	0
38020	12377	3	0	55.5527056	23.698	-2.13122
38021	12377	3	0	52.6592944	25.355	-2.13122
38022	12377	4	0	53.3647056	25.355	0
38023	12377	4	0	54.8472944	27.012	0
38024	12377	3	0	55.5527056	27.012	-2.13122
38025	12377	3	0	52.6592944	28.669	-2.13122
38026	12377	4	0	53.3647056	28.669	0
38027	12377	4	0	54.8472944	30.326	0
38028	12377	3	0	55.5527056	30.326	-2.13122
38029	12377	3	0	52.6592944	31.983	-2.13122
38030	12377	4	0	53.3647056	31.983	0
38031	12377	4	0	54.8472944	33.64	0
38032	12377	3	0	55.5527056	33.64	-2.13122
38033	12377	3	0	52.6592944	35.297	-2.13122
38034	12377	4	0	53.3647056	35.297	0
38035	12377	4	0	54.8472944	36.954	0
38036	12377	3	0	55.5527056	36.954	-2.13122
38037	12377	3	0	52.6592944	38.611	-2.13122
38038	12377	4	0	53.3647056	38.611	0
38039	12377	4	0	54.8472944	40.268	0
38040	12377	3	0	55.5527056	40.268	-2.13122
38041	12377	3	0	52.6592944	41.925	-2.13122
38042	12377	4	0	53.3647056	41.925	0
38043	12377	4	0	54.8472944	43.582	0
38044	12377	3	0	55.5527056	43.582	-2.13122
38045	12377	3	0	52.6592944	45.239	-2.13122
38046	12377	4	0	53.3647056	45.239	0
38047	12377	4	0	54.8472944	46.896	0
38048	12377	3	0	55.5527056	46.896	-2.13122
38049	12377	3	0	52.6592944	48.553	-2.13122
38050	12377	4	0	53.3647056	48.553	0
38051	12377	4	0	54.8472944	50.21	0
38052	12377	3	0	55.5527056	50.21	-2.13122
38053	12377	3	0	52.6592944	51.867	-2.13122
38054	12377	4	0	53.3647056	51.867	0
38055	12377	4	0	54.8472944	53.524	0
38056	12377	3	0	55.5527056	53.524	-2.13122
38057	12377	3	0	52.6592944	55.181	-2.13122
38058	12377	4	0	53.3647056	55.181	0
38059	12377	4	0	54.8472944	56.838	0
38060	12377	3	0	55.5527056	56.838	-2.13122
38061	12377	3	0	52.6592944	58.495	-2.13122
38062	12377	4	0	53.3647056	58.495	0
38063	12377	4	0	54.8472944	60.152	0
38064	12377	3	0	55.5527056	60.152	-2.13122
38065	12377	3	0	57.0352944	2.157	-2.13122
38066	12377	4	0	57.7407056	2.157	0
38067	12377	4	0	59.2232944	3.814	0
38068	12377	3	0	59.9287056	3.814	-2.13122
38069	12377	3	0	57.0352944	5.471	-2.13122
38070	12377	4	0	57.7407056	5.471	0
38071	12377	4	0	59.2232944	7.128	0
38072	12377	3	0	59.9287056	7.128	-2.13122
38073	12377	3	0	57.0352944	8.785	-2.13122
38074	12377	4	0	57.7407056	8.785	0
38075	12377	4	0	59.2232944	10.442	0
38076	12377	3	0	59.9287056	10.442	-2.13122
38077	12377	3	0	57.0352944	12.099	-2.13122
38078	12377	4	0	57.7407056	12.099	0
38079	12377	4	0	59.2232944	13.756	0
38080	12377	3	0	59.9287056	13.756	-2.13122
38081	12377	3	0	57.0352944	15.413	-2.13122
38082	12377	4	0	57.7407056	15.413	0
38083	12377	4	0	59.2232944	17.07	0
38084	12377	3	0	59.9287056	17.07	-2.13122
38085	12377	3	0	57.0352944	18.727	-2.13122
38086	12377	4	0	57.7407056	18.727	0
38087	12377	4	0	59.2232944	20.384	0
38088	12377	3	0	59.9287056	20.384	-2.13122
38089	12377	3	0	57.0352944	22.041	-2.13122
38090	12377	4	0	57.7407056	22.041	0
38091	12377	4	0	59.2232944	23.698	0
38092	12377	3	0	59.9287056	23.698	-2.13122
38093	12377	3	0	57.0352944	25.355	-2.13122
38094	12377	4	0	57.7407056	25.355	0
38095	12377	4	0	59.2232944	27.012	0
38096	12377	3	0	59.9287056	27.012	-2.13122
38097	12377	3	0	57.0352944	28.669	-2.13122
38098	12377	4	0	57.7407056	28.669	0
38099	12377	4	0	59.2232944	30.326	0
38100	12377	3	0	59.9287056	30.326	-2.13122
38101	12377	3	0	57.0352944	31.983	-2.13122
38102	12377	4	0	57.7407056	31.983	0
38103	12377	4	0	59.2232944	33.64	0
38104	12377	3	0	59.9287056	33.64	-2.13122
38105	12377	3	0	57.0352944	35.297	-2.13122
38106	12377	4	0	57.7407056	35.297	0
38107	12377	4	0	59.2232944	36.954	0
38108	12377	3	0	59.9287056	36.954	-2.13122
38109	12377	3	0	57.0352944	38.611	-2.13122
38110	12377	4	0	57.7407056	38.611	0
38111	12377	4	0	59.2232944	40.268	0
38112	12377	3	0	59.9287056	40.268	-2.13122
38113	12377	3	0	57.0352944	41.925	-2.13122
38114	12377	4	0	57.7407056	41.925	0
38115	12377	4	0	59.2232944	43.582	0
38116	12377	3	0	59.9287056	43.582	-2.13122
38117	12377	3	0	57.0352944	45.239	-2.13122
38118	12377	4	0	57.7407056	45.239	0
38119	12377	4	0	59.2232944	46.896	0
38120	12377	3	0	59.9287056	46.896	-2.13122
38121	12377	3	0	57.0352944	48.553	-2.13122
38122	12377	4	0	57.7407056	48.553	0
38123	12377	4	0	59.2232944	50.21	0
38124	12377	3	0	59.9287056	50.21	-2.13122
38125	12377	3	0	57.0352944	51.867	-2.13122
38126	12377	4	0	57.7407056	51.867	0
38127	12377	4	0	59.2232944	53.524	0
38128	12377	3	0	59.9287056	53.524	-2.13122
38129	12377	3	0	57.0352944	55.181	-2.13122
38130	12377	4	0	57.7407056	55.181	0
38131	12377	4	0	59.2232944	56.838	0
38132	12377	3	0	59.9287056	56.838	-2.13122
38133	12377	3	0	57.0352944	58.495	-2.13122
38134	12377	4	0	57.7407056	58.495	0
38135	12377	4	0	59.2232944	60.152	0
38136	12377	3	0	59.9287056	60.152	-2.13122
