8428	2475	5	0	0	0	20
8429	2475	5	0	-1.195115	0.69	20
8430	2475	5	0	-1.195115	2.07	20
8431	2475	5	0	0	2.76	20
8432	2475	5	0	2.39023	0	20
8433	2475	5	0	1.195115	0.69	20
8434	2475	5	0	1.195115	2.07	20
8435	2475	5	0	2.39023	2.76	20
8436	2475	5	0	4.78046	0	20
8437	2475	5	0	3.585345	0.69	20
8438	2475	5	0	3.585345	2.07	20
8439	2475	5	0	4.78046	2.76	20
8440	2475	5	0	7.170691	0	20
8441	2475	5	0	5.975575	0.69	20
8442	2475	5	0	5.975575	2.07	20
8443	2475	5	0	7.170691	2.76	20
8444	2475	5	0	9.560921	0	20
8445	2475	5	0	8.365806	0.69	20
8446	2475	5	0	8.365806	2.07	20
8447	2475	5	0	9.560921	2.76	20
8448	2475	5	0	11.951151	0	20
8449	2475	5	0	10.756036	0.69	20
8450	2475	5	0	10.756036	2.07	20
8451	2475	5	0	11.951151	2.76	20
8452	2475	5	0	14.341381	0	20
8453	2475	5	0	13.146266	0.69	20
8454	2475	5	0	13.146266	2.07	20
8455	2475	5	0	14.341381	2.76	20
8456	2475	5	0	16.731611	0	20
8457	2475	5	0	15.536496	0.69	20
8458	2475	5	0	15.536496	2.07	20
8459	2475	5	0	16.731611	2.76	20
8460	2475	5	0	19.121841	0	20
8461	2475	5	0	17.926725	0.69	20
8462	2475	5	0	17.926725	2.07	20
8463	2475	5	0	19.121841	2.76	20
8464	2475	5	0	21.512072	0	20
8465	2475	5	0	20.316956	0.69	20
8466	2475	5	0	20.316956	2.07	20
8467	2475	5	0	21.512072	2.76	20
8468	2475	5	0	23.902302	0	20
8469	2475	5	0	22.707186	0.69	20
8470	2475	5	0	22.707186	2.07	20
8471	2475	5	0	23.902302	2.76	20
8472	2475	5	0	26.292532	0	20
8473	2475	5	0	25.097416	0.69	20
8474	2475	5	0	25.097416	2.07	20
8475	2475	5	0	26.292532	2.76	20
8476	2475	5	0	28.682762	0	20
8477	2475	5	0	27.487646	0.69	20
8478	2475	5	0	27.487646	2.07	20
8479	2475	5	0	28.682762	2.76	20
8480	2475	5	0	31.072992	0	20
8481	2475	5	0	29.877876	0.69	20
8482	2475	5	0	29.877876	2.07	20
8483	2475	5	0	31.072992	2.76	20
8484	2475	5	0	33.463223	0	20
8485	2475	5	0	32.268108	0.69	20
8486	2475	5	0	32.268108	2.07	20
8487	2475	5	0	33.463223	2.76	20
8488	2475	5	0	35.853451	0	20
8489	2475	5	0	34.658337	0.69	20
8490	2475	5	0	34.658337	2.07	20
8491	2475	5	0	35.853451	2.76	20
8492	2475	5	0	38.243683	0	20
8493	2475	5	0	37.048565	0.69	20
8494	2475	5	0	37.048565	2.07	20
8495	2475	5	0	38.243683	2.76	20
8496	2475	5	0	40.633911	0	20
8497	2475	5	0	39.438797	0.69	20
8498	2475	5	0	39.438797	2.07	20
8499	2475	5	0	40.633911	2.76	20
8500	2475	5	0	43.024143	0	20
8501	2475	5	0	41.829025	0.69	20
8502	2475	5	0	41.829025	2.07	20
8503	2475	5	0	43.024143	2.76	20
8504	2475	5	0	45.414371	0	20
8505	2475	5	0	44.219257	0.69	20
8506	2475	5	0	44.219257	2.07	20
8507	2475	5	0	45.414371	2.76	20
8508	2475	5	0	47.804604	0	20
8509	2475	5	0	46.609486	0.69	20
8510	2475	5	0	46.609486	2.07	20
8511	2475	5	0	47.804604	2.76	20
8512	2475	5	0	50.194832	0	20
8513	2475	5	0	48.999718	0.69	20
8514	2475	5	0	48.999718	2.07	20
8515	2475	5	0	50.194832	2.76	20
8516	2475	5	0	52.585064	0	20
8517	2475	5	0	51.389946	0.69	20
8518	2475	5	0	51.389946	2.07	20
8519	2475	5	0	52.585064	2.76	20
8520	2475	5	0	54.975292	0	20
8521	2475	5	0	53.780178	0.69	20
8522	2475	5	0	53.780178	2.07	20
8523	2475	5	0	54.975292	2.76	20
8524	2475	5	0	57.365524	0	20
8525	2475	5	0	56.170406	0.69	20
8526	2475	5	0	56.170406	2.07	20
8527	2475	5	0	57.365524	2.76	20
8528	2475	5	0	59.755753	0	20
8529	2475	5	0	58.560638	0.69	20
8530	2475	5	0	58.560638	2.07	20
8531	2475	5	0	59.755753	2.76	20
8532	2475	5	0	0	4.14	20
8533	2475	5	0	-1.195115	4.83	20
8534	2475	5	0	-1.195115	6.21	20
8535	2475	5	0	0	6.9	20
8536	2475	5	0	2.39023	4.14	20
8537	2475	5	0	1.195115	4.83	20
8538	2475	5	0	1.195115	6.21	20
8539	2475	5	0	2.39023	6.9	20
8540	2475	5	0	4.78046	4.14	20
8541	2475	5	0	3.585345	4.83	20
8542	2475	5	0	3.585345	6.21	20
8543	2475	5	0	4.78046	6.9	20
8544	2475	5	0	7.170691	4.14	20
8545	2475	5	0	5.975575	4.83	20
8546	2475	5	0	5.975575	6.21	20
8547	2475	5	0	7.170691	6.9	20
8548	2475	5	0	9.560921	4.14	20
8549	2475	5	0	8.365806	4.83	20
8550	2475	5	0	8.365806	6.21	20
8551	2475	5	0	9.560921	6.9	20
8552	2475	5	0	11.951151	4.14	20
8553	2475	5	0	10.756036	4.83	20
8554	2475	5	0	10.756036	6.21	20
8555	2475	5	0	11.951151	6.9	20
8556	2475	5	0	14.341381	4.14	20
8557	2475	5	0	13.146266	4.83	20
8558	2475	5	0	13.146266	6.21	20
8559	2475	5	0	14.341381	6.9	20
8560	2475	5	0	16.731611	4.14	20
8561	2475	5	0	15.536496	4.83	20
8562	2475	5	0	15.536496	6.21	20
8563	2475	5	0	16.731611	6.9	20
8564	2475	5	0	19.121841	4.14	20
8565	2475	5	0	17.926725	4.83	20
8566	2475	5	0	17.926725	6.21	20
8567	2475	5	0	19.121841	6.9	20
8568	2475	5	0	21.512072	4.14	20
8569	2475	5	0	20.316956	4.83	20
8570	2475	5	0	20.316956	6.21	20
8571	2475	5	0	21.512072	6.9	20
8572	2475	5	0	23.902302	4.14	20
8573	2475	5	0	22.707186	4.83	20
8574	2475	5	0	22.707186	6.21	20
8575	2475	5	0	23.902302	6.9	20
8576	2475	5	0	26.292532	4.14	20
8577	2475	5	0	25.097416	4.83	20
8578	2475	5	0	25.097416	6.21	20
8579	2475	5	0	26.292532	6.9	20
8580	2475	5	0	28.682762	4.14	20
8581	2475	5	0	27.487646	4.83	20
8582	2475	5	0	27.487646	6.21	20
8583	2475	5	0	28.682762	6.9	20
8584	2475	5	0	31.072992	4.14	20
8585	2475	5	0	29.877876	4.83	20
8586	2475	5	0	29.877876	6.21	20
8587	2475	5	0	31.072992	6.9	20
8588	2475	5	0	33.463223	4.14	20
8589	2475	5	0	32.268108	4.83	20
8590	2475	5	0	32.268108	6.21	20
8591	2475	5	0	33.463223	6.9	20
8592	2475	5	0	35.853451	4.14	20
8593	2475	5	0	34.658337	4.83	20
8594	2475	5	0	34.658337	6.21	20
8595	2475	5	0	35.853451	6.9	20
8596	2475	5	0	38.243683	4.14	20
8597	2475	5	0	37.048565	4.83	20
8598	2475	5	0	37.048565	6.21	20
8599	2475	5	0	38.243683	6.9	20
8600	2475	5	0	40.633911	4.14	20
8601	2475	5	0	39.438797	4.83	20
8602	2475	5	0	39.438797	6.21	20
8603	2475	5	0	40.633911	6.9	20
8604	2475	5	0	43.024143	4.14	20
8605	2475	5	0	41.829025	4.83	20
8606	2475	5	0	41.829025	6.21	20
8607	2475	5	0	43.024143	6.9	20
8608	2475	5	0	45.414371	4.14	20
8609	2475	5	0	44.219257	4.83	20
8610	2475	5	0	44.219257	6.21	20
8611	2475	5	0	45.414371	6.9	20
8612	2475	5	0	47.804604	4.14	20
8613	2475	5	0	46.609486	4.83	20
8614	2475	5	0	46.609486	6.21	20
8615	2475	5	0	47.804604	6.9	20
8616	2475	5	0	50.194832	4.14	20
8617	2475	5	0	48.999718	4.83	20
8618	2475	5	0	48.999718	6.21	20
8619	2475	5	0	50.194832	6.9	20
8620	2475	5	0	52.585064	4.14	20
8621	2475	5	0	51.389946	4.83	20
8622	2475	5	0	51.389946	6.21	20
8623	2475	5	0	52.585064	6.9	20
8624	2475	5	0	54.975292	4.14	20
8625	2475	5	0	53.780178	4.83	20
8626	2475	5	0	53.780178	6.21	20
8627	2475	5	0	54.975292	6.9	20
8628	2475	5	0	57.365524	4.14	20
8629	2475	5	0	56.170406	4.83	20
8630	2475	5	0	56.170406	6.21	20
8631	2475	5	0	57.365524	6.9	20
8632	2475	5	0	59.755753	4.14	20
8633	2475	5	0	58.560638	4.83	20
8634	2475	5	0	58.560638	6.21	20
8635	2475	5	0	59.755753	6.9	20
8636	2475	5	0	0	8.28	20
8637	2475	5	0	-1.195115	8.97	20
8638	2475	5	0	-1.195115	10.35	20
8639	2475	5	0	0	11.04	20
8640	2475	5	0	2.39023	8.28	20
8641	2475	5	0	1.195115	8.97	20
8642	2475	5	0	1.195115	10.35	20
8643	2475	5	0	2.39023	11.04	20
8644	2475	5	0	4.78046	8.28	20
8645	2475	5	0	3.585345	8.97	20
8646	2475	5	0	3.585345	10.35	20
8647	2475	5	0	4.78046	11.04	20
8648	2475	5	0	7.170691	8.28	20
8649	2475	5	0	5.975575	8.97	20
8650	2475	5	0	5.975575	10.35	20
8651	2475	5	0	7.170691	11.04	20
8652	2475	5	0	9.560921	8.28	20
8653	2475	5	0	8.365806	8.97	20
8654	2475	5	0	8.365806	10.35	20
8655	2475	5	0	9.560921	11.04	20
8656	2475	5	0	11.951151	8.28	20
8657	2475	5	0	10.756036	8.97	20
8658	2475	5	0	10.756036	10.35	20
8659	2475	5	0	11.951151	11.04	20
8660	2475	5	0	14.341381	8.28	20
8661	2475	5	0	13.146266	8.97	20
8662	2475	5	0	13.146266	10.35	20
8663	2475	5	0	14.341381	11.04	20
8664	2475	5	0	16.731611	8.28	20
8665	2475	5	0	15.536496	8.97	20
8666	2475	5	0	15.536496	10.35	20
8667	2475	5	0	16.731611	11.04	20
8668	2475	5	0	19.121841	8.28	20
8669	2475	5	0	17.926725	8.97	20
8670	2475	5	0	17.926725	10.35	20
8671	2475	5	0	19.121841	11.04	20
8672	2475	5	0	21.512072	8.28	20
8673	2475	5	0	20.316956	8.97	20
8674	2475	5	0	20.316956	10.35	20
8675	2475	5	0	21.512072	11.04	20
8676	2475	5	0	23.902302	8.28	20
8677	2475	5	0	22.707186	8.97	20
8678	2475	5	0	22.707186	10.35	20
8679	2475	5	0	23.902302	11.04	20
8680	2475	5	0	26.292532	8.28	20
8681	2475	5	0	25.097416	8.97	20
8682	2475	5	0	25.097416	10.35	20
8683	2475	5	0	26.292532	11.04	20
8684	2475	5	0	28.682762	8.28	20
8685	2475	5	0	27.487646	8.97	20
8686	2475	5	0	27.487646	10.35	20
8687	2475	5	0	28.682762	11.04	20
8688	2475	5	0	31.072992	8.28	20
8689	2475	5	0	29.877876	8.97	20
8690	2475	5	0	29.877876	10.35	20
8691	2475	5	0	31.072992	11.04	20
8692	2475	5	0	33.463223	8.28	20
8693	2475	5	0	32.268108	8.97	20
8694	2475	5	0	32.268108	10.35	20
8695	2475	5	0	33.463223	11.04	20
8696	2475	5	0	35.853451	8.28	20
8697	2475	5	0	34.658337	8.97	20
8698	2475	5	0	34.658337	10.35	20
8699	2475	5	0	35.853451	11.04	20
8700	2475	5	0	38.243683	8.28	20
8701	2475	5	0	37.048565	8.97	20
8702	2475	5	0	37.048565	10.35	20
8703	2475	5	0	38.243683	11.04	20
8704	2475	5	0	40.633911	8.28	20
8705	2475	5	0	39.438797	8.97	20
8706	2475	5	0	39.438797	10.35	20
8707	2475	5	0	40.633911	11.04	20
8708	2475	5	0	43.024143	8.28	20
8709	2475	5	0	41.829025	8.97	20
8710	2475	5	0	41.829025	10.35	20
8711	2475	5	0	43.024143	11.04	20
8712	2475	5	0	45.414371	8.28	20
8713	2475	5	0	44.219257	8.97	20
8714	2475	5	0	44.219257	10.35	20
8715	2475	5	0	45.414371	11.04	20
8716	2475	5	0	47.804604	8.28	20
8717	2475	5	0	46.609486	8.97	20
8718	2475	5	0	46.609486	10.35	20
8719	2475	5	0	47.804604	11.04	20
8720	2475	5	0	50.194832	8.28	20
8721	2475	5	0	48.999718	8.97	20
8722	2475	5	0	48.999718	10.35	20
8723	2475	5	0	50.194832	11.04	20
8724	2475	5	0	52.585064	8.28	20
8725	2475	5	0	51.389946	8.97	20
8726	2475	5	0	51.389946	10.35	20
8727	2475	5	0	52.585064	11.04	20
8728	2475	5	0	54.975292	8.28	20
8729	2475	5	0	53.780178	8.97	20
8730	2475	5	0	53.780178	10.35	20
8731	2475	5	0	54.975292	11.04	20
8732	2475	5	0	57.365524	8.28	20
8733	2475	5	0	56.170406	8.97	20
8734	2475	5	0	56.170406	10.35	20
8735	2475	5	0	57.365524	11.04	20
8736	2475	5	0	59.755753	8.28	20
8737	2475	5	0	58.560638	8.97	20
8738	2475	5	0	58.560638	10.35	20
8739	2475	5	0	59.755753	11.04	20
8740	2475	5	0	0	12.42	20
8741	2475	5	0	-1.195115	13.11	20
8742	2475	5	0	-1.195115	14.49	20
8743	2475	5	0	0	15.18	20
8744	2475	5	0	2.39023	12.42	20
8745	2475	5	0	1.195115	13.11	20
8746	2475	5	0	1.195115	14.49	20
8747	2475	5	0	2.39023	15.18	20
8748	2475	5	0	4.78046	12.42	20
8749	2475	5	0	3.585345	13.11	20
8750	2475	5	0	3.585345	14.49	20
8751	2475	5	0	4.78046	15.18	20
8752	2475	5	0	7.170691	12.42	20
8753	2475	5	0	5.975575	13.11	20
8754	2475	5	0	5.975575	14.49	20
8755	2475	5	0	7.170691	15.18	20
8756	2475	5	0	9.560921	12.42	20
8757	2475	5	0	8.365806	13.11	20
8758	2475	5	0	8.365806	14.49	20
8759	2475	5	0	9.560921	15.18	20
8760	2475	5	0	11.951151	12.42	20
8761	2475	5	0	10.756036	13.11	20
8762	2475	5	0	10.756036	14.49	20
8763	2475	5	0	11.951151	15.18	20
8764	2475	5	0	14.341381	12.42	20
8765	2475	5	0	13.146266	13.11	20
8766	2475	5	0	13.146266	14.49	20
8767	2475	5	0	14.341381	15.18	20
8768	2475	5	0	16.731611	12.42	20
8769	2475	5	0	15.536496	13.11	20
8770	2475	5	0	15.536496	14.49	20
8771	2475	5	0	16.731611	15.18	20
8772	2475	5	0	19.121841	12.42	20
8773	2475	5	0	17.926725	13.11	20
8774	2475	5	0	17.926725	14.49	20
8775	2475	5	0	19.121841	15.18	20
8776	2475	5	0	21.512072	12.42	20
8777	2475	5	0	20.316956	13.11	20
8778	2475	5	0	20.316956	14.49	20
8779	2475	5	0	21.512072	15.18	20
8780	2475	5	0	23.902302	12.42	20
8781	2475	5	0	22.707186	13.11	20
8782	2475	5	0	22.707186	14.49	20
8783	2475	5	0	23.902302	15.18	20
8784	2475	5	0	26.292532	12.42	20
8785	2475	5	0	25.097416	13.11	20
8786	2475	5	0	25.097416	14.49	20
8787	2475	5	0	26.292532	15.18	20
8788	2475	5	0	28.682762	12.42	20
8789	2475	5	0	27.487646	13.11	20
8790	2475	5	0	27.487646	14.49	20
8791	2475	5	0	28.682762	15.18	20
8792	2475	5	0	31.072992	12.42	20
8793	2475	5	0	29.877876	13.11	20
8794	2475	5	0	29.877876	14.49	20
8795	2475	5	0	31.072992	15.18	20
8796	2475	5	0	33.463223	12.42	20
8797	2475	5	0	32.268108	13.11	20
8798	2475	5	0	32.268108	14.49	20
8799	2475	5	0	33.463223	15.18	20
8800	2475	5	0	35.853451	12.42	20
8801	2475	5	0	34.658337	13.11	20
8802	2475	5	0	34.658337	14.49	20
8803	2475	5	0	35.853451	15.18	20
8804	2475	5	0	38.243683	12.42	20
8805	2475	5	0	37.048565	13.11	20
8806	2475	5	0	37.048565	14.49	20
8807	2475	5	0	38.243683	15.18	20
8808	2475	5	0	40.633911	12.42	20
8809	2475	5	0	39.438797	13.11	20
8810	2475	5	0	39.438797	14.49	20
8811	2475	5	0	40.633911	15.18	20
8812	2475	5	0	43.024143	12.42	20
8813	2475	5	0	41.829025	13.11	20
8814	2475	5	0	41.829025	14.49	20
8815	2475	5	0	43.024143	15.18	20
8816	2475	5	0	45.414371	12.42	20
8817	2475	5	0	44.219257	13.11	20
8818	2475	5	0	44.219257	14.49	20
8819	2475	5	0	45.414371	15.18	20
8820	2475	5	0	47.804604	12.42	20
8821	2475	5	0	46.609486	13.11	20
8822	2475	5	0	46.609486	14.49	20
8823	2475	5	0	47.804604	15.18	20
8824	2475	5	0	50.194832	12.42	20
8825	2475	5	0	48.999718	13.11	20
8826	2475	5	0	48.999718	14.49	20
8827	2475	5	0	50.194832	15.18	20
8828	2475	5	0	52.585064	12.42	20
8829	2475	5	0	51.389946	13.11	20
8830	2475	5	0	51.389946	14.49	20
8831	2475	5	0	52.585064	15.18	20
8832	2475	5	0	54.975292	12.42	20
8833	2475	5	0	53.780178	13.11	20
8834	2475	5	0	53.780178	14.49	20
8835	2475	5	0	54.975292	15.18	20
8836	2475	5	0	57.365524	12.42	20
8837	2475	5	0	56.170406	13.11	20
8838	2475	5	0	56.170406	14.49	20
8839	2475	5	0	57.365524	15.18	20
8840	2475	5	0	59.755753	12.42	20
8841	2475	5	0	58.560638	13.11	20
8842	2475	5	0	58.560638	14.49	20
8843	2475	5	0	59.755753	15.18	20
8844	2475	5	0	0	16.559999	20
8845	2475	5	0	-1.195115	17.25	20
8846	2475	5	0	-1.195115	18.629999	20
8847	2475	5	0	0	19.32	20
8848	2475	5	0	2.39023	16.559999	20
8849	2475	5	0	1.195115	17.25	20
8850	2475	5	0	1.195115	18.629999	20
8851	2475	5	0	2.39023	19.32	20
8852	2475	5	0	4.78046	16.559999	20
8853	2475	5	0	3.585345	17.25	20
8854	2475	5	0	3.585345	18.629999	20
8855	2475	5	0	4.78046	19.32	20
8856	2475	5	0	7.170691	16.559999	20
8857	2475	5	0	5.975575	17.25	20
8858	2475	5	0	5.975575	18.629999	20
8859	2475	5	0	7.170691	19.32	20
8860	2475	5	0	9.560921	16.559999	20
8861	2475	5	0	8.365806	17.25	20
8862	2475	5	0	8.365806	18.629999	20
8863	2475	5	0	9.560921	19.32	20
8864	2475	5	0	11.951151	16.559999	20
8865	2475	5	0	10.756036	17.25	20
8866	2475	5	0	10.756036	18.629999	20
8867	2475	5	0	11.951151	19.32	20
8868	2475	5	0	14.341381	16.559999	20
8869	2475	5	0	13.146266	17.25	20
8870	2475	5	0	13.146266	18.629999	20
8871	2475	5	0	14.341381	19.32	20
8872	2475	5	0	16.731611	16.559999	20
8873	2475	5	0	15.536496	17.25	20
8874	2475	5	0	15.536496	18.629999	20
8875	2475	5	0	16.731611	19.32	20
8876	2475	5	0	19.121841	16.559999	20
8877	2475	5	0	17.926725	17.25	20
8878	2475	5	0	17.926725	18.629999	20
8879	2475	5	0	19.121841	19.32	20
8880	2475	5	0	21.512072	16.559999	20
8881	2475	5	0	20.316956	17.25	20
8882	2475	5	0	20.316956	18.629999	20
8883	2475	5	0	21.512072	19.32	20
8884	2475	5	0	23.902302	16.559999	20
8885	2475	5	0	22.707186	17.25	20
8886	2475	5	0	22.707186	18.629999	20
8887	2475	5	0	23.902302	19.32	20
8888	2475	5	0	26.292532	16.559999	20
8889	2475	5	0	25.097416	17.25	20
8890	2475	5	0	25.097416	18.629999	20
8891	2475	5	0	26.292532	19.32	20
8892	2475	5	0	28.682762	16.559999	20
8893	2475	5	0	27.487646	17.25	20
8894	2475	5	0	27.487646	18.629999	20
8895	2475	5	0	28.682762	19.32	20
8896	2475	5	0	31.072992	16.559999	20
8897	2475	5	0	29.877876	17.25	20
8898	2475	5	0	29.877876	18.629999	20
8899	2475	5	0	31.072992	19.32	20
8900	2475	5	0	33.463223	16.559999	20
8901	2475	5	0	32.268108	17.25	20
8902	2475	5	0	32.268108	18.629999	20
8903	2475	5	0	33.463223	19.32	20
8904	2475	5	0	35.853451	16.559999	20
8905	2475	5	0	34.658337	17.25	20
8906	2475	5	0	34.658337	18.629999	20
8907	2475	5	0	35.853451	19.32	20
8908	2475	5	0	38.243683	16.559999	20
8909	2475	5	0	37.048565	17.25	20
8910	2475	5	0	37.048565	18.629999	20
8911	2475	5	0	38.243683	19.32	20
8912	2475	5	0	40.633911	16.559999	20
8913	2475	5	0	39.438797	17.25	20
8914	2475	5	0	39.438797	18.629999	20
8915	2475	5	0	40.633911	19.32	20
8916	2475	5	0	43.024143	16.559999	20
8917	2475	5	0	41.829025	17.25	20
8918	2475	5	0	41.829025	18.629999	20
8919	2475	5	0	43.024143	19.32	20
8920	2475	5	0	45.414371	16.559999	20
8921	2475	5	0	44.219257	17.25	20
8922	2475	5	0	44.219257	18.629999	20
8923	2475	5	0	45.414371	19.32	20
8924	2475	5	0	47.804604	16.559999	20
8925	2475	5	0	46.609486	17.25	20
8926	2475	5	0	46.609486	18.629999	20
8927	2475	5	0	47.804604	19.32	20
8928	2475	5	0	50.194832	16.559999	20
8929	2475	5	0	48.999718	17.25	20
8930	2475	5	0	48.999718	18.629999	20
8931	2475	5	0	50.194832	19.32	20
8932	2475	5	0	52.585064	16.559999	20
8933	2475	5	0	51.389946	17.25	20
8934	2475	5	0	51.389946	18.629999	20
8935	2475	5	0	52.585064	19.32	20
8936	2475	5	0	54.975292	16.559999	20
8937	2475	5	0	53.780178	17.25	20
8938	2475	5	0	53.780178	18.629999	20
8939	2475	5	0	54.975292	19.32	20
8940	2475	5	0	57.365524	16.559999	20
8941	2475	5	0	56.170406	17.25	20
8942	2475	5	0	56.170406	18.629999	20
8943	2475	5	0	57.365524	19.32	20
8944	2475	5	0	59.755753	16.559999	20
8945	2475	5	0	58.560638	17.25	20
8946	2475	5	0	58.560638	18.629999	20
8947	2475	5	0	59.755753	19.32	20
8948	2475	5	0	0	20.700001	20
8949	2475	5	0	-1.195115	21.389999	20
8950	2475	5	0	-1.195115	22.77	20
8951	2475	5	0	0	23.459999	20
8952	2475	5	0	2.39023	20.700001	20
8953	2475	5	0	1.195115	21.389999	20
8954	2475	5	0	1.195115	22.77	20
8955	2475	5	0	2.39023	23.459999	20
8956	2475	5	0	4.78046	20.700001	20
8957	2475	5	0	3.585345	21.389999	20
8958	2475	5	0	3.585345	22.77	20
8959	2475	5	0	4.78046	23.459999	20
8960	2475	5	0	7.170691	20.700001	20
8961	2475	5	0	5.975575	21.389999	20
8962	2475	5	0	5.975575	22.77	20
8963	2475	5	0	7.170691	23.459999	20
8964	2475	5	0	9.560921	20.700001	20
8965	2475	5	0	8.365806	21.389999	20
8966	2475	5	0	8.365806	22.77	20
8967	2475	5	0	9.560921	23.459999	20
8968	2475	5	0	11.951151	20.700001	20
8969	2475	5	0	10.756036	21.389999	20
8970	2475	5	0	10.756036	22.77	20
8971	2475	5	0	11.951151	23.459999	20
8972	2475	5	0	14.341381	20.700001	20
8973	2475	5	0	13.146266	21.389999	20
8974	2475	5	0	13.146266	22.77	20
8975	2475	5	0	14.341381	23.459999	20
8976	2475	5	0	16.731611	20.700001	20
8977	2475	5	0	15.536496	21.389999	20
8978	2475	5	0	15.536496	22.77	20
8979	2475	5	0	16.731611	23.459999	20
8980	2475	5	0	19.121841	20.700001	20
8981	2475	5	0	17.926725	21.389999	20
8982	2475	5	0	17.926725	22.77	20
8983	2475	5	0	19.121841	23.459999	20
8984	2475	5	0	21.512072	20.700001	20
8985	2475	5	0	20.316956	21.389999	20
8986	2475	5	0	20.316956	22.77	20
8987	2475	5	0	21.512072	23.459999	20
8988	2475	5	0	23.902302	20.700001	20
8989	2475	5	0	22.707186	21.389999	20
8990	2475	5	0	22.707186	22.77	20
8991	2475	5	0	23.902302	23.459999	20
8992	2475	5	0	26.292532	20.700001	20
8993	2475	5	0	25.097416	21.389999	20
8994	2475	5	0	25.097416	22.77	20
8995	2475	5	0	26.292532	23.459999	20
8996	2475	5	0	28.682762	20.700001	20
8997	2475	5	0	27.487646	21.389999	20
8998	2475	5	0	27.487646	22.77	20
8999	2475	5	0	28.682762	23.459999	20
9000	2475	5	0	31.072992	20.700001	20
9001	2475	5	0	29.877876	21.389999	20
9002	2475	5	0	29.877876	22.77	20
9003	2475	5	0	31.072992	23.459999	20
9004	2475	5	0	33.463223	20.700001	20
9005	2475	5	0	32.268108	21.389999	20
9006	2475	5	0	32.268108	22.77	20
9007	2475	5	0	33.463223	23.459999	20
9008	2475	5	0	35.853451	20.700001	20
9009	2475	5	0	34.658337	21.389999	20
9010	2475	5	0	34.658337	22.77	20
9011	2475	5	0	35.853451	23.459999	20
9012	2475	5	0	38.243683	20.700001	20
9013	2475	5	0	37.048565	21.389999	20
9014	2475	5	0	37.048565	22.77	20
9015	2475	5	0	38.243683	23.459999	20
9016	2475	5	0	40.633911	20.700001	20
9017	2475	5	0	39.438797	21.389999	20
9018	2475	5	0	39.438797	22.77	20
9019	2475	5	0	40.633911	23.459999	20
9020	2475	5	0	43.024143	20.700001	20
9021	2475	5	0	41.829025	21.389999	20
9022	2475	5	0	41.829025	22.77	20
9023	2475	5	0	43.024143	23.459999	20
9024	2475	5	0	45.414371	20.700001	20
9025	2475	5	0	44.219257	21.389999	20
9026	2475	5	0	44.219257	22.77	20
9027	2475	5	0	45.414371	23.459999	20
9028	2475	5	0	47.804604	20.700001	20
9029	2475	5	0	46.609486	21.389999	20
9030	2475	5	0	46.609486	22.77	20
9031	2475	5	0	47.804604	23.459999	20
9032	2475	5	0	50.194832	20.700001	20
9033	2475	5	0	48.999718	21.389999	20
9034	2475	5	0	48.999718	22.77	20
9035	2475	5	0	50.194832	23.459999	20
9036	2475	5	0	52.585064	20.700001	20
9037	2475	5	0	51.389946	21.389999	20
9038	2475	5	0	51.389946	22.77	20
9039	2475	5	0	52.585064	23.459999	20
9040	2475	5	0	54.975292	20.700001	20
9041	2475	5	0	53.780178	21.389999	20
9042	2475	5	0	53.780178	22.77	20
9043	2475	5	0	54.975292	23.459999	20
9044	2475	5	0	57.365524	20.700001	20
9045	2475	5	0	56.170406	21.389999	20
9046	2475	5	0	56.170406	22.77	20
9047	2475	5	0	57.365524	23.459999	20
9048	2475	5	0	59.755753	20.700001	20
9049	2475	5	0	58.560638	21.389999	20
9050	2475	5	0	58.560638	22.77	20
9051	2475	5	0	59.755753	23.459999	20
9052	2475	5	0	0	24.84	20
9053	2475	5	0	-1.195115	25.530001	20
9054	2475	5	0	-1.195115	26.91	20
9055	2475	5	0	0	27.6	20
9056	2475	5	0	2.39023	24.84	20
9057	2475	5	0	1.195115	25.530001	20
9058	2475	5	0	1.195115	26.91	20
9059	2475	5	0	2.39023	27.6	20
9060	2475	5	0	4.78046	24.84	20
9061	2475	5	0	3.585345	25.530001	20
9062	2475	5	0	3.585345	26.91	20
9063	2475	5	0	4.78046	27.6	20
9064	2475	5	0	7.170691	24.84	20
9065	2475	5	0	5.975575	25.530001	20
9066	2475	5	0	5.975575	26.91	20
9067	2475	5	0	7.170691	27.6	20
9068	2475	5	0	9.560921	24.84	20
9069	2475	5	0	8.365806	25.530001	20
9070	2475	5	0	8.365806	26.91	20
9071	2475	5	0	9.560921	27.6	20
9072	2475	5	0	11.951151	24.84	20
9073	2475	5	0	10.756036	25.530001	20
9074	2475	5	0	10.756036	26.91	20
9075	2475	5	0	11.951151	27.6	20
9076	2475	5	0	14.341381	24.84	20
9077	2475	5	0	13.146266	25.530001	20
9078	2475	5	0	13.146266	26.91	20
9079	2475	5	0	14.341381	27.6	20
9080	2475	5	0	16.731611	24.84	20
9081	2475	5	0	15.536496	25.530001	20
9082	2475	5	0	15.536496	26.91	20
9083	2475	5	0	16.731611	27.6	20
9084	2475	5	0	19.121841	24.84	20
9085	2475	5	0	17.926725	25.530001	20
9086	2475	5	0	17.926725	26.91	20
9087	2475	5	0	19.121841	27.6	20
9088	2475	5	0	21.512072	24.84	20
9089	2475	5	0	20.316956	25.530001	20
9090	2475	5	0	20.316956	26.91	20
9091	2475	5	0	21.512072	27.6	20
9092	2475	5	0	23.902302	24.84	20
9093	2475	5	0	22.707186	25.530001	20
9094	2475	5	0	22.707186	26.91	20
9095	2475	5	0	23.902302	27.6	20
9096	2475	5	0	26.292532	24.84	20
9097	2475	5	0	25.097416	25.530001	20
9098	2475	5	0	25.097416	26.91	20
9099	2475	5	0	26.292532	27.6	20
9100	2475	5	0	28.682762	24.84	20
9101	2475	5	0	27.487646	25.530001	20
9102	2475	5	0	27.487646	26.91	20
9103	2475	5	0	28.682762	27.6	20
9104	2475	5	0	31.072992	24.84	20
9105	2475	5	0	29.877876	25.530001	20
9106	2475	5	0	29.877876	26.91	20
9107	2475	5	0	31.072992	27.6	20
9108	2475	5	0	33.463223	24.84	20
9109	2475	5	0	32.268108	25.530001	20
9110	2475	5	0	32.268108	26.91	20
9111	2475	5	0	33.463223	27.6	20
9112	2475	5	0	35.853451	24.84	20
9113	2475	5	0	34.658337	25.530001	20
9114	2475	5	0	34.658337	26.91	20
9115	2475	5	0	35.853451	27.6	20
9116	2475	5	0	38.243683	24.84	20
9117	2475	5	0	37.048565	25.530001	20
9118	2475	5	0	37.048565	26.91	20
9119	2475	5	0	38.243683	27.6	20
9120	2475	5	0	40.633911	24.84	20
9121	2475	5	0	39.438797	25.530001	20
9122	2475	5	0	39.438797	26.91	20
9123	2475	5	0	40.633911	27.6	20
9124	2475	5	0	43.024143	24.84	20
9125	2475	5	0	41.829025	25.530001	20
9126	2475	5	0	41.829025	26.91	20
9127	2475	5	0	43.024143	27.6	20
9128	2475	5	0	45.414371	24.84	20
9129	2475	5	0	44.219257	25.530001	20
9130	2475	5	0	44.219257	26.91	20
9131	2475	5	0	45.414371	27.6	20
9132	2475	5	0	47.804604	24.84	20
9133	2475	5	0	46.609486	25.530001	20
9134	2475	5	0	46.609486	26.91	20
9135	2475	5	0	47.804604	27.6	20
9136	2475	5	0	50.194832	24.84	20
9137	2475	5	0	48.999718	25.530001	20
9138	2475	5	0	48.999718	26.91	20
9139	2475	5	0	50.194832	27.6	20
9140	2475	5	0	52.585064	24.84	20
9141	2475	5	0	51.389946	25.530001	20
9142	2475	5	0	51.389946	26.91	20
9143	2475	5	0	52.585064	27.6	20
9144	2475	5	0	54.975292	24.84	20
9145	2475	5	0	53.780178	25.530001	20
9146	2475	5	0	53.780178	26.91	20
9147	2475	5	0	54.975292	27.6	20
9148	2475	5	0	57.365524	24.84	20
9149	2475	5	0	56.170406	25.530001	20
9150	2475	5	0	56.170406	26.91	20
9151	2475	5	0	57.365524	27.6	20
9152	2475	5	0	59.755753	24.84	20
9153	2475	5	0	58.560638	25.530001	20
9154	2475	5	0	58.560638	26.91	20
9155	2475	5	0	59.755753	27.6	20
9156	2475	5	0	0	28.98	20
9157	2475	5	0	-1.195115	29.67	20
9158	2475	5	0	-1.195115	31.049999	20
9159	2475	5	0	0	31.74	20
9160	2475	5	0	2.39023	28.98	20
9161	2475	5	0	1.195115	29.67	20
9162	2475	5	0	1.195115	31.049999	20
9163	2475	5	0	2.39023	31.74	20
9164	2475	5	0	4.78046	28.98	20
9165	2475	5	0	3.585345	29.67	20
9166	2475	5	0	3.585345	31.049999	20
9167	2475	5	0	4.78046	31.74	20
9168	2475	5	0	7.170691	28.98	20
9169	2475	5	0	5.975575	29.67	20
9170	2475	5	0	5.975575	31.049999	20
9171	2475	5	0	7.170691	31.74	20
9172	2475	5	0	9.560921	28.98	20
9173	2475	5	0	8.365806	29.67	20
9174	2475	5	0	8.365806	31.049999	20
9175	2475	5	0	9.560921	31.74	20
9176	2475	5	0	11.951151	28.98	20
9177	2475	5	0	10.756036	29.67	20
9178	2475	5	0	10.756036	31.049999	20
9179	2475	5	0	11.951151	31.74	20
9180	2475	5	0	14.341381	28.98	20
9181	2475	5	0	13.146266	29.67	20
9182	2475	5	0	13.146266	31.049999	20
9183	2475	5	0	14.341381	31.74	20
9184	2475	5	0	16.731611	28.98	20
9185	2475	5	0	15.536496	29.67	20
9186	2475	5	0	15.536496	31.049999	20
9187	2475	5	0	16.731611	31.74	20
9188	2475	5	0	19.121841	28.98	20
9189	2475	5	0	17.926725	29.67	20
9190	2475	5	0	17.926725	31.049999	20
9191	2475	5	0	19.121841	31.74	20
9192	2475	5	0	21.512072	28.98	20
9193	2475	5	0	20.316956	29.67	20
9194	2475	5	0	20.316956	31.049999	20
9195	2475	5	0	21.512072	31.74	20
9196	2475	5	0	23.902302	28.98	20
9197	2475	5	0	22.707186	29.67	20
9198	2475	5	0	22.707186	31.049999	20
9199	2475	5	0	23.902302	31.74	20
9200	2475	5	0	26.292532	28.98	20
9201	2475	5	0	25.097416	29.67	20
9202	2475	5	0	25.097416	31.049999	20
9203	2475	5	0	26.292532	31.74	20
9204	2475	5	0	28.682762	28.98	20
9205	2475	5	0	27.487646	29.67	20
9206	2475	5	0	27.487646	31.049999	20
9207	2475	5	0	28.682762	31.74	20
9208	2475	5	0	31.072992	28.98	20
9209	2475	5	0	29.877876	29.67	20
9210	2475	5	0	29.877876	31.049999	20
9211	2475	5	0	31.072992	31.74	20
9212	2475	5	0	33.463223	28.98	20
9213	2475	5	0	32.268108	29.67	20
9214	2475	5	0	32.268108	31.049999	20
9215	2475	5	0	33.463223	31.74	20
9216	2475	5	0	35.853451	28.98	20
9217	2475	5	0	34.658337	29.67	20
9218	2475	5	0	34.658337	31.049999	20
9219	2475	5	0	35.853451	31.74	20
9220	2475	5	0	38.243683	28.98	20
9221	2475	5	0	37.048565	29.67	20
9222	2475	5	0	37.048565	31.049999	20
9223	2475	5	0	38.243683	31.74	20
9224	2475	5	0	40.633911	28.98	20
9225	2475	5	0	39.438797	29.67	20
9226	2475	5	0	39.438797	31.049999	20
9227	2475	5	0	40.633911	31.74	20
9228	2475	5	0	43.024143	28.98	20
9229	2475	5	0	41.829025	29.67	20
9230	2475	5	0	41.829025	31.049999	20
9231	2475	5	0	43.024143	31.74	20
9232	2475	5	0	45.414371	28.98	20
9233	2475	5	0	44.219257	29.67	20
9234	2475	5	0	44.219257	31.049999	20
9235	2475	5	0	45.414371	31.74	20
9236	2475	5	0	47.804604	28.98	20
9237	2475	5	0	46.609486	29.67	20
9238	2475	5	0	46.609486	31.049999	20
9239	2475	5	0	47.804604	31.74	20
9240	2475	5	0	50.194832	28.98	20
9241	2475	5	0	48.999718	29.67	20
9242	2475	5	0	48.999718	31.049999	20
9243	2475	5	0	50.194832	31.74	20
9244	2475	5	0	52.585064	28.98	20
9245	2475	5	0	51.389946	29.67	20
9246	2475	5	0	51.389946	31.049999	20
9247	2475	5	0	52.585064	31.74	20
9248	2475	5	0	54.975292	28.98	20
9249	2475	5	0	53.780178	29.67	20
9250	2475	5	0	53.780178	31.049999	20
9251	2475	5	0	54.975292	31.74	20
9252	2475	5	0	57.365524	28.98	20
9253	2475	5	0	56.170406	29.67	20
9254	2475	5	0	56.170406	31.049999	20
9255	2475	5	0	57.365524	31.74	20
9256	2475	5	0	59.755753	28.98	20
9257	2475	5	0	58.560638	29.67	20
9258	2475	5	0	58.560638	31.049999	20
9259	2475	5	0	59.755753	31.74	20
9260	2475	5	0	0	33.119999	20
9261	2475	5	0	-1.195115	33.810001	20
9262	2475	5	0	-1.195115	35.189999	20
9263	2475	5	0	0	35.880001	20
9264	2475	5	0	2.39023	33.119999	20
9265	2475	5	0	1.195115	33.810001	20
9266	2475	5	0	1.195115	35.189999	20
9267	2475	5	0	2.39023	35.880001	20
9268	2475	5	0	4.78046	33.119999	20
9269	2475	5	0	3.585345	33.810001	20
9270	2475	5	0	3.585345	35.189999	20
9271	2475	5	0	4.78046	35.880001	20
9272	2475	5	0	7.170691	33.119999	20
9273	2475	5	0	5.975575	33.810001	20
9274	2475	5	0	5.975575	35.189999	20
9275	2475	5	0	7.170691	35.880001	20
9276	2475	5	0	9.560921	33.119999	20
9277	2475	5	0	8.365806	33.810001	20
9278	2475	5	0	8.365806	35.189999	20
9279	2475	5	0	9.560921	35.880001	20
9280	2475	5	0	11.951151	33.119999	20
9281	2475	5	0	10.756036	33.810001	20
9282	2475	5	0	10.756036	35.189999	20
9283	2475	5	0	11.951151	35.880001	20
9284	2475	5	0	14.341381	33.119999	20
9285	2475	5	0	13.146266	33.810001	20
9286	2475	5	0	13.146266	35.189999	20
9287	2475	5	0	14.341381	35.880001	20
9288	2475	5	0	16.731611	33.119999	20
9289	2475	5	0	15.536496	33.810001	20
9290	2475	5	0	15.536496	35.189999	20
9291	2475	5	0	16.731611	35.880001	20
9292	2475	5	0	19.121841	33.119999	20
9293	2475	5	0	17.926725	33.810001	20
9294	2475	5	0	17.926725	35.189999	20
9295	2475	5	0	19.121841	35.880001	20
9296	2475	5	0	21.512072	33.119999	20
9297	2475	5	0	20.316956	33.810001	20
9298	2475	5	0	20.316956	35.189999	20
9299	2475	5	0	21.512072	35.880001	20
9300	2475	5	0	23.902302	33.119999	20
9301	2475	5	0	22.707186	33.810001	20
9302	2475	5	0	22.707186	35.189999	20
9303	2475	5	0	23.902302	35.880001	20
9304	2475	5	0	26.292532	33.119999	20
9305	2475	5	0	25.097416	33.810001	20
9306	2475	5	0	25.097416	35.189999	20
9307	2475	5	0	26.292532	35.880001	20
9308	2475	5	0	28.682762	33.119999	20
9309	2475	5	0	27.487646	33.810001	20
9310	2475	5	0	27.487646	35.189999	20
9311	2475	5	0	28.682762	35.880001	20
9312	2475	5	0	31.072992	33.119999	20
9313	2475	5	0	29.877876	33.810001	20
9314	2475	5	0	29.877876	35.189999	20
9315	2475	5	0	31.072992	35.880001	20
9316	2475	5	0	33.463223	33.119999	20
9317	2475	5	0	32.268108	33.810001	20
9318	2475	5	0	32.268108	35.189999	20
9319	2475	5	0	33.463223	35.880001	20
9320	2475	5	0	35.853451	33.119999	20
9321	2475	5	0	34.658337	33.810001	20
9322	2475	5	0	34.658337	35.189999	20
9323	2475	5	0	35.853451	35.880001	20
9324	2475	5	0	38.243683	33.119999	20
9325	2475	5	0	37.048565	33.810001	20
9326	2475	5	0	37.048565	35.189999	20
9327	2475	5	0	38.243683	35.880001	20
9328	2475	5	0	40.633911	33.119999	20
9329	2475	5	0	39.438797	33.810001	20
9330	2475	5	0	39.438797	35.189999	20
9331	2475	5	0	40.633911	35.880001	20
9332	2475	5	0	43.024143	33.119999	20
9333	2475	5	0	41.829025	33.810001	20
9334	2475	5	0	41.829025	35.189999	20
9335	2475	5	0	43.024143	35.880001	20
9336	2475	5	0	45.414371	33.119999	20
9337	2475	5	0	44.219257	33.810001	20
9338	2475	5	0	44.219257	35.189999	20
9339	2475	5	0	45.414371	35.880001	20
9340	2475	5	0	47.804604	33.119999	20
9341	2475	5	0	46.609486	33.810001	20
9342	2475	5	0	46.609486	35.189999	20
9343	2475	5	0	47.804604	35.880001	20
9344	2475	5	0	50.194832	33.119999	20
9345	2475	5	0	48.999718	33.810001	20
9346	2475	5	0	48.999718	35.189999	20
9347	2475	5	0	50.194832	35.880001	20
9348	2475	5	0	52.585064	33.119999	20
9349	2475	5	0	51.389946	33.810001	20
9350	2475	5	0	51.389946	35.189999	20
9351	2475	5	0	52.585064	35.880001	20
9352	2475	5	0	54.975292	33.119999	20
9353	2475	5	0	53.780178	33.810001	20
9354	2475	5	0	53.780178	35.189999	20
9355	2475	5	0	54.975292	35.880001	20
9356	2475	5	0	57.365524	33.119999	20
9357	2475	5	0	56.170406	33.810001	20
9358	2475	5	0	56.170406	35.189999	20
9359	2475	5	0	57.365524	35.880001	20
9360	2475	5	0	59.755753	33.119999	20
9361	2475	5	0	58.560638	33.810001	20
9362	2475	5	0	58.560638	35.189999	20
9363	2475	5	0	59.755753	35.880001	20
9364	2475	5	0	0	37.259998	20
9365	2475	5	0	-1.195115	37.950001	20
9366	2475	5	0	-1.195115	39.330002	20
9367	2475	5	0	0	40.02	20
9368	2475	5	0	2.39023	37.259998	20
9369	2475	5	0	1.195115	37.950001	20
9370	2475	5	0	1.195115	39.330002	20
9371	2475	5	0	2.39023	40.02	20
9372	2475	5	0	4.78046	37.259998	20
9373	2475	5	0	3.585345	37.950001	20
9374	2475	5	0	3.585345	39.330002	20
9375	2475	5	0	4.78046	40.02	20
9376	2475	5	0	7.170691	37.259998	20
9377	2475	5	0	5.975575	37.950001	20
9378	2475	5	0	5.975575	39.330002	20
9379	2475	5	0	7.170691	40.02	20
9380	2475	5	0	9.560921	37.259998	20
9381	2475	5	0	8.365806	37.950001	20
9382	2475	5	0	8.365806	39.330002	20
9383	2475	5	0	9.560921	40.02	20
9384	2475	5	0	11.951151	37.259998	20
9385	2475	5	0	10.756036	37.950001	20
9386	2475	5	0	10.756036	39.330002	20
9387	2475	5	0	11.951151	40.02	20
9388	2475	5	0	14.341381	37.259998	20
9389	2475	5	0	13.146266	37.950001	20
9390	2475	5	0	13.146266	39.330002	20
9391	2475	5	0	14.341381	40.02	20
9392	2475	5	0	16.731611	37.259998	20
9393	2475	5	0	15.536496	37.950001	20
9394	2475	5	0	15.536496	39.330002	20
9395	2475	5	0	16.731611	40.02	20
9396	2475	5	0	19.121841	37.259998	20
9397	2475	5	0	17.926725	37.950001	20
9398	2475	5	0	17.926725	39.330002	20
9399	2475	5	0	19.121841	40.02	20
9400	2475	5	0	21.512072	37.259998	20
9401	2475	5	0	20.316956	37.950001	20
9402	2475	5	0	20.316956	39.330002	20
9403	2475	5	0	21.512072	40.02	20
9404	2475	5	0	23.902302	37.259998	20
9405	2475	5	0	22.707186	37.950001	20
9406	2475	5	0	22.707186	39.330002	20
9407	2475	5	0	23.902302	40.02	20
9408	2475	5	0	26.292532	37.259998	20
9409	2475	5	0	25.097416	37.950001	20
9410	2475	5	0	25.097416	39.330002	20
9411	2475	5	0	26.292532	40.02	20
9412	2475	5	0	28.682762	37.259998	20
9413	2475	5	0	27.487646	37.950001	20
9414	2475	5	0	27.487646	39.330002	20
9415	2475	5	0	28.682762	40.02	20
9416	2475	5	0	31.072992	37.259998	20
9417	2475	5	0	29.877876	37.950001	20
9418	2475	5	0	29.877876	39.330002	20
9419	2475	5	0	31.072992	40.02	20
9420	2475	5	0	33.463223	37.259998	20
9421	2475	5	0	32.268108	37.950001	20
9422	2475	5	0	32.268108	39.330002	20
9423	2475	5	0	33.463223	40.02	20
9424	2475	5	0	35.853451	37.259998	20
9425	2475	5	0	34.658337	37.950001	20
9426	2475	5	0	34.658337	39.330002	20
9427	2475	5	0	35.853451	40.02	20
9428	2475	5	0	38.243683	37.259998	20
9429	2475	5	0	37.048565	37.950001	20
9430	2475	5	0	37.048565	39.330002	20
9431	2475	5	0	38.243683	40.02	20
9432	2475	5	0	40.633911	37.259998	20
9433	2475	5	0	39.438797	37.950001	20
9434	2475	5	0	39.438797	39.330002	20
9435	2475	5	0	40.633911	40.02	20
9436	2475	5	0	43.024143	37.259998	20
9437	2475	5	0	41.829025	37.950001	20
9438	2475	5	0	41.829025	39.330002	20
9439	2475	5	0	43.024143	40.02	20
9440	2475	5	0	45.414371	37.259998	20
9441	2475	5	0	44.219257	37.950001	20
9442	2475	5	0	44.219257	39.330002	20
9443	2475	5	0	45.414371	40.02	20
9444	2475	5	0	47.804604	37.259998	20
9445	2475	5	0	46.609486	37.950001	20
9446	2475	5	0	46.609486	39.330002	20
9447	2475	5	0	47.804604	40.02	20
9448	2475	5	0	50.194832	37.259998	20
9449	2475	5	0	48.999718	37.950001	20
9450	2475	5	0	48.999718	39.330002	20
9451	2475	5	0	50.194832	40.02	20
9452	2475	5	0	52.585064	37.259998	20
9453	2475	5	0	51.389946	37.950001	20
9454	2475	5	0	51.389946	39.330002	20
9455	2475	5	0	52.585064	40.02	20
9456	2475	5	0	54.975292	37.259998	20
9457	2475	5	0	53.780178	37.950001	20
9458	2475	5	0	53.780178	39.330002	20
9459	2475	5	0	54.975292	40.02	20
9460	2475	5	0	57.365524	37.259998	20
9461	2475	5	0	56.170406	37.950001	20
9462	2475	5	0	56.170406	39.330002	20
9463	2475	5	0	57.365524	40.02	20
9464	2475	5	0	59.755753	37.259998	20
9465	2475	5	0	58.560638	37.950001	20
9466	2475	5	0	58.560638	39.330002	20
9467	2475	5	0	59.755753	40.02	20
9468	2475	5	0	0	41.400002	20
9469	2475	5	0	-1.195115	42.09	20
9470	2475	5	0	-1.195115	43.470001	20
9471	2475	5	0	0	44.16	20
9472	2475	5	0	2.39023	41.400002	20
9473	2475	5	0	1.195115	42.09	20
9474	2475	5	0	1.195115	43.470001	20
9475	2475	5	0	2.39023	44.16	20
9476	2475	5	0	4.78046	41.400002	20
9477	2475	5	0	3.585345	42.09	20
9478	2475	5	0	3.585345	43.470001	20
9479	2475	5	0	4.78046	44.16	20
9480	2475	5	0	7.170691	41.400002	20
9481	2475	5	0	5.975575	42.09	20
9482	2475	5	0	5.975575	43.470001	20
9483	2475	5	0	7.170691	44.16	20
9484	2475	5	0	9.560921	41.400002	20
9485	2475	5	0	8.365806	42.09	20
9486	2475	5	0	8.365806	43.470001	20
9487	2475	5	0	9.560921	44.16	20
9488	2475	5	0	11.951151	41.400002	20
9489	2475	5	0	10.756036	42.09	20
9490	2475	5	0	10.756036	43.470001	20
9491	2475	5	0	11.951151	44.16	20
9492	2475	5	0	14.341381	41.400002	20
9493	2475	5	0	13.146266	42.09	20
9494	2475	5	0	13.146266	43.470001	20
9495	2475	5	0	14.341381	44.16	20
9496	2475	5	0	16.731611	41.400002	20
9497	2475	5	0	15.536496	42.09	20
9498	2475	5	0	15.536496	43.470001	20
9499	2475	5	0	16.731611	44.16	20
9500	2475	5	0	19.121841	41.400002	20
9501	2475	5	0	17.926725	42.09	20
9502	2475	5	0	17.926725	43.470001	20
9503	2475	5	0	19.121841	44.16	20
9504	2475	5	0	21.512072	41.400002	20
9505	2475	5	0	20.316956	42.09	20
9506	2475	5	0	20.316956	43.470001	20
9507	2475	5	0	21.512072	44.16	20
9508	2475	5	0	23.902302	41.400002	20
9509	2475	5	0	22.707186	42.09	20
9510	2475	5	0	22.707186	43.470001	20
9511	2475	5	0	23.902302	44.16	20
9512	2475	5	0	26.292532	41.400002	20
9513	2475	5	0	25.097416	42.09	20
9514	2475	5	0	25.097416	43.470001	20
9515	2475	5	0	26.292532	44.16	20
9516	2475	5	0	28.682762	41.400002	20
9517	2475	5	0	27.487646	42.09	20
9518	2475	5	0	27.487646	43.470001	20
9519	2475	5	0	28.682762	44.16	20
9520	2475	5	0	31.072992	41.400002	20
9521	2475	5	0	29.877876	42.09	20
9522	2475	5	0	29.877876	43.470001	20
9523	2475	5	0	31.072992	44.16	20
9524	2475	5	0	33.463223	41.400002	20
9525	2475	5	0	32.268108	42.09	20
9526	2475	5	0	32.268108	43.470001	20
9527	2475	5	0	33.463223	44.16	20
9528	2475	5	0	35.853451	41.400002	20
9529	2475	5	0	34.658337	42.09	20
9530	2475	5	0	34.658337	43.470001	20
9531	2475	5	0	35.853451	44.16	20
9532	2475	5	0	38.243683	41.400002	20
9533	2475	5	0	37.048565	42.09	20
9534	2475	5	0	37.048565	43.470001	20
9535	2475	5	0	38.243683	44.16	20
9536	2475	5	0	40.633911	41.400002	20
9537	2475	5	0	39.438797	42.09	20
9538	2475	5	0	39.438797	43.470001	20
9539	2475	5	0	40.633911	44.16	20
9540	2475	5	0	43.024143	41.400002	20
9541	2475	5	0	41.829025	42.09	20
9542	2475	5	0	41.829025	43.470001	20
9543	2475	5	0	43.024143	44.16	20
9544	2475	5	0	45.414371	41.400002	20
9545	2475	5	0	44.219257	42.09	20
9546	2475	5	0	44.219257	43.470001	20
9547	2475	5	0	45.414371	44.16	20
9548	2475	5	0	47.804604	41.400002	20
9549	2475	5	0	46.609486	42.09	20
9550	2475	5	0	46.609486	43.470001	20
9551	2475	5	0	47.804604	44.16	20
9552	2475	5	0	50.194832	41.400002	20
9553	2475	5	0	48.999718	42.09	20
9554	2475	5	0	48.999718	43.470001	20
9555	2475	5	0	50.194832	44.16	20
9556	2475	5	0	52.585064	41.400002	20
9557	2475	5	0	51.389946	42.09	20
9558	2475	5	0	51.389946	43.470001	20
9559	2475	5	0	52.585064	44.16	20
9560	2475	5	0	54.975292	41.400002	20
9561	2475	5	0	53.780178	42.09	20
9562	2475	5	0	53.780178	43.470001	20
9563	2475	5	0	54.975292	44.16	20
9564	2475	5	0	57.365524	41.400002	20
9565	2475	5	0	56.170406	42.09	20
9566	2475	5	0	56.170406	43.470001	20
9567	2475	5	0	57.365524	44.16	20
9568	2475	5	0	59.755753	41.400002	20
9569	2475	5	0	58.560638	42.09	20
9570	2475	5	0	58.560638	43.470001	20
9571	2475	5	0	59.755753	44.16	20
9572	2475	5	0	0	45.540001	20
9573	2475	5	0	-1.195115	46.23	20
9574	2475	5	0	-1.195115	47.610001	20
9575	2475	5	0	0	48.299999	20
9576	2475	5	0	2.39023	45.540001	20
9577	2475	5	0	1.195115	46.23	20
9578	2475	5	0	1.195115	47.610001	20
9579	2475	5	0	2.39023	48.299999	20
9580	2475	5	0	4.78046	45.540001	20
9581	2475	5	0	3.585345	46.23	20
9582	2475	5	0	3.585345	47.610001	20
9583	2475	5	0	4.78046	48.299999	20
9584	2475	5	0	7.170691	45.540001	20
9585	2475	5	0	5.975575	46.23	20
9586	2475	5	0	5.975575	47.610001	20
9587	2475	5	0	7.170691	48.299999	20
9588	2475	5	0	9.560921	45.540001	20
9589	2475	5	0	8.365806	46.23	20
9590	2475	5	0	8.365806	47.610001	20
9591	2475	5	0	9.560921	48.299999	20
9592	2475	5	0	11.951151	45.540001	20
9593	2475	5	0	10.756036	46.23	20
9594	2475	5	0	10.756036	47.610001	20
9595	2475	5	0	11.951151	48.299999	20
9596	2475	5	0	14.341381	45.540001	20
9597	2475	5	0	13.146266	46.23	20
9598	2475	5	0	13.146266	47.610001	20
9599	2475	5	0	14.341381	48.299999	20
9600	2475	5	0	16.731611	45.540001	20
9601	2475	5	0	15.536496	46.23	20
9602	2475	5	0	15.536496	47.610001	20
9603	2475	5	0	16.731611	48.299999	20
9604	2475	5	0	19.121841	45.540001	20
9605	2475	5	0	17.926725	46.23	20
9606	2475	5	0	17.926725	47.610001	20
9607	2475	5	0	19.121841	48.299999	20
9608	2475	5	0	21.512072	45.540001	20
9609	2475	5	0	20.316956	46.23	20
9610	2475	5	0	20.316956	47.610001	20
9611	2475	5	0	21.512072	48.299999	20
9612	2475	5	0	23.902302	45.540001	20
9613	2475	5	0	22.707186	46.23	20
9614	2475	5	0	22.707186	47.610001	20
9615	2475	5	0	23.902302	48.299999	20
9616	2475	5	0	26.292532	45.540001	20
9617	2475	5	0	25.097416	46.23	20
9618	2475	5	0	25.097416	47.610001	20
9619	2475	5	0	26.292532	48.299999	20
9620	2475	5	0	28.682762	45.540001	20
9621	2475	5	0	27.487646	46.23	20
9622	2475	5	0	27.487646	47.610001	20
9623	2475	5	0	28.682762	48.299999	20
9624	2475	5	0	31.072992	45.540001	20
9625	2475	5	0	29.877876	46.23	20
9626	2475	5	0	29.877876	47.610001	20
9627	2475	5	0	31.072992	48.299999	20
9628	2475	5	0	33.463223	45.540001	20
9629	2475	5	0	32.268108	46.23	20
9630	2475	5	0	32.268108	47.610001	20
9631	2475	5	0	33.463223	48.299999	20
9632	2475	5	0	35.853451	45.540001	20
9633	2475	5	0	34.658337	46.23	20
9634	2475	5	0	34.658337	47.610001	20
9635	2475	5	0	35.853451	48.299999	20
9636	2475	5	0	38.243683	45.540001	20
9637	2475	5	0	37.048565	46.23	20
9638	2475	5	0	37.048565	47.610001	20
9639	2475	5	0	38.243683	48.299999	20
9640	2475	5	0	40.633911	45.540001	20
9641	2475	5	0	39.438797	46.23	20
9642	2475	5	0	39.438797	47.610001	20
9643	2475	5	0	40.633911	48.299999	20
9644	2475	5	0	43.024143	45.540001	20
9645	2475	5	0	41.829025	46.23	20
9646	2475	5	0	41.829025	47.610001	20
9647	2475	5	0	43.024143	48.299999	20
9648	2475	5	0	45.414371	45.540001	20
9649	2475	5	0	44.219257	46.23	20
9650	2475	5	0	44.219257	47.610001	20
9651	2475	5	0	45.414371	48.299999	20
9652	2475	5	0	47.804604	45.540001	20
9653	2475	5	0	46.609486	46.23	20
9654	2475	5	0	46.609486	47.610001	20
9655	2475	5	0	47.804604	48.299999	20
9656	2475	5	0	50.194832	45.540001	20
9657	2475	5	0	48.999718	46.23	20
9658	2475	5	0	48.999718	47.610001	20
9659	2475	5	0	50.194832	48.299999	20
9660	2475	5	0	52.585064	45.540001	20
9661	2475	5	0	51.389946	46.23	20
9662	2475	5	0	51.389946	47.610001	20
9663	2475	5	0	52.585064	48.299999	20
9664	2475	5	0	54.975292	45.540001	20
9665	2475	5	0	53.780178	46.23	20
9666	2475	5	0	53.780178	47.610001	20
9667	2475	5	0	54.975292	48.299999	20
9668	2475	5	0	57.365524	45.540001	20
9669	2475	5	0	56.170406	46.23	20
9670	2475	5	0	56.170406	47.610001	20
9671	2475	5	0	57.365524	48.299999	20
9672	2475	5	0	59.755753	45.540001	20
9673	2475	5	0	58.560638	46.23	20
9674	2475	5	0	58.560638	47.610001	20
9675	2475	5	0	59.755753	48.299999	20
9676	2475	5	0	0	49.68	20
9677	2475	5	0	-1.195115	50.369999	20
9678	2475	5	0	-1.195115	51.75	20
9679	2475	5	0	0	52.439999	20
9680	2475	5	0	2.39023	49.68	20
9681	2475	5	0	1.195115	50.369999	20
9682	2475	5	0	1.195115	51.75	20
9683	2475	5	0	2.39023	52.439999	20
9684	2475	5	0	4.78046	49.68	20
9685	2475	5	0	3.585345	50.369999	20
9686	2475	5	0	3.585345	51.75	20
9687	2475	5	0	4.78046	52.439999	20
9688	2475	5	0	7.170691	49.68	20
9689	2475	5	0	5.975575	50.369999	20
9690	2475	5	0	5.975575	51.75	20
9691	2475	5	0	7.170691	52.439999	20
9692	2475	5	0	9.560921	49.68	20
9693	2475	5	0	8.365806	50.369999	20
9694	2475	5	0	8.365806	51.75	20
9695	2475	5	0	9.560921	52.439999	20
9696	2475	5	0	11.951151	49.68	20
9697	2475	5	0	10.756036	50.369999	20
9698	2475	5	0	10.756036	51.75	20
9699	2475	5	0	11.951151	52.439999	20
9700	2475	5	0	14.341381	49.68	20
9701	2475	5	0	13.146266	50.369999	20
9702	2475	5	0	13.146266	51.75	20
9703	2475	5	0	14.341381	52.439999	20
9704	2475	5	0	16.731611	49.68	20
9705	2475	5	0	15.536496	50.369999	20
9706	2475	5	0	15.536496	51.75	20
9707	2475	5	0	16.731611	52.439999	20
9708	2475	5	0	19.121841	49.68	20
9709	2475	5	0	17.926725	50.369999	20
9710	2475	5	0	17.926725	51.75	20
9711	2475	5	0	19.121841	52.439999	20
9712	2475	5	0	21.512072	49.68	20
9713	2475	5	0	20.316956	50.369999	20
9714	2475	5	0	20.316956	51.75	20
9715	2475	5	0	21.512072	52.439999	20
9716	2475	5	0	23.902302	49.68	20
9717	2475	5	0	22.707186	50.369999	20
9718	2475	5	0	22.707186	51.75	20
9719	2475	5	0	23.902302	52.439999	20
9720	2475	5	0	26.292532	49.68	20
9721	2475	5	0	25.097416	50.369999	20
9722	2475	5	0	25.097416	51.75	20
9723	2475	5	0	26.292532	52.439999	20
9724	2475	5	0	28.682762	49.68	20
9725	2475	5	0	27.487646	50.369999	20
9726	2475	5	0	27.487646	51.75	20
9727	2475	5	0	28.682762	52.439999	20
9728	2475	5	0	31.072992	49.68	20
9729	2475	5	0	29.877876	50.369999	20
9730	2475	5	0	29.877876	51.75	20
9731	2475	5	0	31.072992	52.439999	20
9732	2475	5	0	33.463223	49.68	20
9733	2475	5	0	32.268108	50.369999	20
9734	2475	5	0	32.268108	51.75	20
9735	2475	5	0	33.463223	52.439999	20
9736	2475	5	0	35.853451	49.68	20
9737	2475	5	0	34.658337	50.369999	20
9738	2475	5	0	34.658337	51.75	20
9739	2475	5	0	35.853451	52.439999	20
9740	2475	5	0	38.243683	49.68	20
9741	2475	5	0	37.048565	50.369999	20
9742	2475	5	0	37.048565	51.75	20
9743	2475	5	0	38.243683	52.439999	20
9744	2475	5	0	40.633911	49.68	20
9745	2475	5	0	39.438797	50.369999	20
9746	2475	5	0	39.438797	51.75	20
9747	2475	5	0	40.633911	52.439999	20
9748	2475	5	0	43.024143	49.68	20
9749	2475	5	0	41.829025	50.369999	20
9750	2475	5	0	41.829025	51.75	20
9751	2475	5	0	43.024143	52.439999	20
9752	2475	5	0	45.414371	49.68	20
9753	2475	5	0	44.219257	50.369999	20
9754	2475	5	0	44.219257	51.75	20
9755	2475	5	0	45.414371	52.439999	20
9756	2475	5	0	47.804604	49.68	20
9757	2475	5	0	46.609486	50.369999	20
9758	2475	5	0	46.609486	51.75	20
9759	2475	5	0	47.804604	52.439999	20
9760	2475	5	0	50.194832	49.68	20
9761	2475	5	0	48.999718	50.369999	20
9762	2475	5	0	48.999718	51.75	20
9763	2475	5	0	50.194832	52.439999	20
9764	2475	5	0	52.585064	49.68	20
9765	2475	5	0	51.389946	50.369999	20
9766	2475	5	0	51.389946	51.75	20
9767	2475	5	0	52.585064	52.439999	20
9768	2475	5	0	54.975292	49.68	20
9769	2475	5	0	53.780178	50.369999	20
9770	2475	5	0	53.780178	51.75	20
9771	2475	5	0	54.975292	52.439999	20
9772	2475	5	0	57.365524	49.68	20
9773	2475	5	0	56.170406	50.369999	20
9774	2475	5	0	56.170406	51.75	20
9775	2475	5	0	57.365524	52.439999	20
9776	2475	5	0	59.755753	49.68	20
9777	2475	5	0	58.560638	50.369999	20
9778	2475	5	0	58.560638	51.75	20
9779	2475	5	0	59.755753	52.439999	20
9780	2475	5	0	0	53.82	20
9781	2475	5	0	-1.195115	54.509998	20
9782	2475	5	0	-1.195115	55.889999	20
9783	2475	5	0	0	56.580002	20
9784	2475	5	0	2.39023	53.82	20
9785	2475	5	0	1.195115	54.509998	20
9786	2475	5	0	1.195115	55.889999	20
9787	2475	5	0	2.39023	56.580002	20
9788	2475	5	0	4.78046	53.82	20
9789	2475	5	0	3.585345	54.509998	20
9790	2475	5	0	3.585345	55.889999	20
9791	2475	5	0	4.78046	56.580002	20
9792	2475	5	0	7.170691	53.82	20
9793	2475	5	0	5.975575	54.509998	20
9794	2475	5	0	5.975575	55.889999	20
9795	2475	5	0	7.170691	56.580002	20
9796	2475	5	0	9.560921	53.82	20
9797	2475	5	0	8.365806	54.509998	20
9798	2475	5	0	8.365806	55.889999	20
9799	2475	5	0	9.560921	56.580002	20
9800	2475	5	0	11.951151	53.82	20
9801	2475	5	0	10.756036	54.509998	20
9802	2475	5	0	10.756036	55.889999	20
9803	2475	5	0	11.951151	56.580002	20
9804	2475	5	0	14.341381	53.82	20
9805	2475	5	0	13.146266	54.509998	20
9806	2475	5	0	13.146266	55.889999	20
9807	2475	5	0	14.341381	56.580002	20
9808	2475	5	0	16.731611	53.82	20
9809	2475	5	0	15.536496	54.509998	20
9810	2475	5	0	15.536496	55.889999	20
9811	2475	5	0	16.731611	56.580002	20
9812	2475	5	0	19.121841	53.82	20
9813	2475	5	0	17.926725	54.509998	20
9814	2475	5	0	17.926725	55.889999	20
9815	2475	5	0	19.121841	56.580002	20
9816	2475	5	0	21.512072	53.82	20
9817	2475	5	0	20.316956	54.509998	20
9818	2475	5	0	20.316956	55.889999	20
9819	2475	5	0	21.512072	56.580002	20
9820	2475	5	0	23.902302	53.82	20
9821	2475	5	0	22.707186	54.509998	20
9822	2475	5	0	22.707186	55.889999	20
9823	2475	5	0	23.902302	56.580002	20
9824	2475	5	0	26.292532	53.82	20
9825	2475	5	0	25.097416	54.509998	20
9826	2475	5	0	25.097416	55.889999	20
9827	2475	5	0	26.292532	56.580002	20
9828	2475	5	0	28.682762	53.82	20
9829	2475	5	0	27.487646	54.509998	20
9830	2475	5	0	27.487646	55.889999	20
9831	2475	5	0	28.682762	56.580002	20
9832	2475	5	0	31.072992	53.82	20
9833	2475	5	0	29.877876	54.509998	20
9834	2475	5	0	29.877876	55.889999	20
9835	2475	5	0	31.072992	56.580002	20
9836	2475	5	0	33.463223	53.82	20
9837	2475	5	0	32.268108	54.509998	20
9838	2475	5	0	32.268108	55.889999	20
9839	2475	5	0	33.463223	56.580002	20
9840	2475	5	0	35.853451	53.82	20
9841	2475	5	0	34.658337	54.509998	20
9842	2475	5	0	34.658337	55.889999	20
9843	2475	5	0	35.853451	56.580002	20
9844	2475	5	0	38.243683	53.82	20
9845	2475	5	0	37.048565	54.509998	20
9846	2475	5	0	37.048565	55.889999	20
9847	2475	5	0	38.243683	56.580002	20
9848	2475	5	0	40.633911	53.82	20
9849	2475	5	0	39.438797	54.509998	20
9850	2475	5	0	39.438797	55.889999	20
9851	2475	5	0	40.633911	56.580002	20
9852	2475	5	0	43.024143	53.82	20
9853	2475	5	0	41.829025	54.509998	20
9854	2475	5	0	41.829025	55.889999	20
9855	2475	5	0	43.024143	56.580002	20
9856	2475	5	0	45.414371	53.82	20
9857	2475	5	0	44.219257	54.509998	20
9858	2475	5	0	44.219257	55.889999	20
9859	2475	5	0	45.414371	56.580002	20
9860	2475	5	0	47.804604	53.82	20
9861	2475	5	0	46.609486	54.509998	20
9862	2475	5	0	46.609486	55.889999	20
9863	2475	5	0	47.804604	56.580002	20
9864	2475	5	0	50.194832	53.82	20
9865	2475	5	0	48.999718	54.509998	20
9866	2475	5	0	48.999718	55.889999	20
9867	2475	5	0	50.194832	56.580002	20
9868	2475	5	0	52.585064	53.82	20
9869	2475	5	0	51.389946	54.509998	20
9870	2475	5	0	51.389946	55.889999	20
9871	2475	5	0	52.585064	56.580002	20
9872	2475	5	0	54.975292	53.82	20
9873	2475	5	0	53.780178	54.509998	20
9874	2475	5	0	53.780178	55.889999	20
9875	2475	5	0	54.975292	56.580002	20
9876	2475	5	0	57.365524	53.82	20
9877	2475	5	0	56.170406	54.509998	20
9878	2475	5	0	56.170406	55.889999	20
9879	2475	5	0	57.365524	56.580002	20
9880	2475	5	0	59.755753	53.82	20
9881	2475	5	0	58.560638	54.509998	20
9882	2475	5	0	58.560638	55.889999	20
9883	2475	5	0	59.755753	56.580002	20
9884	2475	5	0	0	57.959999	20
9885	2475	5	0	-1.195115	58.650002	20
9886	2475	5	0	-1.195115	60.029999	20
9887	2475	5	0	0	60.720001	20
9888	2475	5	0	2.39023	57.959999	20
9889	2475	5	0	1.195115	58.650002	20
9890	2475	5	0	1.195115	60.029999	20
9891	2475	5	0	2.39023	60.720001	20
9892	2475	5	0	4.78046	57.959999	20
9893	2475	5	0	3.585345	58.650002	20
9894	2475	5	0	3.585345	60.029999	20
9895	2475	5	0	4.78046	60.720001	20
9896	2475	5	0	7.170691	57.959999	20
9897	2475	5	0	5.975575	58.650002	20
9898	2475	5	0	5.975575	60.029999	20
9899	2475	5	0	7.170691	60.720001	20
9900	2475	5	0	9.560921	57.959999	20
9901	2475	5	0	8.365806	58.650002	20
9902	2475	5	0	8.365806	60.029999	20
9903	2475	5	0	9.560921	60.720001	20
9904	2475	5	0	11.951151	57.959999	20
9905	2475	5	0	10.756036	58.650002	20
9906	2475	5	0	10.756036	60.029999	20
9907	2475	5	0	11.951151	60.720001	20
9908	2475	5	0	14.341381	57.959999	20
9909	2475	5	0	13.146266	58.650002	20
9910	2475	5	0	13.146266	60.029999	20
9911	2475	5	0	14.341381	60.720001	20
9912	2475	5	0	16.731611	57.959999	20
9913	2475	5	0	15.536496	58.650002	20
9914	2475	5	0	15.536496	60.029999	20
9915	2475	5	0	16.731611	60.720001	20
9916	2475	5	0	19.121841	57.959999	20
9917	2475	5	0	17.926725	58.650002	20
9918	2475	5	0	17.926725	60.029999	20
9919	2475	5	0	19.121841	60.720001	20
9920	2475	5	0	21.512072	57.959999	20
9921	2475	5	0	20.316956	58.650002	20
9922	2475	5	0	20.316956	60.029999	20
9923	2475	5	0	21.512072	60.720001	20
9924	2475	5	0	23.902302	57.959999	20
9925	2475	5	0	22.707186	58.650002	20
9926	2475	5	0	22.707186	60.029999	20
9927	2475	5	0	23.902302	60.720001	20
9928	2475	5	0	26.292532	57.959999	20
9929	2475	5	0	25.097416	58.650002	20
9930	2475	5	0	25.097416	60.029999	20
9931	2475	5	0	26.292532	60.720001	20
9932	2475	5	0	28.682762	57.959999	20
9933	2475	5	0	27.487646	58.650002	20
9934	2475	5	0	27.487646	60.029999	20
9935	2475	5	0	28.682762	60.720001	20
9936	2475	5	0	31.072992	57.959999	20
9937	2475	5	0	29.877876	58.650002	20
9938	2475	5	0	29.877876	60.029999	20
9939	2475	5	0	31.072992	60.720001	20
9940	2475	5	0	33.463223	57.959999	20
9941	2475	5	0	32.268108	58.650002	20
9942	2475	5	0	32.268108	60.029999	20
9943	2475	5	0	33.463223	60.720001	20
9944	2475	5	0	35.853451	57.959999	20
9945	2475	5	0	34.658337	58.650002	20
9946	2475	5	0	34.658337	60.029999	20
9947	2475	5	0	35.853451	60.720001	20
9948	2475	5	0	38.243683	57.959999	20
9949	2475	5	0	37.048565	58.650002	20
9950	2475	5	0	37.048565	60.029999	20
9951	2475	5	0	38.243683	60.720001	20
9952	2475	5	0	40.633911	57.959999	20
9953	2475	5	0	39.438797	58.650002	20
9954	2475	5	0	39.438797	60.029999	20
9955	2475	5	0	40.633911	60.720001	20
9956	2475	5	0	43.024143	57.959999	20
9957	2475	5	0	41.829025	58.650002	20
9958	2475	5	0	41.829025	60.029999	20
9959	2475	5	0	43.024143	60.720001	20
9960	2475	5	0	45.414371	57.959999	20
9961	2475	5	0	44.219257	58.650002	20
9962	2475	5	0	44.219257	60.029999	20
9963	2475	5	0	45.414371	60.720001	20
9964	2475	5	0	47.804604	57.959999	20
9965	2475	5	0	46.609486	58.650002	20
9966	2475	5	0	46.609486	60.029999	20
9967	2475	5	0	47.804604	60.720001	20
9968	2475	5	0	50.194832	57.959999	20
9969	2475	5	0	48.999718	58.650002	20
9970	2475	5	0	48.999718	60.029999	20
9971	2475	5	0	50.194832	60.720001	20
9972	2475	5	0	52.585064	57.959999	20
9973	2475	5	0	51.389946	58.650002	20
9974	2475	5	0	51.389946	60.029999	20
9975	2475	5	0	52.585064	60.720001	20
9976	2475	5	0	54.975292	57.959999	20
9977	2475	5	0	53.780178	58.650002	20
9978	2475	5	0	53.780178	60.029999	20
9979	2475	5	0	54.975292	60.720001	20
9980	2475	5	0	57.365524	57.959999	20
9981	2475	5	0	56.170406	58.650002	20
9982	2475	5	0	56.170406	60.029999	20
9983	2475	5	0	57.365524	60.720001	20
9984	2475	5	0	59.755753	57.959999	20
9985	2475	5	0	58.560638	58.650002	20
9986	2475	5	0	58.560638	60.029999	20
9987	2475	5	0	59.755753	60.720001	20
