14842 4948 3 0 0.1472944 2.157 -2.13122
14843 4948 4 0 0.8527056 2.157 0
14844 4948 4 0 2.3352944 3.814 0
14845 4948 3 0 3.0407056 3.814 -2.13122
14846 4948 3 0 0.1472944 5.471 -2.13122
14847 4948 4 0 0.8527056 5.471 0
14848 4948 4 0 2.3352944 7.128 0
14849 4948 3 0 3.0407056 7.128 -2.13122
14850 4948 3 0 0.1472944 8.785 -2.13122
14851 4948 4 0 0.8527056 8.785 0
14852 4948 4 0 2.3352944 10.442 0
14853 4948 3 0 3.0407056 10.442 -2.13122
14854 4948 3 0 0.1472944 12.099 -2.13122
14855 4948 4 0 0.8527056 12.099 0
14856 4948 4 0 2.3352944 13.756 0
14857 4948 3 0 3.0407056 13.756 -2.13122
14858 4948 3 0 0.1472944 15.413 -2.13122
14859 4948 4 0 0.8527056 15.413 0
14860 4948 4 0 2.3352944 17.07 0
14861 4948 3 0 3.0407056 17.07 -2.13122
14862 4948 3 0 0.1472944 18.727 -2.13122
14863 4948 4 0 0.8527056 18.727 0
14864 4948 4 0 2.3352944 20.384 0
14865 4948 3 0 3.0407056 20.384 -2.13122
14866 4948 3 0 0.1472944 22.041 -2.13122
14867 4948 4 0 0.8527056 22.041 0
14868 4948 4 0 2.3352944 23.698 0
14869 4948 3 0 3.0407056 23.698 -2.13122
14870 4948 3 0 0.1472944 25.355 -2.13122
14871 4948 4 0 0.8527056 25.355 0
14872 4948 4 0 2.3352944 27.012 0
14873 4948 3 0 3.0407056 27.012 -2.13122
14874 4948 3 0 0.1472944 28.669 -2.13122
14875 4948 4 0 0.8527056 28.669 0
14876 4948 4 0 2.3352944 30.326 0
14877 4948 3 0 3.0407056 30.326 -2.13122
14878 4948 3 0 0.1472944 31.983 -2.13122
14879 4948 4 0 0.8527056 31.983 0
14880 4948 4 0 2.3352944 33.64 0
14881 4948 3 0 3.0407056 33.64 -2.13122
14882 4948 3 0 0.1472944 35.297 -2.13122
14883 4948 4 0 0.8527056 35.297 0
14884 4948 4 0 2.3352944 36.954 0
14885 4948 3 0 3.0407056 36.954 -2.13122
14886 4948 3 0 0.1472944 38.611 -2.13122
14887 4948 4 0 0.8527056 38.611 0
14888 4948 4 0 2.3352944 40.268 0
14889 4948 3 0 3.0407056 40.268 -2.13122
14890 4948 3 0 0.1472944 41.925 -2.13122
14891 4948 4 0 0.8527056 41.925 0
14892 4948 4 0 2.3352944 43.582 0
14893 4948 3 0 3.0407056 43.582 -2.13122
14894 4948 3 0 0.1472944 45.239 -2.13122
14895 4948 4 0 0.8527056 45.239 0
14896 4948 4 0 2.3352944 46.896 0
14897 4948 3 0 3.0407056 46.896 -2.13122
14898 4948 3 0 0.1472944 48.553 -2.13122
14899 4948 4 0 0.8527056 48.553 0
14900 4948 4 0 2.3352944 50.21 0
14901 4948 3 0 3.0407056 50.21 -2.13122
14902 4948 3 0 0.1472944 51.867 -2.13122
14903 4948 4 0 0.8527056 51.867 0
14904 4948 4 0 2.3352944 53.524 0
14905 4948 3 0 3.0407056 53.524 -2.13122
14906 4948 3 0 0.1472944 55.181 -2.13122
14907 4948 4 0 0.8527056 55.181 0
14908 4948 4 0 2.3352944 56.838 0
14909 4948 3 0 3.0407056 56.838 -2.13122
14910 4948 3 0 0.1472944 58.495 -2.13122
14911 4948 4 0 0.8527056 58.495 0
14912 4948 4 0 2.3352944 60.152 0
14913 4948 3 0 3.0407056 60.152 -2.13122
14914 4948 3 0 4.5232944 2.157 -2.13122
14915 4948 4 0 5.2287056 2.157 0
14916 4948 4 0 6.7112944 3.814 0
14917 4948 3 0 7.4167056 3.814 -2.13122
14918 4948 3 0 4.5232944 5.471 -2.13122
14919 4948 4 0 5.2287056 5.471 0
14920 4948 4 0 6.7112944 7.128 0
14921 4948 3 0 7.4167056 7.128 -2.13122
14922 4948 3 0 4.5232944 8.785 -2.13122
14923 4948 4 0 5.2287056 8.785 0
14924 4948 4 0 6.7112944 10.442 0
14925 4948 3 0 7.4167056 10.442 -2.13122
14926 4948 3 0 4.5232944 12.099 -2.13122
14927 4948 4 0 5.2287056 12.099 0
14928 4948 4 0 6.7112944 13.756 0
14929 4948 3 0 7.4167056 13.756 -2.13122
14930 4948 3 0 4.5232944 15.413 -2.13122
14931 4948 4 0 5.2287056 15.413 0
14932 4948 4 0 6.7112944 17.07 0
14933 4948 3 0 7.4167056 17.07 -2.13122
14934 4948 3 0 4.5232944 18.727 -2.13122
14935 4948 4 0 5.2287056 18.727 0
14936 4948 4 0 6.7112944 20.384 0
14937 4948 3 0 7.4167056 20.384 -2.13122
14938 4948 3 0 4.5232944 22.041 -2.13122
14939 4948 4 0 5.2287056 22.041 0
14940 4948 4 0 6.7112944 23.698 0
14941 4948 3 0 7.4167056 23.698 -2.13122
14942 4948 3 0 4.5232944 25.355 -2.13122
14943 4948 4 0 5.2287056 25.355 0
14944 4948 4 0 6.7112944 27.012 0
14945 4948 3 0 7.4167056 27.012 -2.13122
14946 4948 3 0 4.5232944 28.669 -2.13122
14947 4948 4 0 5.2287056 28.669 0
14948 4948 4 0 6.7112944 30.326 0
14949 4948 3 0 7.4167056 30.326 -2.13122
14950 4948 3 0 4.5232944 31.983 -2.13122
14951 4948 4 0 5.2287056 31.983 0
14952 4948 4 0 6.7112944 33.64 0
14953 4948 3 0 7.4167056 33.64 -2.13122
14954 4948 3 0 4.5232944 35.297 -2.13122
14955 4948 4 0 5.2287056 35.297 0
14956 4948 4 0 6.7112944 36.954 0
14957 4948 3 0 7.4167056 36.954 -2.13122
14958 4948 3 0 4.5232944 38.611 -2.13122
14959 4948 4 0 5.2287056 38.611 0
14960 4948 4 0 6.7112944 40.268 0
14961 4948 3 0 7.4167056 40.268 -2.13122
14962 4948 3 0 4.5232944 41.925 -2.13122
14963 4948 4 0 5.2287056 41.925 0
14964 4948 4 0 6.7112944 43.582 0
14965 4948 3 0 7.4167056 43.582 -2.13122
14966 4948 3 0 4.5232944 45.239 -2.13122
14967 4948 4 0 5.2287056 45.239 0
14968 4948 4 0 6.7112944 46.896 0
14969 4948 3 0 7.4167056 46.896 -2.13122
14970 4948 3 0 4.5232944 48.553 -2.13122
14971 4948 4 0 5.2287056 48.553 0
14972 4948 4 0 6.7112944 50.21 0
14973 4948 3 0 7.4167056 50.21 -2.13122
14974 4948 3 0 4.5232944 51.867 -2.13122
14975 4948 4 0 5.2287056 51.867 0
14976 4948 4 0 6.7112944 53.524 0
14977 4948 3 0 7.4167056 53.524 -2.13122
14978 4948 3 0 4.5232944 55.181 -2.13122
14979 4948 4 0 5.2287056 55.181 0
14980 4948 4 0 6.7112944 56.838 0
14981 4948 3 0 7.4167056 56.838 -2.13122
14982 4948 3 0 4.5232944 58.495 -2.13122
14983 4948 4 0 5.2287056 58.495 0
14984 4948 4 0 6.7112944 60.152 0
14985 4948 3 0 7.4167056 60.152 -2.13122
14986 4948 3 0 8.8992944 2.157 -2.13122
14987 4948 4 0 9.6047056 2.157 0
14988 4948 4 0 11.0872944 3.814 0
14989 4948 3 0 11.7927056 3.814 -2.13122
14990 4948 3 0 8.8992944 5.471 -2.13122
14991 4948 4 0 9.6047056 5.471 0
14992 4948 4 0 11.0872944 7.128 0
14993 4948 3 0 11.7927056 7.128 -2.13122
14994 4948 3 0 8.8992944 8.785 -2.13122
14995 4948 4 0 9.6047056 8.785 0
14996 4948 4 0 11.0872944 10.442 0
14997 4948 3 0 11.7927056 10.442 -2.13122
14998 4948 3 0 8.8992944 12.099 -2.13122
14999 4948 4 0 9.6047056 12.099 0
15000 4948 4 0 11.0872944 13.756 0
15001 4948 3 0 11.7927056 13.756 -2.13122
15002 4948 3 0 8.8992944 15.413 -2.13122
15003 4948 4 0 9.6047056 15.413 0
15004 4948 4 0 11.0872944 17.07 0
15005 4948 3 0 11.7927056 17.07 -2.13122
15006 4948 3 0 8.8992944 18.727 -2.13122
15007 4948 4 0 9.6047056 18.727 0
15008 4948 4 0 11.0872944 20.384 0
15009 4948 3 0 11.7927056 20.384 -2.13122
15010 4948 3 0 8.8992944 22.041 -2.13122
15011 4948 4 0 9.6047056 22.041 0
15012 4948 4 0 11.0872944 23.698 0
15013 4948 3 0 11.7927056 23.698 -2.13122
15014 4948 3 0 8.8992944 25.355 -2.13122
15015 4948 4 0 9.6047056 25.355 0
15016 4948 4 0 11.0872944 27.012 0
15017 4948 3 0 11.7927056 27.012 -2.13122
15018 4948 3 0 8.8992944 28.669 -2.13122
15019 4948 4 0 9.6047056 28.669 0
15020 4948 4 0 11.0872944 30.326 0
15021 4948 3 0 11.7927056 30.326 -2.13122
15022 4948 3 0 8.8992944 31.983 -2.13122
15023 4948 4 0 9.6047056 31.983 0
15024 4948 4 0 11.0872944 33.64 0
15025 4948 3 0 11.7927056 33.64 -2.13122
15026 4948 3 0 8.8992944 35.297 -2.13122
15027 4948 4 0 9.6047056 35.297 0
15028 4948 4 0 11.0872944 36.954 0
15029 4948 3 0 11.7927056 36.954 -2.13122
15030 4948 3 0 8.8992944 38.611 -2.13122
15031 4948 4 0 9.6047056 38.611 0
15032 4948 4 0 11.0872944 40.268 0
15033 4948 3 0 11.7927056 40.268 -2.13122
15034 4948 3 0 8.8992944 41.925 -2.13122
15035 4948 4 0 9.6047056 41.925 0
15036 4948 4 0 11.0872944 43.582 0
15037 4948 3 0 11.7927056 43.582 -2.13122
15038 4948 3 0 8.8992944 45.239 -2.13122
15039 4948 4 0 9.6047056 45.239 0
15040 4948 4 0 11.0872944 46.896 0
15041 4948 3 0 11.7927056 46.896 -2.13122
15042 4948 3 0 8.8992944 48.553 -2.13122
15043 4948 4 0 9.6047056 48.553 0
15044 4948 4 0 11.0872944 50.21 0
15045 4948 3 0 11.7927056 50.21 -2.13122
15046 4948 3 0 8.8992944 51.867 -2.13122
15047 4948 4 0 9.6047056 51.867 0
15048 4948 4 0 11.0872944 53.524 0
15049 4948 3 0 11.7927056 53.524 -2.13122
15050 4948 3 0 8.8992944 55.181 -2.13122
15051 4948 4 0 9.6047056 55.181 0
15052 4948 4 0 11.0872944 56.838 0
15053 4948 3 0 11.7927056 56.838 -2.13122
15054 4948 3 0 8.8992944 58.495 -2.13122
15055 4948 4 0 9.6047056 58.495 0
15056 4948 4 0 11.0872944 60.152 0
15057 4948 3 0 11.7927056 60.152 -2.13122
15058 4948 3 0 13.2752944 2.157 -2.13122
15059 4948 4 0 13.9807056 2.157 0
15060 4948 4 0 15.4632944 3.814 0
15061 4948 3 0 16.1687056 3.814 -2.13122
15062 4948 3 0 13.2752944 5.471 -2.13122
15063 4948 4 0 13.9807056 5.471 0
15064 4948 4 0 15.4632944 7.128 0
15065 4948 3 0 16.1687056 7.128 -2.13122
15066 4948 3 0 13.2752944 8.785 -2.13122
15067 4948 4 0 13.9807056 8.785 0
15068 4948 4 0 15.4632944 10.442 0
15069 4948 3 0 16.1687056 10.442 -2.13122
15070 4948 3 0 13.2752944 12.099 -2.13122
15071 4948 4 0 13.9807056 12.099 0
15072 4948 4 0 15.4632944 13.756 0
15073 4948 3 0 16.1687056 13.756 -2.13122
15074 4948 3 0 13.2752944 15.413 -2.13122
15075 4948 4 0 13.9807056 15.413 0
15076 4948 4 0 15.4632944 17.07 0
15077 4948 3 0 16.1687056 17.07 -2.13122
15078 4948 3 0 13.2752944 18.727 -2.13122
15079 4948 4 0 13.9807056 18.727 0
15080 4948 4 0 15.4632944 20.384 0
15081 4948 3 0 16.1687056 20.384 -2.13122
15082 4948 3 0 13.2752944 22.041 -2.13122
15083 4948 4 0 13.9807056 22.041 0
15084 4948 4 0 15.4632944 23.698 0
15085 4948 3 0 16.1687056 23.698 -2.13122
15086 4948 3 0 13.2752944 25.355 -2.13122
15087 4948 4 0 13.9807056 25.355 0
15088 4948 4 0 15.4632944 27.012 0
15089 4948 3 0 16.1687056 27.012 -2.13122
15090 4948 3 0 13.2752944 28.669 -2.13122
15091 4948 4 0 13.9807056 28.669 0
15092 4948 4 0 15.4632944 30.326 0
15093 4948 3 0 16.1687056 30.326 -2.13122
15094 4948 3 0 13.2752944 31.983 -2.13122
15095 4948 4 0 13.9807056 31.983 0
15096 4948 4 0 15.4632944 33.64 0
15097 4948 3 0 16.1687056 33.64 -2.13122
15098 4948 3 0 13.2752944 35.297 -2.13122
15099 4948 4 0 13.9807056 35.297 0
15100 4948 4 0 15.4632944 36.954 0
15101 4948 3 0 16.1687056 36.954 -2.13122
15102 4948 3 0 13.2752944 38.611 -2.13122
15103 4948 4 0 13.9807056 38.611 0
15104 4948 4 0 15.4632944 40.268 0
15105 4948 3 0 16.1687056 40.268 -2.13122
15106 4948 3 0 13.2752944 41.925 -2.13122
15107 4948 4 0 13.9807056 41.925 0
15108 4948 4 0 15.4632944 43.582 0
15109 4948 3 0 16.1687056 43.582 -2.13122
15110 4948 3 0 13.2752944 45.239 -2.13122
15111 4948 4 0 13.9807056 45.239 0
15112 4948 4 0 15.4632944 46.896 0
15113 4948 3 0 16.1687056 46.896 -2.13122
15114 4948 3 0 13.2752944 48.553 -2.13122
15115 4948 4 0 13.9807056 48.553 0
15116 4948 4 0 15.4632944 50.21 0
15117 4948 3 0 16.1687056 50.21 -2.13122
15118 4948 3 0 13.2752944 51.867 -2.13122
15119 4948 4 0 13.9807056 51.867 0
15120 4948 4 0 15.4632944 53.524 0
15121 4948 3 0 16.1687056 53.524 -2.13122
15122 4948 3 0 13.2752944 55.181 -2.13122
15123 4948 4 0 13.9807056 55.181 0
15124 4948 4 0 15.4632944 56.838 0
15125 4948 3 0 16.1687056 56.838 -2.13122
15126 4948 3 0 13.2752944 58.495 -2.13122
15127 4948 4 0 13.9807056 58.495 0
15128 4948 4 0 15.4632944 60.152 0
15129 4948 3 0 16.1687056 60.152 -2.13122
15130 4948 3 0 17.6512944 2.157 -2.13122
15131 4948 4 0 18.3567056 2.157 0
15132 4948 4 0 19.8392944 3.814 0
15133 4948 3 0 20.5447056 3.814 -2.13122
15134 4948 3 0 17.6512944 5.471 -2.13122
15135 4948 4 0 18.3567056 5.471 0
15136 4948 4 0 19.8392944 7.128 0
15137 4948 3 0 20.5447056 7.128 -2.13122
15138 4948 3 0 17.6512944 8.785 -2.13122
15139 4948 4 0 18.3567056 8.785 0
15140 4948 4 0 19.8392944 10.442 0
15141 4948 3 0 20.5447056 10.442 -2.13122
15142 4948 3 0 17.6512944 12.099 -2.13122
15143 4948 4 0 18.3567056 12.099 0
15144 4948 4 0 19.8392944 13.756 0
15145 4948 3 0 20.5447056 13.756 -2.13122
15146 4948 3 0 17.6512944 15.413 -2.13122
15147 4948 4 0 18.3567056 15.413 0
15148 4948 4 0 19.8392944 17.07 0
15149 4948 3 0 20.5447056 17.07 -2.13122
15150 4948 3 0 17.6512944 18.727 -2.13122
15151 4948 4 0 18.3567056 18.727 0
15152 4948 4 0 19.8392944 20.384 0
15153 4948 3 0 20.5447056 20.384 -2.13122
15154 4948 3 0 17.6512944 22.041 -2.13122
15155 4948 4 0 18.3567056 22.041 0
15156 4948 4 0 19.8392944 23.698 0
15157 4948 3 0 20.5447056 23.698 -2.13122
15158 4948 3 0 17.6512944 25.355 -2.13122
15159 4948 4 0 18.3567056 25.355 0
15160 4948 4 0 19.8392944 27.012 0
15161 4948 3 0 20.5447056 27.012 -2.13122
15162 4948 3 0 17.6512944 28.669 -2.13122
15163 4948 4 0 18.3567056 28.669 0
15164 4948 4 0 19.8392944 30.326 0
15165 4948 3 0 20.5447056 30.326 -2.13122
15166 4948 3 0 17.6512944 31.983 -2.13122
15167 4948 4 0 18.3567056 31.983 0
15168 4948 4 0 19.8392944 33.64 0
15169 4948 3 0 20.5447056 33.64 -2.13122
15170 4948 3 0 17.6512944 35.297 -2.13122
15171 4948 4 0 18.3567056 35.297 0
15172 4948 4 0 19.8392944 36.954 0
15173 4948 3 0 20.5447056 36.954 -2.13122
15174 4948 3 0 17.6512944 38.611 -2.13122
15175 4948 4 0 18.3567056 38.611 0
15176 4948 4 0 19.8392944 40.268 0
15177 4948 3 0 20.5447056 40.268 -2.13122
15178 4948 3 0 17.6512944 41.925 -2.13122
15179 4948 4 0 18.3567056 41.925 0
15180 4948 4 0 19.8392944 43.582 0
15181 4948 3 0 20.5447056 43.582 -2.13122
15182 4948 3 0 17.6512944 45.239 -2.13122
15183 4948 4 0 18.3567056 45.239 0
15184 4948 4 0 19.8392944 46.896 0
15185 4948 3 0 20.5447056 46.896 -2.13122
15186 4948 3 0 17.6512944 48.553 -2.13122
15187 4948 4 0 18.3567056 48.553 0
15188 4948 4 0 19.8392944 50.21 0
15189 4948 3 0 20.5447056 50.21 -2.13122
15190 4948 3 0 17.6512944 51.867 -2.13122
15191 4948 4 0 18.3567056 51.867 0
15192 4948 4 0 19.8392944 53.524 0
15193 4948 3 0 20.5447056 53.524 -2.13122
15194 4948 3 0 17.6512944 55.181 -2.13122
15195 4948 4 0 18.3567056 55.181 0
15196 4948 4 0 19.8392944 56.838 0
15197 4948 3 0 20.5447056 56.838 -2.13122
15198 4948 3 0 17.6512944 58.495 -2.13122
15199 4948 4 0 18.3567056 58.495 0
15200 4948 4 0 19.8392944 60.152 0
15201 4948 3 0 20.5447056 60.152 -2.13122
15202 4948 3 0 22.0272944 2.157 -2.13122
15203 4948 4 0 22.7327056 2.157 0
15204 4948 4 0 24.2152944 3.814 0
15205 4948 3 0 24.9207056 3.814 -2.13122
15206 4948 3 0 22.0272944 5.471 -2.13122
15207 4948 4 0 22.7327056 5.471 0
15208 4948 4 0 24.2152944 7.128 0
15209 4948 3 0 24.9207056 7.128 -2.13122
15210 4948 3 0 22.0272944 8.785 -2.13122
15211 4948 4 0 22.7327056 8.785 0
15212 4948 4 0 24.2152944 10.442 0
15213 4948 3 0 24.9207056 10.442 -2.13122
15214 4948 3 0 22.0272944 12.099 -2.13122
15215 4948 4 0 22.7327056 12.099 0
15216 4948 4 0 24.2152944 13.756 0
15217 4948 3 0 24.9207056 13.756 -2.13122
15218 4948 3 0 22.0272944 15.413 -2.13122
15219 4948 4 0 22.7327056 15.413 0
15220 4948 4 0 24.2152944 17.07 0
15221 4948 3 0 24.9207056 17.07 -2.13122
15222 4948 3 0 22.0272944 18.727 -2.13122
15223 4948 4 0 22.7327056 18.727 0
15224 4948 4 0 24.2152944 20.384 0
15225 4948 3 0 24.9207056 20.384 -2.13122
15226 4948 3 0 22.0272944 22.041 -2.13122
15227 4948 4 0 22.7327056 22.041 0
15228 4948 4 0 24.2152944 23.698 0
15229 4948 3 0 24.9207056 23.698 -2.13122
15230 4948 3 0 22.0272944 25.355 -2.13122
15231 4948 4 0 22.7327056 25.355 0
15232 4948 4 0 24.2152944 27.012 0
15233 4948 3 0 24.9207056 27.012 -2.13122
15234 4948 3 0 22.0272944 28.669 -2.13122
15235 4948 4 0 22.7327056 28.669 0
15236 4948 4 0 24.2152944 30.326 0
15237 4948 3 0 24.9207056 30.326 -2.13122
15238 4948 3 0 22.0272944 31.983 -2.13122
15239 4948 4 0 22.7327056 31.983 0
15240 4948 4 0 24.2152944 33.64 0
15241 4948 3 0 24.9207056 33.64 -2.13122
15242 4948 3 0 22.0272944 35.297 -2.13122
15243 4948 4 0 22.7327056 35.297 0
15244 4948 4 0 24.2152944 36.954 0
15245 4948 3 0 24.9207056 36.954 -2.13122
15246 4948 3 0 22.0272944 38.611 -2.13122
15247 4948 4 0 22.7327056 38.611 0
15248 4948 4 0 24.2152944 40.268 0
15249 4948 3 0 24.9207056 40.268 -2.13122
15250 4948 3 0 22.0272944 41.925 -2.13122
15251 4948 4 0 22.7327056 41.925 0
15252 4948 4 0 24.2152944 43.582 0
15253 4948 3 0 24.9207056 43.582 -2.13122
15254 4948 3 0 22.0272944 45.239 -2.13122
15255 4948 4 0 22.7327056 45.239 0
15256 4948 4 0 24.2152944 46.896 0
15257 4948 3 0 24.9207056 46.896 -2.13122
15258 4948 3 0 22.0272944 48.553 -2.13122
15259 4948 4 0 22.7327056 48.553 0
15260 4948 4 0 24.2152944 50.21 0
15261 4948 3 0 24.9207056 50.21 -2.13122
15262 4948 3 0 22.0272944 51.867 -2.13122
15263 4948 4 0 22.7327056 51.867 0
15264 4948 4 0 24.2152944 53.524 0
15265 4948 3 0 24.9207056 53.524 -2.13122
15266 4948 3 0 22.0272944 55.181 -2.13122
15267 4948 4 0 22.7327056 55.181 0
15268 4948 4 0 24.2152944 56.838 0
15269 4948 3 0 24.9207056 56.838 -2.13122
15270 4948 3 0 22.0272944 58.495 -2.13122
15271 4948 4 0 22.7327056 58.495 0
15272 4948 4 0 24.2152944 60.152 0
15273 4948 3 0 24.9207056 60.152 -2.13122
15274 4948 3 0 26.4032944 2.157 -2.13122
15275 4948 4 0 27.1087056 2.157 0
15276 4948 4 0 28.5912944 3.814 0
15277 4948 3 0 29.2967056 3.814 -2.13122
15278 4948 3 0 26.4032944 5.471 -2.13122
15279 4948 4 0 27.1087056 5.471 0
15280 4948 4 0 28.5912944 7.128 0
15281 4948 3 0 29.2967056 7.128 -2.13122
15282 4948 3 0 26.4032944 8.785 -2.13122
15283 4948 4 0 27.1087056 8.785 0
15284 4948 4 0 28.5912944 10.442 0
15285 4948 3 0 29.2967056 10.442 -2.13122
15286 4948 3 0 26.4032944 12.099 -2.13122
15287 4948 4 0 27.1087056 12.099 0
15288 4948 4 0 28.5912944 13.756 0
15289 4948 3 0 29.2967056 13.756 -2.13122
15290 4948 3 0 26.4032944 15.413 -2.13122
15291 4948 4 0 27.1087056 15.413 0
15292 4948 4 0 28.5912944 17.07 0
15293 4948 3 0 29.2967056 17.07 -2.13122
15294 4948 3 0 26.4032944 18.727 -2.13122
15295 4948 4 0 27.1087056 18.727 0
15296 4948 4 0 28.5912944 20.384 0
15297 4948 3 0 29.2967056 20.384 -2.13122
15298 4948 3 0 26.4032944 22.041 -2.13122
15299 4948 4 0 27.1087056 22.041 0
15300 4948 4 0 28.5912944 23.698 0
15301 4948 3 0 29.2967056 23.698 -2.13122
15302 4948 3 0 26.4032944 25.355 -2.13122
15303 4948 4 0 27.1087056 25.355 0
15304 4948 4 0 28.5912944 27.012 0
15305 4948 3 0 29.2967056 27.012 -2.13122
15306 4948 3 0 26.4032944 28.669 -2.13122
15307 4948 4 0 27.1087056 28.669 0
15308 4948 4 0 28.5912944 30.326 0
15309 4948 3 0 29.2967056 30.326 -2.13122
15310 4948 3 0 26.4032944 31.983 -2.13122
15311 4948 4 0 27.1087056 31.983 0
15312 4948 4 0 28.5912944 33.64 0
15313 4948 3 0 29.2967056 33.64 -2.13122
15314 4948 3 0 26.4032944 35.297 -2.13122
15315 4948 4 0 27.1087056 35.297 0
15316 4948 4 0 28.5912944 36.954 0
15317 4948 3 0 29.2967056 36.954 -2.13122
15318 4948 3 0 26.4032944 38.611 -2.13122
15319 4948 4 0 27.1087056 38.611 0
15320 4948 4 0 28.5912944 40.268 0
15321 4948 3 0 29.2967056 40.268 -2.13122
15322 4948 3 0 26.4032944 41.925 -2.13122
15323 4948 4 0 27.1087056 41.925 0
15324 4948 4 0 28.5912944 43.582 0
15325 4948 3 0 29.2967056 43.582 -2.13122
15326 4948 3 0 26.4032944 45.239 -2.13122
15327 4948 4 0 27.1087056 45.239 0
15328 4948 4 0 28.5912944 46.896 0
15329 4948 3 0 29.2967056 46.896 -2.13122
15330 4948 3 0 26.4032944 48.553 -2.13122
15331 4948 4 0 27.1087056 48.553 0
15332 4948 4 0 28.5912944 50.21 0
15333 4948 3 0 29.2967056 50.21 -2.13122
15334 4948 3 0 26.4032944 51.867 -2.13122
15335 4948 4 0 27.1087056 51.867 0
15336 4948 4 0 28.5912944 53.524 0
15337 4948 3 0 29.2967056 53.524 -2.13122
15338 4948 3 0 26.4032944 55.181 -2.13122
15339 4948 4 0 27.1087056 55.181 0
15340 4948 4 0 28.5912944 56.838 0
15341 4948 3 0 29.2967056 56.838 -2.13122
15342 4948 3 0 26.4032944 58.495 -2.13122
15343 4948 4 0 27.1087056 58.495 0
15344 4948 4 0 28.5912944 60.152 0
15345 4948 3 0 29.2967056 60.152 -2.13122
15346 4948 3 0 30.7792944 2.157 -2.13122
15347 4948 4 0 31.4847056 2.157 0
15348 4948 4 0 32.9672944 3.814 0
15349 4948 3 0 33.6727056 3.814 -2.13122
15350 4948 3 0 30.7792944 5.471 -2.13122
15351 4948 4 0 31.4847056 5.471 0
15352 4948 4 0 32.9672944 7.128 0
15353 4948 3 0 33.6727056 7.128 -2.13122
15354 4948 3 0 30.7792944 8.785 -2.13122
15355 4948 4 0 31.4847056 8.785 0
15356 4948 4 0 32.9672944 10.442 0
15357 4948 3 0 33.6727056 10.442 -2.13122
15358 4948 3 0 30.7792944 12.099 -2.13122
15359 4948 4 0 31.4847056 12.099 0
15360 4948 4 0 32.9672944 13.756 0
15361 4948 3 0 33.6727056 13.756 -2.13122
15362 4948 3 0 30.7792944 15.413 -2.13122
15363 4948 4 0 31.4847056 15.413 0
15364 4948 4 0 32.9672944 17.07 0
15365 4948 3 0 33.6727056 17.07 -2.13122
15366 4948 3 0 30.7792944 18.727 -2.13122
15367 4948 4 0 31.4847056 18.727 0
15368 4948 4 0 32.9672944 20.384 0
15369 4948 3 0 33.6727056 20.384 -2.13122
15370 4948 3 0 30.7792944 22.041 -2.13122
15371 4948 4 0 31.4847056 22.041 0
15372 4948 4 0 32.9672944 23.698 0
15373 4948 3 0 33.6727056 23.698 -2.13122
15374 4948 3 0 30.7792944 25.355 -2.13122
15375 4948 4 0 31.4847056 25.355 0
15376 4948 4 0 32.9672944 27.012 0
15377 4948 3 0 33.6727056 27.012 -2.13122
15378 4948 3 0 30.7792944 28.669 -2.13122
15379 4948 4 0 31.4847056 28.669 0
15380 4948 4 0 32.9672944 30.326 0
15381 4948 3 0 33.6727056 30.326 -2.13122
15382 4948 3 0 30.7792944 31.983 -2.13122
15383 4948 4 0 31.4847056 31.983 0
15384 4948 4 0 32.9672944 33.64 0
15385 4948 3 0 33.6727056 33.64 -2.13122
15386 4948 3 0 30.7792944 35.297 -2.13122
15387 4948 4 0 31.4847056 35.297 0
15388 4948 4 0 32.9672944 36.954 0
15389 4948 3 0 33.6727056 36.954 -2.13122
15390 4948 3 0 30.7792944 38.611 -2.13122
15391 4948 4 0 31.4847056 38.611 0
15392 4948 4 0 32.9672944 40.268 0
15393 4948 3 0 33.6727056 40.268 -2.13122
15394 4948 3 0 30.7792944 41.925 -2.13122
15395 4948 4 0 31.4847056 41.925 0
15396 4948 4 0 32.9672944 43.582 0
15397 4948 3 0 33.6727056 43.582 -2.13122
15398 4948 3 0 30.7792944 45.239 -2.13122
15399 4948 4 0 31.4847056 45.239 0
15400 4948 4 0 32.9672944 46.896 0
15401 4948 3 0 33.6727056 46.896 -2.13122
15402 4948 3 0 30.7792944 48.553 -2.13122
15403 4948 4 0 31.4847056 48.553 0
15404 4948 4 0 32.9672944 50.21 0
15405 4948 3 0 33.6727056 50.21 -2.13122
15406 4948 3 0 30.7792944 51.867 -2.13122
15407 4948 4 0 31.4847056 51.867 0
15408 4948 4 0 32.9672944 53.524 0
15409 4948 3 0 33.6727056 53.524 -2.13122
15410 4948 3 0 30.7792944 55.181 -2.13122
15411 4948 4 0 31.4847056 55.181 0
15412 4948 4 0 32.9672944 56.838 0
15413 4948 3 0 33.6727056 56.838 -2.13122
15414 4948 3 0 30.7792944 58.495 -2.13122
15415 4948 4 0 31.4847056 58.495 0
15416 4948 4 0 32.9672944 60.152 0
15417 4948 3 0 33.6727056 60.152 -2.13122
15418 4948 3 0 35.1552944 2.157 -2.13122
15419 4948 4 0 35.8607056 2.157 0
15420 4948 4 0 37.3432944 3.814 0
15421 4948 3 0 38.0487056 3.814 -2.13122
15422 4948 3 0 35.1552944 5.471 -2.13122
15423 4948 4 0 35.8607056 5.471 0
15424 4948 4 0 37.3432944 7.128 0
15425 4948 3 0 38.0487056 7.128 -2.13122
15426 4948 3 0 35.1552944 8.785 -2.13122
15427 4948 4 0 35.8607056 8.785 0
15428 4948 4 0 37.3432944 10.442 0
15429 4948 3 0 38.0487056 10.442 -2.13122
15430 4948 3 0 35.1552944 12.099 -2.13122
15431 4948 4 0 35.8607056 12.099 0
15432 4948 4 0 37.3432944 13.756 0
15433 4948 3 0 38.0487056 13.756 -2.13122
15434 4948 3 0 35.1552944 15.413 -2.13122
15435 4948 4 0 35.8607056 15.413 0
15436 4948 4 0 37.3432944 17.07 0
15437 4948 3 0 38.0487056 17.07 -2.13122
15438 4948 3 0 35.1552944 18.727 -2.13122
15439 4948 4 0 35.8607056 18.727 0
15440 4948 4 0 37.3432944 20.384 0
15441 4948 3 0 38.0487056 20.384 -2.13122
15442 4948 3 0 35.1552944 22.041 -2.13122
15443 4948 4 0 35.8607056 22.041 0
15444 4948 4 0 37.3432944 23.698 0
15445 4948 3 0 38.0487056 23.698 -2.13122
15446 4948 3 0 35.1552944 25.355 -2.13122
15447 4948 4 0 35.8607056 25.355 0
15448 4948 4 0 37.3432944 27.012 0
15449 4948 3 0 38.0487056 27.012 -2.13122
15450 4948 3 0 35.1552944 28.669 -2.13122
15451 4948 4 0 35.8607056 28.669 0
15452 4948 4 0 37.3432944 30.326 0
15453 4948 3 0 38.0487056 30.326 -2.13122
15454 4948 3 0 35.1552944 31.983 -2.13122
15455 4948 4 0 35.8607056 31.983 0
15456 4948 4 0 37.3432944 33.64 0
15457 4948 3 0 38.0487056 33.64 -2.13122
15458 4948 3 0 35.1552944 35.297 -2.13122
15459 4948 4 0 35.8607056 35.297 0
15460 4948 4 0 37.3432944 36.954 0
15461 4948 3 0 38.0487056 36.954 -2.13122
15462 4948 3 0 35.1552944 38.611 -2.13122
15463 4948 4 0 35.8607056 38.611 0
15464 4948 4 0 37.3432944 40.268 0
15465 4948 3 0 38.0487056 40.268 -2.13122
15466 4948 3 0 35.1552944 41.925 -2.13122
15467 4948 4 0 35.8607056 41.925 0
15468 4948 4 0 37.3432944 43.582 0
15469 4948 3 0 38.0487056 43.582 -2.13122
15470 4948 3 0 35.1552944 45.239 -2.13122
15471 4948 4 0 35.8607056 45.239 0
15472 4948 4 0 37.3432944 46.896 0
15473 4948 3 0 38.0487056 46.896 -2.13122
15474 4948 3 0 35.1552944 48.553 -2.13122
15475 4948 4 0 35.8607056 48.553 0
15476 4948 4 0 37.3432944 50.21 0
15477 4948 3 0 38.0487056 50.21 -2.13122
15478 4948 3 0 35.1552944 51.867 -2.13122
15479 4948 4 0 35.8607056 51.867 0
15480 4948 4 0 37.3432944 53.524 0
15481 4948 3 0 38.0487056 53.524 -2.13122
15482 4948 3 0 35.1552944 55.181 -2.13122
15483 4948 4 0 35.8607056 55.181 0
15484 4948 4 0 37.3432944 56.838 0
15485 4948 3 0 38.0487056 56.838 -2.13122
15486 4948 3 0 35.1552944 58.495 -2.13122
15487 4948 4 0 35.8607056 58.495 0
15488 4948 4 0 37.3432944 60.152 0
15489 4948 3 0 38.0487056 60.152 -2.13122
15490 4948 3 0 39.5312944 2.157 -2.13122
15491 4948 4 0 40.2367056 2.157 0
15492 4948 4 0 41.7192944 3.814 0
15493 4948 3 0 42.4247056 3.814 -2.13122
15494 4948 3 0 39.5312944 5.471 -2.13122
15495 4948 4 0 40.2367056 5.471 0
15496 4948 4 0 41.7192944 7.128 0
15497 4948 3 0 42.4247056 7.128 -2.13122
15498 4948 3 0 39.5312944 8.785 -2.13122
15499 4948 4 0 40.2367056 8.785 0
15500 4948 4 0 41.7192944 10.442 0
15501 4948 3 0 42.4247056 10.442 -2.13122
15502 4948 3 0 39.5312944 12.099 -2.13122
15503 4948 4 0 40.2367056 12.099 0
15504 4948 4 0 41.7192944 13.756 0
15505 4948 3 0 42.4247056 13.756 -2.13122
15506 4948 3 0 39.5312944 15.413 -2.13122
15507 4948 4 0 40.2367056 15.413 0
15508 4948 4 0 41.7192944 17.07 0
15509 4948 3 0 42.4247056 17.07 -2.13122
15510 4948 3 0 39.5312944 18.727 -2.13122
15511 4948 4 0 40.2367056 18.727 0
15512 4948 4 0 41.7192944 20.384 0
15513 4948 3 0 42.4247056 20.384 -2.13122
15514 4948 3 0 39.5312944 22.041 -2.13122
15515 4948 4 0 40.2367056 22.041 0
15516 4948 4 0 41.7192944 23.698 0
15517 4948 3 0 42.4247056 23.698 -2.13122
15518 4948 3 0 39.5312944 25.355 -2.13122
15519 4948 4 0 40.2367056 25.355 0
15520 4948 4 0 41.7192944 27.012 0
15521 4948 3 0 42.4247056 27.012 -2.13122
15522 4948 3 0 39.5312944 28.669 -2.13122
15523 4948 4 0 40.2367056 28.669 0
15524 4948 4 0 41.7192944 30.326 0
15525 4948 3 0 42.4247056 30.326 -2.13122
15526 4948 3 0 39.5312944 31.983 -2.13122
15527 4948 4 0 40.2367056 31.983 0
15528 4948 4 0 41.7192944 33.64 0
15529 4948 3 0 42.4247056 33.64 -2.13122
15530 4948 3 0 39.5312944 35.297 -2.13122
15531 4948 4 0 40.2367056 35.297 0
15532 4948 4 0 41.7192944 36.954 0
15533 4948 3 0 42.4247056 36.954 -2.13122
15534 4948 3 0 39.5312944 38.611 -2.13122
15535 4948 4 0 40.2367056 38.611 0
15536 4948 4 0 41.7192944 40.268 0
15537 4948 3 0 42.4247056 40.268 -2.13122
15538 4948 3 0 39.5312944 41.925 -2.13122
15539 4948 4 0 40.2367056 41.925 0
15540 4948 4 0 41.7192944 43.582 0
15541 4948 3 0 42.4247056 43.582 -2.13122
15542 4948 3 0 39.5312944 45.239 -2.13122
15543 4948 4 0 40.2367056 45.239 0
15544 4948 4 0 41.7192944 46.896 0
15545 4948 3 0 42.4247056 46.896 -2.13122
15546 4948 3 0 39.5312944 48.553 -2.13122
15547 4948 4 0 40.2367056 48.553 0
15548 4948 4 0 41.7192944 50.21 0
15549 4948 3 0 42.4247056 50.21 -2.13122
15550 4948 3 0 39.5312944 51.867 -2.13122
15551 4948 4 0 40.2367056 51.867 0
15552 4948 4 0 41.7192944 53.524 0
15553 4948 3 0 42.4247056 53.524 -2.13122
15554 4948 3 0 39.5312944 55.181 -2.13122
15555 4948 4 0 40.2367056 55.181 0
15556 4948 4 0 41.7192944 56.838 0
15557 4948 3 0 42.4247056 56.838 -2.13122
15558 4948 3 0 39.5312944 58.495 -2.13122
15559 4948 4 0 40.2367056 58.495 0
15560 4948 4 0 41.7192944 60.152 0
15561 4948 3 0 42.4247056 60.152 -2.13122
15562 4948 3 0 43.9072944 2.157 -2.13122
15563 4948 4 0 44.6127056 2.157 0
15564 4948 4 0 46.0952944 3.814 0
15565 4948 3 0 46.8007056 3.814 -2.13122
15566 4948 3 0 43.9072944 5.471 -2.13122
15567 4948 4 0 44.6127056 5.471 0
15568 4948 4 0 46.0952944 7.128 0
15569 4948 3 0 46.8007056 7.128 -2.13122
15570 4948 3 0 43.9072944 8.785 -2.13122
15571 4948 4 0 44.6127056 8.785 0
15572 4948 4 0 46.0952944 10.442 0
15573 4948 3 0 46.8007056 10.442 -2.13122
15574 4948 3 0 43.9072944 12.099 -2.13122
15575 4948 4 0 44.6127056 12.099 0
15576 4948 4 0 46.0952944 13.756 0
15577 4948 3 0 46.8007056 13.756 -2.13122
15578 4948 3 0 43.9072944 15.413 -2.13122
15579 4948 4 0 44.6127056 15.413 0
15580 4948 4 0 46.0952944 17.07 0
15581 4948 3 0 46.8007056 17.07 -2.13122
15582 4948 3 0 43.9072944 18.727 -2.13122
15583 4948 4 0 44.6127056 18.727 0
15584 4948 4 0 46.0952944 20.384 0
15585 4948 3 0 46.8007056 20.384 -2.13122
15586 4948 3 0 43.9072944 22.041 -2.13122
15587 4948 4 0 44.6127056 22.041 0
15588 4948 4 0 46.0952944 23.698 0
15589 4948 3 0 46.8007056 23.698 -2.13122
15590 4948 3 0 43.9072944 25.355 -2.13122
15591 4948 4 0 44.6127056 25.355 0
15592 4948 4 0 46.0952944 27.012 0
15593 4948 3 0 46.8007056 27.012 -2.13122
15594 4948 3 0 43.9072944 28.669 -2.13122
15595 4948 4 0 44.6127056 28.669 0
15596 4948 4 0 46.0952944 30.326 0
15597 4948 3 0 46.8007056 30.326 -2.13122
15598 4948 3 0 43.9072944 31.983 -2.13122
15599 4948 4 0 44.6127056 31.983 0
15600 4948 4 0 46.0952944 33.64 0
15601 4948 3 0 46.8007056 33.64 -2.13122
15602 4948 3 0 43.9072944 35.297 -2.13122
15603 4948 4 0 44.6127056 35.297 0
15604 4948 4 0 46.0952944 36.954 0
15605 4948 3 0 46.8007056 36.954 -2.13122
15606 4948 3 0 43.9072944 38.611 -2.13122
15607 4948 4 0 44.6127056 38.611 0
15608 4948 4 0 46.0952944 40.268 0
15609 4948 3 0 46.8007056 40.268 -2.13122
15610 4948 3 0 43.9072944 41.925 -2.13122
15611 4948 4 0 44.6127056 41.925 0
15612 4948 4 0 46.0952944 43.582 0
15613 4948 3 0 46.8007056 43.582 -2.13122
15614 4948 3 0 43.9072944 45.239 -2.13122
15615 4948 4 0 44.6127056 45.239 0
15616 4948 4 0 46.0952944 46.896 0
15617 4948 3 0 46.8007056 46.896 -2.13122
15618 4948 3 0 43.9072944 48.553 -2.13122
15619 4948 4 0 44.6127056 48.553 0
15620 4948 4 0 46.0952944 50.21 0
15621 4948 3 0 46.8007056 50.21 -2.13122
15622 4948 3 0 43.9072944 51.867 -2.13122
15623 4948 4 0 44.6127056 51.867 0
15624 4948 4 0 46.0952944 53.524 0
15625 4948 3 0 46.8007056 53.524 -2.13122
15626 4948 3 0 43.9072944 55.181 -2.13122
15627 4948 4 0 44.6127056 55.181 0
15628 4948 4 0 46.0952944 56.838 0
15629 4948 3 0 46.8007056 56.838 -2.13122
15630 4948 3 0 43.9072944 58.495 -2.13122
15631 4948 4 0 44.6127056 58.495 0
15632 4948 4 0 46.0952944 60.152 0
15633 4948 3 0 46.8007056 60.152 -2.13122
15634 4948 3 0 48.2832944 2.157 -2.13122
15635 4948 4 0 48.9887056 2.157 0
15636 4948 4 0 50.4712944 3.814 0
15637 4948 3 0 51.1767056 3.814 -2.13122
15638 4948 3 0 48.2832944 5.471 -2.13122
15639 4948 4 0 48.9887056 5.471 0
15640 4948 4 0 50.4712944 7.128 0
15641 4948 3 0 51.1767056 7.128 -2.13122
15642 4948 3 0 48.2832944 8.785 -2.13122
15643 4948 4 0 48.9887056 8.785 0
15644 4948 4 0 50.4712944 10.442 0
15645 4948 3 0 51.1767056 10.442 -2.13122
15646 4948 3 0 48.2832944 12.099 -2.13122
15647 4948 4 0 48.9887056 12.099 0
15648 4948 4 0 50.4712944 13.756 0
15649 4948 3 0 51.1767056 13.756 -2.13122
15650 4948 3 0 48.2832944 15.413 -2.13122
15651 4948 4 0 48.9887056 15.413 0
15652 4948 4 0 50.4712944 17.07 0
15653 4948 3 0 51.1767056 17.07 -2.13122
15654 4948 3 0 48.2832944 18.727 -2.13122
15655 4948 4 0 48.9887056 18.727 0
15656 4948 4 0 50.4712944 20.384 0
15657 4948 3 0 51.1767056 20.384 -2.13122
15658 4948 3 0 48.2832944 22.041 -2.13122
15659 4948 4 0 48.9887056 22.041 0
15660 4948 4 0 50.4712944 23.698 0
15661 4948 3 0 51.1767056 23.698 -2.13122
15662 4948 3 0 48.2832944 25.355 -2.13122
15663 4948 4 0 48.9887056 25.355 0
15664 4948 4 0 50.4712944 27.012 0
15665 4948 3 0 51.1767056 27.012 -2.13122
15666 4948 3 0 48.2832944 28.669 -2.13122
15667 4948 4 0 48.9887056 28.669 0
15668 4948 4 0 50.4712944 30.326 0
15669 4948 3 0 51.1767056 30.326 -2.13122
15670 4948 3 0 48.2832944 31.983 -2.13122
15671 4948 4 0 48.9887056 31.983 0
15672 4948 4 0 50.4712944 33.64 0
15673 4948 3 0 51.1767056 33.64 -2.13122
15674 4948 3 0 48.2832944 35.297 -2.13122
15675 4948 4 0 48.9887056 35.297 0
15676 4948 4 0 50.4712944 36.954 0
15677 4948 3 0 51.1767056 36.954 -2.13122
15678 4948 3 0 48.2832944 38.611 -2.13122
15679 4948 4 0 48.9887056 38.611 0
15680 4948 4 0 50.4712944 40.268 0
15681 4948 3 0 51.1767056 40.268 -2.13122
15682 4948 3 0 48.2832944 41.925 -2.13122
15683 4948 4 0 48.9887056 41.925 0
15684 4948 4 0 50.4712944 43.582 0
15685 4948 3 0 51.1767056 43.582 -2.13122
15686 4948 3 0 48.2832944 45.239 -2.13122
15687 4948 4 0 48.9887056 45.239 0
15688 4948 4 0 50.4712944 46.896 0
15689 4948 3 0 51.1767056 46.896 -2.13122
15690 4948 3 0 48.2832944 48.553 -2.13122
15691 4948 4 0 48.9887056 48.553 0
15692 4948 4 0 50.4712944 50.21 0
15693 4948 3 0 51.1767056 50.21 -2.13122
15694 4948 3 0 48.2832944 51.867 -2.13122
15695 4948 4 0 48.9887056 51.867 0
15696 4948 4 0 50.4712944 53.524 0
15697 4948 3 0 51.1767056 53.524 -2.13122
15698 4948 3 0 48.2832944 55.181 -2.13122
15699 4948 4 0 48.9887056 55.181 0
15700 4948 4 0 50.4712944 56.838 0
15701 4948 3 0 51.1767056 56.838 -2.13122
15702 4948 3 0 48.2832944 58.495 -2.13122
15703 4948 4 0 48.9887056 58.495 0
15704 4948 4 0 50.4712944 60.152 0
15705 4948 3 0 51.1767056 60.152 -2.13122
15706 4948 3 0 52.6592944 2.157 -2.13122
15707 4948 4 0 53.3647056 2.157 0
15708 4948 4 0 54.8472944 3.814 0
15709 4948 3 0 55.5527056 3.814 -2.13122
15710 4948 3 0 52.6592944 5.471 -2.13122
15711 4948 4 0 53.3647056 5.471 0
15712 4948 4 0 54.8472944 7.128 0
15713 4948 3 0 55.5527056 7.128 -2.13122
15714 4948 3 0 52.6592944 8.785 -2.13122
15715 4948 4 0 53.3647056 8.785 0
15716 4948 4 0 54.8472944 10.442 0
15717 4948 3 0 55.5527056 10.442 -2.13122
15718 4948 3 0 52.6592944 12.099 -2.13122
15719 4948 4 0 53.3647056 12.099 0
15720 4948 4 0 54.8472944 13.756 0
15721 4948 3 0 55.5527056 13.756 -2.13122
15722 4948 3 0 52.6592944 15.413 -2.13122
15723 4948 4 0 53.3647056 15.413 0
15724 4948 4 0 54.8472944 17.07 0
15725 4948 3 0 55.5527056 17.07 -2.13122
15726 4948 3 0 52.6592944 18.727 -2.13122
15727 4948 4 0 53.3647056 18.727 0
15728 4948 4 0 54.8472944 20.384 0
15729 4948 3 0 55.5527056 20.384 -2.13122
15730 4948 3 0 52.6592944 22.041 -2.13122
15731 4948 4 0 53.3647056 22.041 0
15732 4948 4 0 54.8472944 23.698 0
15733 4948 3 0 55.5527056 23.698 -2.13122
15734 4948 3 0 52.6592944 25.355 -2.13122
15735 4948 4 0 53.3647056 25.355 0
15736 4948 4 0 54.8472944 27.012 0
15737 4948 3 0 55.5527056 27.012 -2.13122
15738 4948 3 0 52.6592944 28.669 -2.13122
15739 4948 4 0 53.3647056 28.669 0
15740 4948 4 0 54.8472944 30.326 0
15741 4948 3 0 55.5527056 30.326 -2.13122
15742 4948 3 0 52.6592944 31.983 -2.13122
15743 4948 4 0 53.3647056 31.983 0
15744 4948 4 0 54.8472944 33.64 0
15745 4948 3 0 55.5527056 33.64 -2.13122
15746 4948 3 0 52.6592944 35.297 -2.13122
15747 4948 4 0 53.3647056 35.297 0
15748 4948 4 0 54.8472944 36.954 0
15749 4948 3 0 55.5527056 36.954 -2.13122
15750 4948 3 0 52.6592944 38.611 -2.13122
15751 4948 4 0 53.3647056 38.611 0
15752 4948 4 0 54.8472944 40.268 0
15753 4948 3 0 55.5527056 40.268 -2.13122
15754 4948 3 0 52.6592944 41.925 -2.13122
15755 4948 4 0 53.3647056 41.925 0
15756 4948 4 0 54.8472944 43.582 0
15757 4948 3 0 55.5527056 43.582 -2.13122
15758 4948 3 0 52.6592944 45.239 -2.13122
15759 4948 4 0 53.3647056 45.239 0
15760 4948 4 0 54.8472944 46.896 0
15761 4948 3 0 55.5527056 46.896 -2.13122
15762 4948 3 0 52.6592944 48.553 -2.13122
15763 4948 4 0 53.3647056 48.553 0
15764 4948 4 0 54.8472944 50.21 0
15765 4948 3 0 55.5527056 50.21 -2.13122
15766 4948 3 0 52.6592944 51.867 -2.13122
15767 4948 4 0 53.3647056 51.867 0
15768 4948 4 0 54.8472944 53.524 0
15769 4948 3 0 55.5527056 53.524 -2.13122
15770 4948 3 0 52.6592944 55.181 -2.13122
15771 4948 4 0 53.3647056 55.181 0
15772 4948 4 0 54.8472944 56.838 0
15773 4948 3 0 55.5527056 56.838 -2.13122
15774 4948 3 0 52.6592944 58.495 -2.13122
15775 4948 4 0 53.3647056 58.495 0
15776 4948 4 0 54.8472944 60.152 0
15777 4948 3 0 55.5527056 60.152 -2.13122
15778 4948 3 0 57.0352944 2.157 -2.13122
15779 4948 4 0 57.7407056 2.157 0
15780 4948 4 0 59.2232944 3.814 0
15781 4948 3 0 59.9287056 3.814 -2.13122
15782 4948 3 0 57.0352944 5.471 -2.13122
15783 4948 4 0 57.7407056 5.471 0
15784 4948 4 0 59.2232944 7.128 0
15785 4948 3 0 59.9287056 7.128 -2.13122
15786 4948 3 0 57.0352944 8.785 -2.13122
15787 4948 4 0 57.7407056 8.785 0
15788 4948 4 0 59.2232944 10.442 0
15789 4948 3 0 59.9287056 10.442 -2.13122
15790 4948 3 0 57.0352944 12.099 -2.13122
15791 4948 4 0 57.7407056 12.099 0
15792 4948 4 0 59.2232944 13.756 0
15793 4948 3 0 59.9287056 13.756 -2.13122
15794 4948 3 0 57.0352944 15.413 -2.13122
15795 4948 4 0 57.7407056 15.413 0
15796 4948 4 0 59.2232944 17.07 0
15797 4948 3 0 59.9287056 17.07 -2.13122
15798 4948 3 0 57.0352944 18.727 -2.13122
15799 4948 4 0 57.7407056 18.727 0
15800 4948 4 0 59.2232944 20.384 0
15801 4948 3 0 59.9287056 20.384 -2.13122
15802 4948 3 0 57.0352944 22.041 -2.13122
15803 4948 4 0 57.7407056 22.041 0
15804 4948 4 0 59.2232944 23.698 0
15805 4948 3 0 59.9287056 23.698 -2.13122
15806 4948 3 0 57.0352944 25.355 -2.13122
15807 4948 4 0 57.7407056 25.355 0
15808 4948 4 0 59.2232944 27.012 0
15809 4948 3 0 59.9287056 27.012 -2.13122
15810 4948 3 0 57.0352944 28.669 -2.13122
15811 4948 4 0 57.7407056 28.669 0
15812 4948 4 0 59.2232944 30.326 0
15813 4948 3 0 59.9287056 30.326 -2.13122
15814 4948 3 0 57.0352944 31.983 -2.13122
15815 4948 4 0 57.7407056 31.983 0
15816 4948 4 0 59.2232944 33.64 0
15817 4948 3 0 59.9287056 33.64 -2.13122
15818 4948 3 0 57.0352944 35.297 -2.13122
15819 4948 4 0 57.7407056 35.297 0
15820 4948 4 0 59.2232944 36.954 0
15821 4948 3 0 59.9287056 36.954 -2.13122
15822 4948 3 0 57.0352944 38.611 -2.13122
15823 4948 4 0 57.7407056 38.611 0
15824 4948 4 0 59.2232944 40.268 0
15825 4948 3 0 59.9287056 40.268 -2.13122
15826 4948 3 0 57.0352944 41.925 -2.13122
15827 4948 4 0 57.7407056 41.925 0
15828 4948 4 0 59.2232944 43.582 0
15829 4948 3 0 59.9287056 43.582 -2.13122
15830 4948 3 0 57.0352944 45.239 -2.13122
15831 4948 4 0 57.7407056 45.239 0
15832 4948 4 0 59.2232944 46.896 0
15833 4948 3 0 59.9287056 46.896 -2.13122
15834 4948 3 0 57.0352944 48.553 -2.13122
15835 4948 4 0 57.7407056 48.553 0
15836 4948 4 0 59.2232944 50.21 0
15837 4948 3 0 59.9287056 50.21 -2.13122
15838 4948 3 0 57.0352944 51.867 -2.13122
15839 4948 4 0 57.7407056 51.867 0
15840 4948 4 0 59.2232944 53.524 0
15841 4948 3 0 59.9287056 53.524 -2.13122
15842 4948 3 0 57.0352944 55.181 -2.13122
15843 4948 4 0 57.7407056 55.181 0
15844 4948 4 0 59.2232944 56.838 0
15845 4948 3 0 59.9287056 56.838 -2.13122
15846 4948 3 0 57.0352944 58.495 -2.13122
15847 4948 4 0 57.7407056 58.495 0
15848 4948 4 0 59.2232944 60.152 0
15849 4948 3 0 59.9287056 60.152 -2.13122
