9028	2511	3	0	0	0	20
9029	2511	3	0	-1.228024	0.709	20
9030	2511	3	0	-1.228024	2.127	20
9031	2511	3	0	0	2.836	20
9032	2511	3	0	2.456048	0	20
9033	2511	3	0	1.228024	0.709	20
9034	2511	3	0	1.228024	2.127	20
9035	2511	3	0	2.456048	2.836	20
9036	2511	3	0	4.912096	0	20
9037	2511	3	0	3.684072	0.709	20
9038	2511	3	0	3.684072	2.127	20
9039	2511	3	0	4.912096	2.836	20
9040	2511	3	0	7.368144	0	20
9041	2511	3	0	6.14012	0.709	20
9042	2511	3	0	6.14012	2.127	20
9043	2511	3	0	7.368144	2.836	20
9044	2511	3	0	9.824192	0	20
9045	2511	3	0	8.596169	0.709	20
9046	2511	3	0	8.596169	2.127	20
9047	2511	3	0	9.824192	2.836	20
9048	2511	3	0	12.28024	0	20
9049	2511	3	0	11.052217	0.709	20
9050	2511	3	0	11.052217	2.127	20
9051	2511	3	0	12.28024	2.836	20
9052	2511	3	0	14.736288	0	20
9053	2511	3	0	13.508265	0.709	20
9054	2511	3	0	13.508265	2.127	20
9055	2511	3	0	14.736288	2.836	20
9056	2511	3	0	17.192337	0	20
9057	2511	3	0	15.964313	0.709	20
9058	2511	3	0	15.964313	2.127	20
9059	2511	3	0	17.192337	2.836	20
9060	2511	3	0	19.648384	0	20
9061	2511	3	0	18.420361	0.709	20
9062	2511	3	0	18.420361	2.127	20
9063	2511	3	0	19.648384	2.836	20
9064	2511	3	0	22.104433	0	20
9065	2511	3	0	20.876408	0.709	20
9066	2511	3	0	20.876408	2.127	20
9067	2511	3	0	22.104433	2.836	20
9068	2511	3	0	24.56048	0	20
9069	2511	3	0	23.332457	0.709	20
9070	2511	3	0	23.332457	2.127	20
9071	2511	3	0	24.56048	2.836	20
9072	2511	3	0	27.016529	0	20
9073	2511	3	0	25.788504	0.709	20
9074	2511	3	0	25.788504	2.127	20
9075	2511	3	0	27.016529	2.836	20
9076	2511	3	0	29.472576	0	20
9077	2511	3	0	28.244553	0.709	20
9078	2511	3	0	28.244553	2.127	20
9079	2511	3	0	29.472576	2.836	20
9080	2511	3	0	31.928625	0	20
9081	2511	3	0	30.7006	0.709	20
9082	2511	3	0	30.7006	2.127	20
9083	2511	3	0	31.928625	2.836	20
9084	2511	3	0	34.384674	0	20
9085	2511	3	0	33.156647	0.709	20
9086	2511	3	0	33.156647	2.127	20
9087	2511	3	0	34.384674	2.836	20
9088	2511	3	0	36.840721	0	20
9089	2511	3	0	35.612698	0.709	20
9090	2511	3	0	35.612698	2.127	20
9091	2511	3	0	36.840721	2.836	20
9092	2511	3	0	39.296768	0	20
9093	2511	3	0	38.068745	0.709	20
9094	2511	3	0	38.068745	2.127	20
9095	2511	3	0	39.296768	2.836	20
9096	2511	3	0	41.752815	0	20
9097	2511	3	0	40.524792	0.709	20
9098	2511	3	0	40.524792	2.127	20
9099	2511	3	0	41.752815	2.836	20
9100	2511	3	0	44.208866	0	20
9101	2511	3	0	42.980843	0.709	20
9102	2511	3	0	42.980843	2.127	20
9103	2511	3	0	44.208866	2.836	20
9104	2511	3	0	46.664913	0	20
9105	2511	3	0	45.43689	0.709	20
9106	2511	3	0	45.43689	2.127	20
9107	2511	3	0	46.664913	2.836	20
9108	2511	3	0	49.12096	0	20
9109	2511	3	0	47.892937	0.709	20
9110	2511	3	0	47.892937	2.127	20
9111	2511	3	0	49.12096	2.836	20
9112	2511	3	0	51.577007	0	20
9113	2511	3	0	50.348984	0.709	20
9114	2511	3	0	50.348984	2.127	20
9115	2511	3	0	51.577007	2.836	20
9116	2511	3	0	54.033058	0	20
9117	2511	3	0	52.805035	0.709	20
9118	2511	3	0	52.805035	2.127	20
9119	2511	3	0	54.033058	2.836	20
9120	2511	3	0	56.489105	0	20
9121	2511	3	0	55.261082	0.709	20
9122	2511	3	0	55.261082	2.127	20
9123	2511	3	0	56.489105	2.836	20
9124	2511	3	0	58.945152	0	20
9125	2511	3	0	57.717129	0.709	20
9126	2511	3	0	57.717129	2.127	20
9127	2511	3	0	58.945152	2.836	20
9128	2511	3	0	0	4.254	20
9129	2511	3	0	-1.228024	4.963	20
9130	2511	3	0	-1.228024	6.381	20
9131	2511	3	0	0	7.09	20
9132	2511	3	0	2.456048	4.254	20
9133	2511	3	0	1.228024	4.963	20
9134	2511	3	0	1.228024	6.381	20
9135	2511	3	0	2.456048	7.09	20
9136	2511	3	0	4.912096	4.254	20
9137	2511	3	0	3.684072	4.963	20
9138	2511	3	0	3.684072	6.381	20
9139	2511	3	0	4.912096	7.09	20
9140	2511	3	0	7.368144	4.254	20
9141	2511	3	0	6.14012	4.963	20
9142	2511	3	0	6.14012	6.381	20
9143	2511	3	0	7.368144	7.09	20
9144	2511	3	0	9.824192	4.254	20
9145	2511	3	0	8.596169	4.963	20
9146	2511	3	0	8.596169	6.381	20
9147	2511	3	0	9.824192	7.09	20
9148	2511	3	0	12.28024	4.254	20
9149	2511	3	0	11.052217	4.963	20
9150	2511	3	0	11.052217	6.381	20
9151	2511	3	0	12.28024	7.09	20
9152	2511	3	0	14.736288	4.254	20
9153	2511	3	0	13.508265	4.963	20
9154	2511	3	0	13.508265	6.381	20
9155	2511	3	0	14.736288	7.09	20
9156	2511	3	0	17.192337	4.254	20
9157	2511	3	0	15.964313	4.963	20
9158	2511	3	0	15.964313	6.381	20
9159	2511	3	0	17.192337	7.09	20
9160	2511	3	0	19.648384	4.254	20
9161	2511	3	0	18.420361	4.963	20
9162	2511	3	0	18.420361	6.381	20
9163	2511	3	0	19.648384	7.09	20
9164	2511	3	0	22.104433	4.254	20
9165	2511	3	0	20.876408	4.963	20
9166	2511	3	0	20.876408	6.381	20
9167	2511	3	0	22.104433	7.09	20
9168	2511	3	0	24.56048	4.254	20
9169	2511	3	0	23.332457	4.963	20
9170	2511	3	0	23.332457	6.381	20
9171	2511	3	0	24.56048	7.09	20
9172	2511	3	0	27.016529	4.254	20
9173	2511	3	0	25.788504	4.963	20
9174	2511	3	0	25.788504	6.381	20
9175	2511	3	0	27.016529	7.09	20
9176	2511	3	0	29.472576	4.254	20
9177	2511	3	0	28.244553	4.963	20
9178	2511	3	0	28.244553	6.381	20
9179	2511	3	0	29.472576	7.09	20
9180	2511	3	0	31.928625	4.254	20
9181	2511	3	0	30.7006	4.963	20
9182	2511	3	0	30.7006	6.381	20
9183	2511	3	0	31.928625	7.09	20
9184	2511	3	0	34.384674	4.254	20
9185	2511	3	0	33.156647	4.963	20
9186	2511	3	0	33.156647	6.381	20
9187	2511	3	0	34.384674	7.09	20
9188	2511	3	0	36.840721	4.254	20
9189	2511	3	0	35.612698	4.963	20
9190	2511	3	0	35.612698	6.381	20
9191	2511	3	0	36.840721	7.09	20
9192	2511	3	0	39.296768	4.254	20
9193	2511	3	0	38.068745	4.963	20
9194	2511	3	0	38.068745	6.381	20
9195	2511	3	0	39.296768	7.09	20
9196	2511	3	0	41.752815	4.254	20
9197	2511	3	0	40.524792	4.963	20
9198	2511	3	0	40.524792	6.381	20
9199	2511	3	0	41.752815	7.09	20
9200	2511	3	0	44.208866	4.254	20
9201	2511	3	0	42.980843	4.963	20
9202	2511	3	0	42.980843	6.381	20
9203	2511	3	0	44.208866	7.09	20
9204	2511	3	0	46.664913	4.254	20
9205	2511	3	0	45.43689	4.963	20
9206	2511	3	0	45.43689	6.381	20
9207	2511	3	0	46.664913	7.09	20
9208	2511	3	0	49.12096	4.254	20
9209	2511	3	0	47.892937	4.963	20
9210	2511	3	0	47.892937	6.381	20
9211	2511	3	0	49.12096	7.09	20
9212	2511	3	0	51.577007	4.254	20
9213	2511	3	0	50.348984	4.963	20
9214	2511	3	0	50.348984	6.381	20
9215	2511	3	0	51.577007	7.09	20
9216	2511	3	0	54.033058	4.254	20
9217	2511	3	0	52.805035	4.963	20
9218	2511	3	0	52.805035	6.381	20
9219	2511	3	0	54.033058	7.09	20
9220	2511	3	0	56.489105	4.254	20
9221	2511	3	0	55.261082	4.963	20
9222	2511	3	0	55.261082	6.381	20
9223	2511	3	0	56.489105	7.09	20
9224	2511	3	0	58.945152	4.254	20
9225	2511	3	0	57.717129	4.963	20
9226	2511	3	0	57.717129	6.381	20
9227	2511	3	0	58.945152	7.09	20
9228	2511	3	0	0	8.508	20
9229	2511	3	0	-1.228024	9.217	20
9230	2511	3	0	-1.228024	10.635	20
9231	2511	3	0	0	11.344	20
9232	2511	3	0	2.456048	8.508	20
9233	2511	3	0	1.228024	9.217	20
9234	2511	3	0	1.228024	10.635	20
9235	2511	3	0	2.456048	11.344	20
9236	2511	3	0	4.912096	8.508	20
9237	2511	3	0	3.684072	9.217	20
9238	2511	3	0	3.684072	10.635	20
9239	2511	3	0	4.912096	11.344	20
9240	2511	3	0	7.368144	8.508	20
9241	2511	3	0	6.14012	9.217	20
9242	2511	3	0	6.14012	10.635	20
9243	2511	3	0	7.368144	11.344	20
9244	2511	3	0	9.824192	8.508	20
9245	2511	3	0	8.596169	9.217	20
9246	2511	3	0	8.596169	10.635	20
9247	2511	3	0	9.824192	11.344	20
9248	2511	3	0	12.28024	8.508	20
9249	2511	3	0	11.052217	9.217	20
9250	2511	3	0	11.052217	10.635	20
9251	2511	3	0	12.28024	11.344	20
9252	2511	3	0	14.736288	8.508	20
9253	2511	3	0	13.508265	9.217	20
9254	2511	3	0	13.508265	10.635	20
9255	2511	3	0	14.736288	11.344	20
9256	2511	3	0	17.192337	8.508	20
9257	2511	3	0	15.964313	9.217	20
9258	2511	3	0	15.964313	10.635	20
9259	2511	3	0	17.192337	11.344	20
9260	2511	3	0	19.648384	8.508	20
9261	2511	3	0	18.420361	9.217	20
9262	2511	3	0	18.420361	10.635	20
9263	2511	3	0	19.648384	11.344	20
9264	2511	3	0	22.104433	8.508	20
9265	2511	3	0	20.876408	9.217	20
9266	2511	3	0	20.876408	10.635	20
9267	2511	3	0	22.104433	11.344	20
9268	2511	3	0	24.56048	8.508	20
9269	2511	3	0	23.332457	9.217	20
9270	2511	3	0	23.332457	10.635	20
9271	2511	3	0	24.56048	11.344	20
9272	2511	3	0	27.016529	8.508	20
9273	2511	3	0	25.788504	9.217	20
9274	2511	3	0	25.788504	10.635	20
9275	2511	3	0	27.016529	11.344	20
9276	2511	3	0	29.472576	8.508	20
9277	2511	3	0	28.244553	9.217	20
9278	2511	3	0	28.244553	10.635	20
9279	2511	3	0	29.472576	11.344	20
9280	2511	3	0	31.928625	8.508	20
9281	2511	3	0	30.7006	9.217	20
9282	2511	3	0	30.7006	10.635	20
9283	2511	3	0	31.928625	11.344	20
9284	2511	3	0	34.384674	8.508	20
9285	2511	3	0	33.156647	9.217	20
9286	2511	3	0	33.156647	10.635	20
9287	2511	3	0	34.384674	11.344	20
9288	2511	3	0	36.840721	8.508	20
9289	2511	3	0	35.612698	9.217	20
9290	2511	3	0	35.612698	10.635	20
9291	2511	3	0	36.840721	11.344	20
9292	2511	3	0	39.296768	8.508	20
9293	2511	3	0	38.068745	9.217	20
9294	2511	3	0	38.068745	10.635	20
9295	2511	3	0	39.296768	11.344	20
9296	2511	3	0	41.752815	8.508	20
9297	2511	3	0	40.524792	9.217	20
9298	2511	3	0	40.524792	10.635	20
9299	2511	3	0	41.752815	11.344	20
9300	2511	3	0	44.208866	8.508	20
9301	2511	3	0	42.980843	9.217	20
9302	2511	3	0	42.980843	10.635	20
9303	2511	3	0	44.208866	11.344	20
9304	2511	3	0	46.664913	8.508	20
9305	2511	3	0	45.43689	9.217	20
9306	2511	3	0	45.43689	10.635	20
9307	2511	3	0	46.664913	11.344	20
9308	2511	3	0	49.12096	8.508	20
9309	2511	3	0	47.892937	9.217	20
9310	2511	3	0	47.892937	10.635	20
9311	2511	3	0	49.12096	11.344	20
9312	2511	3	0	51.577007	8.508	20
9313	2511	3	0	50.348984	9.217	20
9314	2511	3	0	50.348984	10.635	20
9315	2511	3	0	51.577007	11.344	20
9316	2511	3	0	54.033058	8.508	20
9317	2511	3	0	52.805035	9.217	20
9318	2511	3	0	52.805035	10.635	20
9319	2511	3	0	54.033058	11.344	20
9320	2511	3	0	56.489105	8.508	20
9321	2511	3	0	55.261082	9.217	20
9322	2511	3	0	55.261082	10.635	20
9323	2511	3	0	56.489105	11.344	20
9324	2511	3	0	58.945152	8.508	20
9325	2511	3	0	57.717129	9.217	20
9326	2511	3	0	57.717129	10.635	20
9327	2511	3	0	58.945152	11.344	20
9328	2511	3	0	0	12.762	20
9329	2511	3	0	-1.228024	13.471	20
9330	2511	3	0	-1.228024	14.889	20
9331	2511	3	0	0	15.598	20
9332	2511	3	0	2.456048	12.762	20
9333	2511	3	0	1.228024	13.471	20
9334	2511	3	0	1.228024	14.889	20
9335	2511	3	0	2.456048	15.598	20
9336	2511	3	0	4.912096	12.762	20
9337	2511	3	0	3.684072	13.471	20
9338	2511	3	0	3.684072	14.889	20
9339	2511	3	0	4.912096	15.598	20
9340	2511	3	0	7.368144	12.762	20
9341	2511	3	0	6.14012	13.471	20
9342	2511	3	0	6.14012	14.889	20
9343	2511	3	0	7.368144	15.598	20
9344	2511	3	0	9.824192	12.762	20
9345	2511	3	0	8.596169	13.471	20
9346	2511	3	0	8.596169	14.889	20
9347	2511	3	0	9.824192	15.598	20
9348	2511	3	0	12.28024	12.762	20
9349	2511	3	0	11.052217	13.471	20
9350	2511	3	0	11.052217	14.889	20
9351	2511	3	0	12.28024	15.598	20
9352	2511	3	0	14.736288	12.762	20
9353	2511	3	0	13.508265	13.471	20
9354	2511	3	0	13.508265	14.889	20
9355	2511	3	0	14.736288	15.598	20
9356	2511	3	0	17.192337	12.762	20
9357	2511	3	0	15.964313	13.471	20
9358	2511	3	0	15.964313	14.889	20
9359	2511	3	0	17.192337	15.598	20
9360	2511	3	0	19.648384	12.762	20
9361	2511	3	0	18.420361	13.471	20
9362	2511	3	0	18.420361	14.889	20
9363	2511	3	0	19.648384	15.598	20
9364	2511	3	0	22.104433	12.762	20
9365	2511	3	0	20.876408	13.471	20
9366	2511	3	0	20.876408	14.889	20
9367	2511	3	0	22.104433	15.598	20
9368	2511	3	0	24.56048	12.762	20
9369	2511	3	0	23.332457	13.471	20
9370	2511	3	0	23.332457	14.889	20
9371	2511	3	0	24.56048	15.598	20
9372	2511	3	0	27.016529	12.762	20
9373	2511	3	0	25.788504	13.471	20
9374	2511	3	0	25.788504	14.889	20
9375	2511	3	0	27.016529	15.598	20
9376	2511	3	0	29.472576	12.762	20
9377	2511	3	0	28.244553	13.471	20
9378	2511	3	0	28.244553	14.889	20
9379	2511	3	0	29.472576	15.598	20
9380	2511	3	0	31.928625	12.762	20
9381	2511	3	0	30.7006	13.471	20
9382	2511	3	0	30.7006	14.889	20
9383	2511	3	0	31.928625	15.598	20
9384	2511	3	0	34.384674	12.762	20
9385	2511	3	0	33.156647	13.471	20
9386	2511	3	0	33.156647	14.889	20
9387	2511	3	0	34.384674	15.598	20
9388	2511	3	0	36.840721	12.762	20
9389	2511	3	0	35.612698	13.471	20
9390	2511	3	0	35.612698	14.889	20
9391	2511	3	0	36.840721	15.598	20
9392	2511	3	0	39.296768	12.762	20
9393	2511	3	0	38.068745	13.471	20
9394	2511	3	0	38.068745	14.889	20
9395	2511	3	0	39.296768	15.598	20
9396	2511	3	0	41.752815	12.762	20
9397	2511	3	0	40.524792	13.471	20
9398	2511	3	0	40.524792	14.889	20
9399	2511	3	0	41.752815	15.598	20
9400	2511	3	0	44.208866	12.762	20
9401	2511	3	0	42.980843	13.471	20
9402	2511	3	0	42.980843	14.889	20
9403	2511	3	0	44.208866	15.598	20
9404	2511	3	0	46.664913	12.762	20
9405	2511	3	0	45.43689	13.471	20
9406	2511	3	0	45.43689	14.889	20
9407	2511	3	0	46.664913	15.598	20
9408	2511	3	0	49.12096	12.762	20
9409	2511	3	0	47.892937	13.471	20
9410	2511	3	0	47.892937	14.889	20
9411	2511	3	0	49.12096	15.598	20
9412	2511	3	0	51.577007	12.762	20
9413	2511	3	0	50.348984	13.471	20
9414	2511	3	0	50.348984	14.889	20
9415	2511	3	0	51.577007	15.598	20
9416	2511	3	0	54.033058	12.762	20
9417	2511	3	0	52.805035	13.471	20
9418	2511	3	0	52.805035	14.889	20
9419	2511	3	0	54.033058	15.598	20
9420	2511	3	0	56.489105	12.762	20
9421	2511	3	0	55.261082	13.471	20
9422	2511	3	0	55.261082	14.889	20
9423	2511	3	0	56.489105	15.598	20
9424	2511	3	0	58.945152	12.762	20
9425	2511	3	0	57.717129	13.471	20
9426	2511	3	0	57.717129	14.889	20
9427	2511	3	0	58.945152	15.598	20
9428	2511	3	0	0	17.016001	20
9429	2511	3	0	-1.228024	17.725	20
9430	2511	3	0	-1.228024	19.143	20
9431	2511	3	0	0	19.851999	20
9432	2511	3	0	2.456048	17.016001	20
9433	2511	3	0	1.228024	17.725	20
9434	2511	3	0	1.228024	19.143	20
9435	2511	3	0	2.456048	19.851999	20
9436	2511	3	0	4.912096	17.016001	20
9437	2511	3	0	3.684072	17.725	20
9438	2511	3	0	3.684072	19.143	20
9439	2511	3	0	4.912096	19.851999	20
9440	2511	3	0	7.368144	17.016001	20
9441	2511	3	0	6.14012	17.725	20
9442	2511	3	0	6.14012	19.143	20
9443	2511	3	0	7.368144	19.851999	20
9444	2511	3	0	9.824192	17.016001	20
9445	2511	3	0	8.596169	17.725	20
9446	2511	3	0	8.596169	19.143	20
9447	2511	3	0	9.824192	19.851999	20
9448	2511	3	0	12.28024	17.016001	20
9449	2511	3	0	11.052217	17.725	20
9450	2511	3	0	11.052217	19.143	20
9451	2511	3	0	12.28024	19.851999	20
9452	2511	3	0	14.736288	17.016001	20
9453	2511	3	0	13.508265	17.725	20
9454	2511	3	0	13.508265	19.143	20
9455	2511	3	0	14.736288	19.851999	20
9456	2511	3	0	17.192337	17.016001	20
9457	2511	3	0	15.964313	17.725	20
9458	2511	3	0	15.964313	19.143	20
9459	2511	3	0	17.192337	19.851999	20
9460	2511	3	0	19.648384	17.016001	20
9461	2511	3	0	18.420361	17.725	20
9462	2511	3	0	18.420361	19.143	20
9463	2511	3	0	19.648384	19.851999	20
9464	2511	3	0	22.104433	17.016001	20
9465	2511	3	0	20.876408	17.725	20
9466	2511	3	0	20.876408	19.143	20
9467	2511	3	0	22.104433	19.851999	20
9468	2511	3	0	24.56048	17.016001	20
9469	2511	3	0	23.332457	17.725	20
9470	2511	3	0	23.332457	19.143	20
9471	2511	3	0	24.56048	19.851999	20
9472	2511	3	0	27.016529	17.016001	20
9473	2511	3	0	25.788504	17.725	20
9474	2511	3	0	25.788504	19.143	20
9475	2511	3	0	27.016529	19.851999	20
9476	2511	3	0	29.472576	17.016001	20
9477	2511	3	0	28.244553	17.725	20
9478	2511	3	0	28.244553	19.143	20
9479	2511	3	0	29.472576	19.851999	20
9480	2511	3	0	31.928625	17.016001	20
9481	2511	3	0	30.7006	17.725	20
9482	2511	3	0	30.7006	19.143	20
9483	2511	3	0	31.928625	19.851999	20
9484	2511	3	0	34.384674	17.016001	20
9485	2511	3	0	33.156647	17.725	20
9486	2511	3	0	33.156647	19.143	20
9487	2511	3	0	34.384674	19.851999	20
9488	2511	3	0	36.840721	17.016001	20
9489	2511	3	0	35.612698	17.725	20
9490	2511	3	0	35.612698	19.143	20
9491	2511	3	0	36.840721	19.851999	20
9492	2511	3	0	39.296768	17.016001	20
9493	2511	3	0	38.068745	17.725	20
9494	2511	3	0	38.068745	19.143	20
9495	2511	3	0	39.296768	19.851999	20
9496	2511	3	0	41.752815	17.016001	20
9497	2511	3	0	40.524792	17.725	20
9498	2511	3	0	40.524792	19.143	20
9499	2511	3	0	41.752815	19.851999	20
9500	2511	3	0	44.208866	17.016001	20
9501	2511	3	0	42.980843	17.725	20
9502	2511	3	0	42.980843	19.143	20
9503	2511	3	0	44.208866	19.851999	20
9504	2511	3	0	46.664913	17.016001	20
9505	2511	3	0	45.43689	17.725	20
9506	2511	3	0	45.43689	19.143	20
9507	2511	3	0	46.664913	19.851999	20
9508	2511	3	0	49.12096	17.016001	20
9509	2511	3	0	47.892937	17.725	20
9510	2511	3	0	47.892937	19.143	20
9511	2511	3	0	49.12096	19.851999	20
9512	2511	3	0	51.577007	17.016001	20
9513	2511	3	0	50.348984	17.725	20
9514	2511	3	0	50.348984	19.143	20
9515	2511	3	0	51.577007	19.851999	20
9516	2511	3	0	54.033058	17.016001	20
9517	2511	3	0	52.805035	17.725	20
9518	2511	3	0	52.805035	19.143	20
9519	2511	3	0	54.033058	19.851999	20
9520	2511	3	0	56.489105	17.016001	20
9521	2511	3	0	55.261082	17.725	20
9522	2511	3	0	55.261082	19.143	20
9523	2511	3	0	56.489105	19.851999	20
9524	2511	3	0	58.945152	17.016001	20
9525	2511	3	0	57.717129	17.725	20
9526	2511	3	0	57.717129	19.143	20
9527	2511	3	0	58.945152	19.851999	20
9528	2511	3	0	0	21.27	20
9529	2511	3	0	-1.228024	21.979	20
9530	2511	3	0	-1.228024	23.396999	20
9531	2511	3	0	0	24.106001	20
9532	2511	3	0	2.456048	21.27	20
9533	2511	3	0	1.228024	21.979	20
9534	2511	3	0	1.228024	23.396999	20
9535	2511	3	0	2.456048	24.106001	20
9536	2511	3	0	4.912096	21.27	20
9537	2511	3	0	3.684072	21.979	20
9538	2511	3	0	3.684072	23.396999	20
9539	2511	3	0	4.912096	24.106001	20
9540	2511	3	0	7.368144	21.27	20
9541	2511	3	0	6.14012	21.979	20
9542	2511	3	0	6.14012	23.396999	20
9543	2511	3	0	7.368144	24.106001	20
9544	2511	3	0	9.824192	21.27	20
9545	2511	3	0	8.596169	21.979	20
9546	2511	3	0	8.596169	23.396999	20
9547	2511	3	0	9.824192	24.106001	20
9548	2511	3	0	12.28024	21.27	20
9549	2511	3	0	11.052217	21.979	20
9550	2511	3	0	11.052217	23.396999	20
9551	2511	3	0	12.28024	24.106001	20
9552	2511	3	0	14.736288	21.27	20
9553	2511	3	0	13.508265	21.979	20
9554	2511	3	0	13.508265	23.396999	20
9555	2511	3	0	14.736288	24.106001	20
9556	2511	3	0	17.192337	21.27	20
9557	2511	3	0	15.964313	21.979	20
9558	2511	3	0	15.964313	23.396999	20
9559	2511	3	0	17.192337	24.106001	20
9560	2511	3	0	19.648384	21.27	20
9561	2511	3	0	18.420361	21.979	20
9562	2511	3	0	18.420361	23.396999	20
9563	2511	3	0	19.648384	24.106001	20
9564	2511	3	0	22.104433	21.27	20
9565	2511	3	0	20.876408	21.979	20
9566	2511	3	0	20.876408	23.396999	20
9567	2511	3	0	22.104433	24.106001	20
9568	2511	3	0	24.56048	21.27	20
9569	2511	3	0	23.332457	21.979	20
9570	2511	3	0	23.332457	23.396999	20
9571	2511	3	0	24.56048	24.106001	20
9572	2511	3	0	27.016529	21.27	20
9573	2511	3	0	25.788504	21.979	20
9574	2511	3	0	25.788504	23.396999	20
9575	2511	3	0	27.016529	24.106001	20
9576	2511	3	0	29.472576	21.27	20
9577	2511	3	0	28.244553	21.979	20
9578	2511	3	0	28.244553	23.396999	20
9579	2511	3	0	29.472576	24.106001	20
9580	2511	3	0	31.928625	21.27	20
9581	2511	3	0	30.7006	21.979	20
9582	2511	3	0	30.7006	23.396999	20
9583	2511	3	0	31.928625	24.106001	20
9584	2511	3	0	34.384674	21.27	20
9585	2511	3	0	33.156647	21.979	20
9586	2511	3	0	33.156647	23.396999	20
9587	2511	3	0	34.384674	24.106001	20
9588	2511	3	0	36.840721	21.27	20
9589	2511	3	0	35.612698	21.979	20
9590	2511	3	0	35.612698	23.396999	20
9591	2511	3	0	36.840721	24.106001	20
9592	2511	3	0	39.296768	21.27	20
9593	2511	3	0	38.068745	21.979	20
9594	2511	3	0	38.068745	23.396999	20
9595	2511	3	0	39.296768	24.106001	20
9596	2511	3	0	41.752815	21.27	20
9597	2511	3	0	40.524792	21.979	20
9598	2511	3	0	40.524792	23.396999	20
9599	2511	3	0	41.752815	24.106001	20
9600	2511	3	0	44.208866	21.27	20
9601	2511	3	0	42.980843	21.979	20
9602	2511	3	0	42.980843	23.396999	20
9603	2511	3	0	44.208866	24.106001	20
9604	2511	3	0	46.664913	21.27	20
9605	2511	3	0	45.43689	21.979	20
9606	2511	3	0	45.43689	23.396999	20
9607	2511	3	0	46.664913	24.106001	20
9608	2511	3	0	49.12096	21.27	20
9609	2511	3	0	47.892937	21.979	20
9610	2511	3	0	47.892937	23.396999	20
9611	2511	3	0	49.12096	24.106001	20
9612	2511	3	0	51.577007	21.27	20
9613	2511	3	0	50.348984	21.979	20
9614	2511	3	0	50.348984	23.396999	20
9615	2511	3	0	51.577007	24.106001	20
9616	2511	3	0	54.033058	21.27	20
9617	2511	3	0	52.805035	21.979	20
9618	2511	3	0	52.805035	23.396999	20
9619	2511	3	0	54.033058	24.106001	20
9620	2511	3	0	56.489105	21.27	20
9621	2511	3	0	55.261082	21.979	20
9622	2511	3	0	55.261082	23.396999	20
9623	2511	3	0	56.489105	24.106001	20
9624	2511	3	0	58.945152	21.27	20
9625	2511	3	0	57.717129	21.979	20
9626	2511	3	0	57.717129	23.396999	20
9627	2511	3	0	58.945152	24.106001	20
9628	2511	3	0	0	25.524	20
9629	2511	3	0	-1.228024	26.233	20
9630	2511	3	0	-1.228024	27.650999	20
9631	2511	3	0	0	28.360001	20
9632	2511	3	0	2.456048	25.524	20
9633	2511	3	0	1.228024	26.233	20
9634	2511	3	0	1.228024	27.650999	20
9635	2511	3	0	2.456048	28.360001	20
9636	2511	3	0	4.912096	25.524	20
9637	2511	3	0	3.684072	26.233	20
9638	2511	3	0	3.684072	27.650999	20
9639	2511	3	0	4.912096	28.360001	20
9640	2511	3	0	7.368144	25.524	20
9641	2511	3	0	6.14012	26.233	20
9642	2511	3	0	6.14012	27.650999	20
9643	2511	3	0	7.368144	28.360001	20
9644	2511	3	0	9.824192	25.524	20
9645	2511	3	0	8.596169	26.233	20
9646	2511	3	0	8.596169	27.650999	20
9647	2511	3	0	9.824192	28.360001	20
9648	2511	3	0	12.28024	25.524	20
9649	2511	3	0	11.052217	26.233	20
9650	2511	3	0	11.052217	27.650999	20
9651	2511	3	0	12.28024	28.360001	20
9652	2511	3	0	14.736288	25.524	20
9653	2511	3	0	13.508265	26.233	20
9654	2511	3	0	13.508265	27.650999	20
9655	2511	3	0	14.736288	28.360001	20
9656	2511	3	0	17.192337	25.524	20
9657	2511	3	0	15.964313	26.233	20
9658	2511	3	0	15.964313	27.650999	20
9659	2511	3	0	17.192337	28.360001	20
9660	2511	3	0	19.648384	25.524	20
9661	2511	3	0	18.420361	26.233	20
9662	2511	3	0	18.420361	27.650999	20
9663	2511	3	0	19.648384	28.360001	20
9664	2511	3	0	22.104433	25.524	20
9665	2511	3	0	20.876408	26.233	20
9666	2511	3	0	20.876408	27.650999	20
9667	2511	3	0	22.104433	28.360001	20
9668	2511	3	0	24.56048	25.524	20
9669	2511	3	0	23.332457	26.233	20
9670	2511	3	0	23.332457	27.650999	20
9671	2511	3	0	24.56048	28.360001	20
9672	2511	3	0	27.016529	25.524	20
9673	2511	3	0	25.788504	26.233	20
9674	2511	3	0	25.788504	27.650999	20
9675	2511	3	0	27.016529	28.360001	20
9676	2511	3	0	29.472576	25.524	20
9677	2511	3	0	28.244553	26.233	20
9678	2511	3	0	28.244553	27.650999	20
9679	2511	3	0	29.472576	28.360001	20
9680	2511	3	0	31.928625	25.524	20
9681	2511	3	0	30.7006	26.233	20
9682	2511	3	0	30.7006	27.650999	20
9683	2511	3	0	31.928625	28.360001	20
9684	2511	3	0	34.384674	25.524	20
9685	2511	3	0	33.156647	26.233	20
9686	2511	3	0	33.156647	27.650999	20
9687	2511	3	0	34.384674	28.360001	20
9688	2511	3	0	36.840721	25.524	20
9689	2511	3	0	35.612698	26.233	20
9690	2511	3	0	35.612698	27.650999	20
9691	2511	3	0	36.840721	28.360001	20
9692	2511	3	0	39.296768	25.524	20
9693	2511	3	0	38.068745	26.233	20
9694	2511	3	0	38.068745	27.650999	20
9695	2511	3	0	39.296768	28.360001	20
9696	2511	3	0	41.752815	25.524	20
9697	2511	3	0	40.524792	26.233	20
9698	2511	3	0	40.524792	27.650999	20
9699	2511	3	0	41.752815	28.360001	20
9700	2511	3	0	44.208866	25.524	20
9701	2511	3	0	42.980843	26.233	20
9702	2511	3	0	42.980843	27.650999	20
9703	2511	3	0	44.208866	28.360001	20
9704	2511	3	0	46.664913	25.524	20
9705	2511	3	0	45.43689	26.233	20
9706	2511	3	0	45.43689	27.650999	20
9707	2511	3	0	46.664913	28.360001	20
9708	2511	3	0	49.12096	25.524	20
9709	2511	3	0	47.892937	26.233	20
9710	2511	3	0	47.892937	27.650999	20
9711	2511	3	0	49.12096	28.360001	20
9712	2511	3	0	51.577007	25.524	20
9713	2511	3	0	50.348984	26.233	20
9714	2511	3	0	50.348984	27.650999	20
9715	2511	3	0	51.577007	28.360001	20
9716	2511	3	0	54.033058	25.524	20
9717	2511	3	0	52.805035	26.233	20
9718	2511	3	0	52.805035	27.650999	20
9719	2511	3	0	54.033058	28.360001	20
9720	2511	3	0	56.489105	25.524	20
9721	2511	3	0	55.261082	26.233	20
9722	2511	3	0	55.261082	27.650999	20
9723	2511	3	0	56.489105	28.360001	20
9724	2511	3	0	58.945152	25.524	20
9725	2511	3	0	57.717129	26.233	20
9726	2511	3	0	57.717129	27.650999	20
9727	2511	3	0	58.945152	28.360001	20
9728	2511	3	0	0	29.778	20
9729	2511	3	0	-1.228024	30.487	20
9730	2511	3	0	-1.228024	31.905001	20
9731	2511	3	0	0	32.613998	20
9732	2511	3	0	2.456048	29.778	20
9733	2511	3	0	1.228024	30.487	20
9734	2511	3	0	1.228024	31.905001	20
9735	2511	3	0	2.456048	32.613998	20
9736	2511	3	0	4.912096	29.778	20
9737	2511	3	0	3.684072	30.487	20
9738	2511	3	0	3.684072	31.905001	20
9739	2511	3	0	4.912096	32.613998	20
9740	2511	3	0	7.368144	29.778	20
9741	2511	3	0	6.14012	30.487	20
9742	2511	3	0	6.14012	31.905001	20
9743	2511	3	0	7.368144	32.613998	20
9744	2511	3	0	9.824192	29.778	20
9745	2511	3	0	8.596169	30.487	20
9746	2511	3	0	8.596169	31.905001	20
9747	2511	3	0	9.824192	32.613998	20
9748	2511	3	0	12.28024	29.778	20
9749	2511	3	0	11.052217	30.487	20
9750	2511	3	0	11.052217	31.905001	20
9751	2511	3	0	12.28024	32.613998	20
9752	2511	3	0	14.736288	29.778	20
9753	2511	3	0	13.508265	30.487	20
9754	2511	3	0	13.508265	31.905001	20
9755	2511	3	0	14.736288	32.613998	20
9756	2511	3	0	17.192337	29.778	20
9757	2511	3	0	15.964313	30.487	20
9758	2511	3	0	15.964313	31.905001	20
9759	2511	3	0	17.192337	32.613998	20
9760	2511	3	0	19.648384	29.778	20
9761	2511	3	0	18.420361	30.487	20
9762	2511	3	0	18.420361	31.905001	20
9763	2511	3	0	19.648384	32.613998	20
9764	2511	3	0	22.104433	29.778	20
9765	2511	3	0	20.876408	30.487	20
9766	2511	3	0	20.876408	31.905001	20
9767	2511	3	0	22.104433	32.613998	20
9768	2511	3	0	24.56048	29.778	20
9769	2511	3	0	23.332457	30.487	20
9770	2511	3	0	23.332457	31.905001	20
9771	2511	3	0	24.56048	32.613998	20
9772	2511	3	0	27.016529	29.778	20
9773	2511	3	0	25.788504	30.487	20
9774	2511	3	0	25.788504	31.905001	20
9775	2511	3	0	27.016529	32.613998	20
9776	2511	3	0	29.472576	29.778	20
9777	2511	3	0	28.244553	30.487	20
9778	2511	3	0	28.244553	31.905001	20
9779	2511	3	0	29.472576	32.613998	20
9780	2511	3	0	31.928625	29.778	20
9781	2511	3	0	30.7006	30.487	20
9782	2511	3	0	30.7006	31.905001	20
9783	2511	3	0	31.928625	32.613998	20
9784	2511	3	0	34.384674	29.778	20
9785	2511	3	0	33.156647	30.487	20
9786	2511	3	0	33.156647	31.905001	20
9787	2511	3	0	34.384674	32.613998	20
9788	2511	3	0	36.840721	29.778	20
9789	2511	3	0	35.612698	30.487	20
9790	2511	3	0	35.612698	31.905001	20
9791	2511	3	0	36.840721	32.613998	20
9792	2511	3	0	39.296768	29.778	20
9793	2511	3	0	38.068745	30.487	20
9794	2511	3	0	38.068745	31.905001	20
9795	2511	3	0	39.296768	32.613998	20
9796	2511	3	0	41.752815	29.778	20
9797	2511	3	0	40.524792	30.487	20
9798	2511	3	0	40.524792	31.905001	20
9799	2511	3	0	41.752815	32.613998	20
9800	2511	3	0	44.208866	29.778	20
9801	2511	3	0	42.980843	30.487	20
9802	2511	3	0	42.980843	31.905001	20
9803	2511	3	0	44.208866	32.613998	20
9804	2511	3	0	46.664913	29.778	20
9805	2511	3	0	45.43689	30.487	20
9806	2511	3	0	45.43689	31.905001	20
9807	2511	3	0	46.664913	32.613998	20
9808	2511	3	0	49.12096	29.778	20
9809	2511	3	0	47.892937	30.487	20
9810	2511	3	0	47.892937	31.905001	20
9811	2511	3	0	49.12096	32.613998	20
9812	2511	3	0	51.577007	29.778	20
9813	2511	3	0	50.348984	30.487	20
9814	2511	3	0	50.348984	31.905001	20
9815	2511	3	0	51.577007	32.613998	20
9816	2511	3	0	54.033058	29.778	20
9817	2511	3	0	52.805035	30.487	20
9818	2511	3	0	52.805035	31.905001	20
9819	2511	3	0	54.033058	32.613998	20
9820	2511	3	0	56.489105	29.778	20
9821	2511	3	0	55.261082	30.487	20
9822	2511	3	0	55.261082	31.905001	20
9823	2511	3	0	56.489105	32.613998	20
9824	2511	3	0	58.945152	29.778	20
9825	2511	3	0	57.717129	30.487	20
9826	2511	3	0	57.717129	31.905001	20
9827	2511	3	0	58.945152	32.613998	20
9828	2511	3	0	0	34.032001	20
9829	2511	3	0	-1.228024	34.741001	20
9830	2511	3	0	-1.228024	36.159	20
9831	2511	3	0	0	36.868	20
9832	2511	3	0	2.456048	34.032001	20
9833	2511	3	0	1.228024	34.741001	20
9834	2511	3	0	1.228024	36.159	20
9835	2511	3	0	2.456048	36.868	20
9836	2511	3	0	4.912096	34.032001	20
9837	2511	3	0	3.684072	34.741001	20
9838	2511	3	0	3.684072	36.159	20
9839	2511	3	0	4.912096	36.868	20
9840	2511	3	0	7.368144	34.032001	20
9841	2511	3	0	6.14012	34.741001	20
9842	2511	3	0	6.14012	36.159	20
9843	2511	3	0	7.368144	36.868	20
9844	2511	3	0	9.824192	34.032001	20
9845	2511	3	0	8.596169	34.741001	20
9846	2511	3	0	8.596169	36.159	20
9847	2511	3	0	9.824192	36.868	20
9848	2511	3	0	12.28024	34.032001	20
9849	2511	3	0	11.052217	34.741001	20
9850	2511	3	0	11.052217	36.159	20
9851	2511	3	0	12.28024	36.868	20
9852	2511	3	0	14.736288	34.032001	20
9853	2511	3	0	13.508265	34.741001	20
9854	2511	3	0	13.508265	36.159	20
9855	2511	3	0	14.736288	36.868	20
9856	2511	3	0	17.192337	34.032001	20
9857	2511	3	0	15.964313	34.741001	20
9858	2511	3	0	15.964313	36.159	20
9859	2511	3	0	17.192337	36.868	20
9860	2511	3	0	19.648384	34.032001	20
9861	2511	3	0	18.420361	34.741001	20
9862	2511	3	0	18.420361	36.159	20
9863	2511	3	0	19.648384	36.868	20
9864	2511	3	0	22.104433	34.032001	20
9865	2511	3	0	20.876408	34.741001	20
9866	2511	3	0	20.876408	36.159	20
9867	2511	3	0	22.104433	36.868	20
9868	2511	3	0	24.56048	34.032001	20
9869	2511	3	0	23.332457	34.741001	20
9870	2511	3	0	23.332457	36.159	20
9871	2511	3	0	24.56048	36.868	20
9872	2511	3	0	27.016529	34.032001	20
9873	2511	3	0	25.788504	34.741001	20
9874	2511	3	0	25.788504	36.159	20
9875	2511	3	0	27.016529	36.868	20
9876	2511	3	0	29.472576	34.032001	20
9877	2511	3	0	28.244553	34.741001	20
9878	2511	3	0	28.244553	36.159	20
9879	2511	3	0	29.472576	36.868	20
9880	2511	3	0	31.928625	34.032001	20
9881	2511	3	0	30.7006	34.741001	20
9882	2511	3	0	30.7006	36.159	20
9883	2511	3	0	31.928625	36.868	20
9884	2511	3	0	34.384674	34.032001	20
9885	2511	3	0	33.156647	34.741001	20
9886	2511	3	0	33.156647	36.159	20
9887	2511	3	0	34.384674	36.868	20
9888	2511	3	0	36.840721	34.032001	20
9889	2511	3	0	35.612698	34.741001	20
9890	2511	3	0	35.612698	36.159	20
9891	2511	3	0	36.840721	36.868	20
9892	2511	3	0	39.296768	34.032001	20
9893	2511	3	0	38.068745	34.741001	20
9894	2511	3	0	38.068745	36.159	20
9895	2511	3	0	39.296768	36.868	20
9896	2511	3	0	41.752815	34.032001	20
9897	2511	3	0	40.524792	34.741001	20
9898	2511	3	0	40.524792	36.159	20
9899	2511	3	0	41.752815	36.868	20
9900	2511	3	0	44.208866	34.032001	20
9901	2511	3	0	42.980843	34.741001	20
9902	2511	3	0	42.980843	36.159	20
9903	2511	3	0	44.208866	36.868	20
9904	2511	3	0	46.664913	34.032001	20
9905	2511	3	0	45.43689	34.741001	20
9906	2511	3	0	45.43689	36.159	20
9907	2511	3	0	46.664913	36.868	20
9908	2511	3	0	49.12096	34.032001	20
9909	2511	3	0	47.892937	34.741001	20
9910	2511	3	0	47.892937	36.159	20
9911	2511	3	0	49.12096	36.868	20
9912	2511	3	0	51.577007	34.032001	20
9913	2511	3	0	50.348984	34.741001	20
9914	2511	3	0	50.348984	36.159	20
9915	2511	3	0	51.577007	36.868	20
9916	2511	3	0	54.033058	34.032001	20
9917	2511	3	0	52.805035	34.741001	20
9918	2511	3	0	52.805035	36.159	20
9919	2511	3	0	54.033058	36.868	20
9920	2511	3	0	56.489105	34.032001	20
9921	2511	3	0	55.261082	34.741001	20
9922	2511	3	0	55.261082	36.159	20
9923	2511	3	0	56.489105	36.868	20
9924	2511	3	0	58.945152	34.032001	20
9925	2511	3	0	57.717129	34.741001	20
9926	2511	3	0	57.717129	36.159	20
9927	2511	3	0	58.945152	36.868	20
9928	2511	3	0	0	38.285999	20
9929	2511	3	0	-1.228024	38.994999	20
9930	2511	3	0	-1.228024	40.412998	20
9931	2511	3	0	0	41.122002	20
9932	2511	3	0	2.456048	38.285999	20
9933	2511	3	0	1.228024	38.994999	20
9934	2511	3	0	1.228024	40.412998	20
9935	2511	3	0	2.456048	41.122002	20
9936	2511	3	0	4.912096	38.285999	20
9937	2511	3	0	3.684072	38.994999	20
9938	2511	3	0	3.684072	40.412998	20
9939	2511	3	0	4.912096	41.122002	20
9940	2511	3	0	7.368144	38.285999	20
9941	2511	3	0	6.14012	38.994999	20
9942	2511	3	0	6.14012	40.412998	20
9943	2511	3	0	7.368144	41.122002	20
9944	2511	3	0	9.824192	38.285999	20
9945	2511	3	0	8.596169	38.994999	20
9946	2511	3	0	8.596169	40.412998	20
9947	2511	3	0	9.824192	41.122002	20
9948	2511	3	0	12.28024	38.285999	20
9949	2511	3	0	11.052217	38.994999	20
9950	2511	3	0	11.052217	40.412998	20
9951	2511	3	0	12.28024	41.122002	20
9952	2511	3	0	14.736288	38.285999	20
9953	2511	3	0	13.508265	38.994999	20
9954	2511	3	0	13.508265	40.412998	20
9955	2511	3	0	14.736288	41.122002	20
9956	2511	3	0	17.192337	38.285999	20
9957	2511	3	0	15.964313	38.994999	20
9958	2511	3	0	15.964313	40.412998	20
9959	2511	3	0	17.192337	41.122002	20
9960	2511	3	0	19.648384	38.285999	20
9961	2511	3	0	18.420361	38.994999	20
9962	2511	3	0	18.420361	40.412998	20
9963	2511	3	0	19.648384	41.122002	20
9964	2511	3	0	22.104433	38.285999	20
9965	2511	3	0	20.876408	38.994999	20
9966	2511	3	0	20.876408	40.412998	20
9967	2511	3	0	22.104433	41.122002	20
9968	2511	3	0	24.56048	38.285999	20
9969	2511	3	0	23.332457	38.994999	20
9970	2511	3	0	23.332457	40.412998	20
9971	2511	3	0	24.56048	41.122002	20
9972	2511	3	0	27.016529	38.285999	20
9973	2511	3	0	25.788504	38.994999	20
9974	2511	3	0	25.788504	40.412998	20
9975	2511	3	0	27.016529	41.122002	20
9976	2511	3	0	29.472576	38.285999	20
9977	2511	3	0	28.244553	38.994999	20
9978	2511	3	0	28.244553	40.412998	20
9979	2511	3	0	29.472576	41.122002	20
9980	2511	3	0	31.928625	38.285999	20
9981	2511	3	0	30.7006	38.994999	20
9982	2511	3	0	30.7006	40.412998	20
9983	2511	3	0	31.928625	41.122002	20
9984	2511	3	0	34.384674	38.285999	20
9985	2511	3	0	33.156647	38.994999	20
9986	2511	3	0	33.156647	40.412998	20
9987	2511	3	0	34.384674	41.122002	20
9988	2511	3	0	36.840721	38.285999	20
9989	2511	3	0	35.612698	38.994999	20
9990	2511	3	0	35.612698	40.412998	20
9991	2511	3	0	36.840721	41.122002	20
9992	2511	3	0	39.296768	38.285999	20
9993	2511	3	0	38.068745	38.994999	20
9994	2511	3	0	38.068745	40.412998	20
9995	2511	3	0	39.296768	41.122002	20
9996	2511	3	0	41.752815	38.285999	20
9997	2511	3	0	40.524792	38.994999	20
9998	2511	3	0	40.524792	40.412998	20
9999	2511	3	0	41.752815	41.122002	20
10000	2511	3	0	44.208866	38.285999	20
10001	2511	3	0	42.980843	38.994999	20
10002	2511	3	0	42.980843	40.412998	20
10003	2511	3	0	44.208866	41.122002	20
10004	2511	3	0	46.664913	38.285999	20
10005	2511	3	0	45.43689	38.994999	20
10006	2511	3	0	45.43689	40.412998	20
10007	2511	3	0	46.664913	41.122002	20
10008	2511	3	0	49.12096	38.285999	20
10009	2511	3	0	47.892937	38.994999	20
10010	2511	3	0	47.892937	40.412998	20
10011	2511	3	0	49.12096	41.122002	20
10012	2511	3	0	51.577007	38.285999	20
10013	2511	3	0	50.348984	38.994999	20
10014	2511	3	0	50.348984	40.412998	20
10015	2511	3	0	51.577007	41.122002	20
10016	2511	3	0	54.033058	38.285999	20
10017	2511	3	0	52.805035	38.994999	20
10018	2511	3	0	52.805035	40.412998	20
10019	2511	3	0	54.033058	41.122002	20
10020	2511	3	0	56.489105	38.285999	20
10021	2511	3	0	55.261082	38.994999	20
10022	2511	3	0	55.261082	40.412998	20
10023	2511	3	0	56.489105	41.122002	20
10024	2511	3	0	58.945152	38.285999	20
10025	2511	3	0	57.717129	38.994999	20
10026	2511	3	0	57.717129	40.412998	20
10027	2511	3	0	58.945152	41.122002	20
10028	2511	3	0	0	42.540001	20
10029	2511	3	0	-1.228024	43.249001	20
10030	2511	3	0	-1.228024	44.667	20
10031	2511	3	0	0	45.375999	20
10032	2511	3	0	2.456048	42.540001	20
10033	2511	3	0	1.228024	43.249001	20
10034	2511	3	0	1.228024	44.667	20
10035	2511	3	0	2.456048	45.375999	20
10036	2511	3	0	4.912096	42.540001	20
10037	2511	3	0	3.684072	43.249001	20
10038	2511	3	0	3.684072	44.667	20
10039	2511	3	0	4.912096	45.375999	20
10040	2511	3	0	7.368144	42.540001	20
10041	2511	3	0	6.14012	43.249001	20
10042	2511	3	0	6.14012	44.667	20
10043	2511	3	0	7.368144	45.375999	20
10044	2511	3	0	9.824192	42.540001	20
10045	2511	3	0	8.596169	43.249001	20
10046	2511	3	0	8.596169	44.667	20
10047	2511	3	0	9.824192	45.375999	20
10048	2511	3	0	12.28024	42.540001	20
10049	2511	3	0	11.052217	43.249001	20
10050	2511	3	0	11.052217	44.667	20
10051	2511	3	0	12.28024	45.375999	20
10052	2511	3	0	14.736288	42.540001	20
10053	2511	3	0	13.508265	43.249001	20
10054	2511	3	0	13.508265	44.667	20
10055	2511	3	0	14.736288	45.375999	20
10056	2511	3	0	17.192337	42.540001	20
10057	2511	3	0	15.964313	43.249001	20
10058	2511	3	0	15.964313	44.667	20
10059	2511	3	0	17.192337	45.375999	20
10060	2511	3	0	19.648384	42.540001	20
10061	2511	3	0	18.420361	43.249001	20
10062	2511	3	0	18.420361	44.667	20
10063	2511	3	0	19.648384	45.375999	20
10064	2511	3	0	22.104433	42.540001	20
10065	2511	3	0	20.876408	43.249001	20
10066	2511	3	0	20.876408	44.667	20
10067	2511	3	0	22.104433	45.375999	20
10068	2511	3	0	24.56048	42.540001	20
10069	2511	3	0	23.332457	43.249001	20
10070	2511	3	0	23.332457	44.667	20
10071	2511	3	0	24.56048	45.375999	20
10072	2511	3	0	27.016529	42.540001	20
10073	2511	3	0	25.788504	43.249001	20
10074	2511	3	0	25.788504	44.667	20
10075	2511	3	0	27.016529	45.375999	20
10076	2511	3	0	29.472576	42.540001	20
10077	2511	3	0	28.244553	43.249001	20
10078	2511	3	0	28.244553	44.667	20
10079	2511	3	0	29.472576	45.375999	20
10080	2511	3	0	31.928625	42.540001	20
10081	2511	3	0	30.7006	43.249001	20
10082	2511	3	0	30.7006	44.667	20
10083	2511	3	0	31.928625	45.375999	20
10084	2511	3	0	34.384674	42.540001	20
10085	2511	3	0	33.156647	43.249001	20
10086	2511	3	0	33.156647	44.667	20
10087	2511	3	0	34.384674	45.375999	20
10088	2511	3	0	36.840721	42.540001	20
10089	2511	3	0	35.612698	43.249001	20
10090	2511	3	0	35.612698	44.667	20
10091	2511	3	0	36.840721	45.375999	20
10092	2511	3	0	39.296768	42.540001	20
10093	2511	3	0	38.068745	43.249001	20
10094	2511	3	0	38.068745	44.667	20
10095	2511	3	0	39.296768	45.375999	20
10096	2511	3	0	41.752815	42.540001	20
10097	2511	3	0	40.524792	43.249001	20
10098	2511	3	0	40.524792	44.667	20
10099	2511	3	0	41.752815	45.375999	20
10100	2511	3	0	44.208866	42.540001	20
10101	2511	3	0	42.980843	43.249001	20
10102	2511	3	0	42.980843	44.667	20
10103	2511	3	0	44.208866	45.375999	20
10104	2511	3	0	46.664913	42.540001	20
10105	2511	3	0	45.43689	43.249001	20
10106	2511	3	0	45.43689	44.667	20
10107	2511	3	0	46.664913	45.375999	20
10108	2511	3	0	49.12096	42.540001	20
10109	2511	3	0	47.892937	43.249001	20
10110	2511	3	0	47.892937	44.667	20
10111	2511	3	0	49.12096	45.375999	20
10112	2511	3	0	51.577007	42.540001	20
10113	2511	3	0	50.348984	43.249001	20
10114	2511	3	0	50.348984	44.667	20
10115	2511	3	0	51.577007	45.375999	20
10116	2511	3	0	54.033058	42.540001	20
10117	2511	3	0	52.805035	43.249001	20
10118	2511	3	0	52.805035	44.667	20
10119	2511	3	0	54.033058	45.375999	20
10120	2511	3	0	56.489105	42.540001	20
10121	2511	3	0	55.261082	43.249001	20
10122	2511	3	0	55.261082	44.667	20
10123	2511	3	0	56.489105	45.375999	20
10124	2511	3	0	58.945152	42.540001	20
10125	2511	3	0	57.717129	43.249001	20
10126	2511	3	0	57.717129	44.667	20
10127	2511	3	0	58.945152	45.375999	20
10128	2511	3	0	0	46.793999	20
10129	2511	3	0	-1.228024	47.502998	20
10130	2511	3	0	-1.228024	48.921001	20
10131	2511	3	0	0	49.630001	20
10132	2511	3	0	2.456048	46.793999	20
10133	2511	3	0	1.228024	47.502998	20
10134	2511	3	0	1.228024	48.921001	20
10135	2511	3	0	2.456048	49.630001	20
10136	2511	3	0	4.912096	46.793999	20
10137	2511	3	0	3.684072	47.502998	20
10138	2511	3	0	3.684072	48.921001	20
10139	2511	3	0	4.912096	49.630001	20
10140	2511	3	0	7.368144	46.793999	20
10141	2511	3	0	6.14012	47.502998	20
10142	2511	3	0	6.14012	48.921001	20
10143	2511	3	0	7.368144	49.630001	20
10144	2511	3	0	9.824192	46.793999	20
10145	2511	3	0	8.596169	47.502998	20
10146	2511	3	0	8.596169	48.921001	20
10147	2511	3	0	9.824192	49.630001	20
10148	2511	3	0	12.28024	46.793999	20
10149	2511	3	0	11.052217	47.502998	20
10150	2511	3	0	11.052217	48.921001	20
10151	2511	3	0	12.28024	49.630001	20
10152	2511	3	0	14.736288	46.793999	20
10153	2511	3	0	13.508265	47.502998	20
10154	2511	3	0	13.508265	48.921001	20
10155	2511	3	0	14.736288	49.630001	20
10156	2511	3	0	17.192337	46.793999	20
10157	2511	3	0	15.964313	47.502998	20
10158	2511	3	0	15.964313	48.921001	20
10159	2511	3	0	17.192337	49.630001	20
10160	2511	3	0	19.648384	46.793999	20
10161	2511	3	0	18.420361	47.502998	20
10162	2511	3	0	18.420361	48.921001	20
10163	2511	3	0	19.648384	49.630001	20
10164	2511	3	0	22.104433	46.793999	20
10165	2511	3	0	20.876408	47.502998	20
10166	2511	3	0	20.876408	48.921001	20
10167	2511	3	0	22.104433	49.630001	20
10168	2511	3	0	24.56048	46.793999	20
10169	2511	3	0	23.332457	47.502998	20
10170	2511	3	0	23.332457	48.921001	20
10171	2511	3	0	24.56048	49.630001	20
10172	2511	3	0	27.016529	46.793999	20
10173	2511	3	0	25.788504	47.502998	20
10174	2511	3	0	25.788504	48.921001	20
10175	2511	3	0	27.016529	49.630001	20
10176	2511	3	0	29.472576	46.793999	20
10177	2511	3	0	28.244553	47.502998	20
10178	2511	3	0	28.244553	48.921001	20
10179	2511	3	0	29.472576	49.630001	20
10180	2511	3	0	31.928625	46.793999	20
10181	2511	3	0	30.7006	47.502998	20
10182	2511	3	0	30.7006	48.921001	20
10183	2511	3	0	31.928625	49.630001	20
10184	2511	3	0	34.384674	46.793999	20
10185	2511	3	0	33.156647	47.502998	20
10186	2511	3	0	33.156647	48.921001	20
10187	2511	3	0	34.384674	49.630001	20
10188	2511	3	0	36.840721	46.793999	20
10189	2511	3	0	35.612698	47.502998	20
10190	2511	3	0	35.612698	48.921001	20
10191	2511	3	0	36.840721	49.630001	20
10192	2511	3	0	39.296768	46.793999	20
10193	2511	3	0	38.068745	47.502998	20
10194	2511	3	0	38.068745	48.921001	20
10195	2511	3	0	39.296768	49.630001	20
10196	2511	3	0	41.752815	46.793999	20
10197	2511	3	0	40.524792	47.502998	20
10198	2511	3	0	40.524792	48.921001	20
10199	2511	3	0	41.752815	49.630001	20
10200	2511	3	0	44.208866	46.793999	20
10201	2511	3	0	42.980843	47.502998	20
10202	2511	3	0	42.980843	48.921001	20
10203	2511	3	0	44.208866	49.630001	20
10204	2511	3	0	46.664913	46.793999	20
10205	2511	3	0	45.43689	47.502998	20
10206	2511	3	0	45.43689	48.921001	20
10207	2511	3	0	46.664913	49.630001	20
10208	2511	3	0	49.12096	46.793999	20
10209	2511	3	0	47.892937	47.502998	20
10210	2511	3	0	47.892937	48.921001	20
10211	2511	3	0	49.12096	49.630001	20
10212	2511	3	0	51.577007	46.793999	20
10213	2511	3	0	50.348984	47.502998	20
10214	2511	3	0	50.348984	48.921001	20
10215	2511	3	0	51.577007	49.630001	20
10216	2511	3	0	54.033058	46.793999	20
10217	2511	3	0	52.805035	47.502998	20
10218	2511	3	0	52.805035	48.921001	20
10219	2511	3	0	54.033058	49.630001	20
10220	2511	3	0	56.489105	46.793999	20
10221	2511	3	0	55.261082	47.502998	20
10222	2511	3	0	55.261082	48.921001	20
10223	2511	3	0	56.489105	49.630001	20
10224	2511	3	0	58.945152	46.793999	20
10225	2511	3	0	57.717129	47.502998	20
10226	2511	3	0	57.717129	48.921001	20
10227	2511	3	0	58.945152	49.630001	20
10228	2511	3	0	0	51.048	20
10229	2511	3	0	-1.228024	51.757	20
10230	2511	3	0	-1.228024	53.174999	20
10231	2511	3	0	0	53.883999	20
10232	2511	3	0	2.456048	51.048	20
10233	2511	3	0	1.228024	51.757	20
10234	2511	3	0	1.228024	53.174999	20
10235	2511	3	0	2.456048	53.883999	20
10236	2511	3	0	4.912096	51.048	20
10237	2511	3	0	3.684072	51.757	20
10238	2511	3	0	3.684072	53.174999	20
10239	2511	3	0	4.912096	53.883999	20
10240	2511	3	0	7.368144	51.048	20
10241	2511	3	0	6.14012	51.757	20
10242	2511	3	0	6.14012	53.174999	20
10243	2511	3	0	7.368144	53.883999	20
10244	2511	3	0	9.824192	51.048	20
10245	2511	3	0	8.596169	51.757	20
10246	2511	3	0	8.596169	53.174999	20
10247	2511	3	0	9.824192	53.883999	20
10248	2511	3	0	12.28024	51.048	20
10249	2511	3	0	11.052217	51.757	20
10250	2511	3	0	11.052217	53.174999	20
10251	2511	3	0	12.28024	53.883999	20
10252	2511	3	0	14.736288	51.048	20
10253	2511	3	0	13.508265	51.757	20
10254	2511	3	0	13.508265	53.174999	20
10255	2511	3	0	14.736288	53.883999	20
10256	2511	3	0	17.192337	51.048	20
10257	2511	3	0	15.964313	51.757	20
10258	2511	3	0	15.964313	53.174999	20
10259	2511	3	0	17.192337	53.883999	20
10260	2511	3	0	19.648384	51.048	20
10261	2511	3	0	18.420361	51.757	20
10262	2511	3	0	18.420361	53.174999	20
10263	2511	3	0	19.648384	53.883999	20
10264	2511	3	0	22.104433	51.048	20
10265	2511	3	0	20.876408	51.757	20
10266	2511	3	0	20.876408	53.174999	20
10267	2511	3	0	22.104433	53.883999	20
10268	2511	3	0	24.56048	51.048	20
10269	2511	3	0	23.332457	51.757	20
10270	2511	3	0	23.332457	53.174999	20
10271	2511	3	0	24.56048	53.883999	20
10272	2511	3	0	27.016529	51.048	20
10273	2511	3	0	25.788504	51.757	20
10274	2511	3	0	25.788504	53.174999	20
10275	2511	3	0	27.016529	53.883999	20
10276	2511	3	0	29.472576	51.048	20
10277	2511	3	0	28.244553	51.757	20
10278	2511	3	0	28.244553	53.174999	20
10279	2511	3	0	29.472576	53.883999	20
10280	2511	3	0	31.928625	51.048	20
10281	2511	3	0	30.7006	51.757	20
10282	2511	3	0	30.7006	53.174999	20
10283	2511	3	0	31.928625	53.883999	20
10284	2511	3	0	34.384674	51.048	20
10285	2511	3	0	33.156647	51.757	20
10286	2511	3	0	33.156647	53.174999	20
10287	2511	3	0	34.384674	53.883999	20
10288	2511	3	0	36.840721	51.048	20
10289	2511	3	0	35.612698	51.757	20
10290	2511	3	0	35.612698	53.174999	20
10291	2511	3	0	36.840721	53.883999	20
10292	2511	3	0	39.296768	51.048	20
10293	2511	3	0	38.068745	51.757	20
10294	2511	3	0	38.068745	53.174999	20
10295	2511	3	0	39.296768	53.883999	20
10296	2511	3	0	41.752815	51.048	20
10297	2511	3	0	40.524792	51.757	20
10298	2511	3	0	40.524792	53.174999	20
10299	2511	3	0	41.752815	53.883999	20
10300	2511	3	0	44.208866	51.048	20
10301	2511	3	0	42.980843	51.757	20
10302	2511	3	0	42.980843	53.174999	20
10303	2511	3	0	44.208866	53.883999	20
10304	2511	3	0	46.664913	51.048	20
10305	2511	3	0	45.43689	51.757	20
10306	2511	3	0	45.43689	53.174999	20
10307	2511	3	0	46.664913	53.883999	20
10308	2511	3	0	49.12096	51.048	20
10309	2511	3	0	47.892937	51.757	20
10310	2511	3	0	47.892937	53.174999	20
10311	2511	3	0	49.12096	53.883999	20
10312	2511	3	0	51.577007	51.048	20
10313	2511	3	0	50.348984	51.757	20
10314	2511	3	0	50.348984	53.174999	20
10315	2511	3	0	51.577007	53.883999	20
10316	2511	3	0	54.033058	51.048	20
10317	2511	3	0	52.805035	51.757	20
10318	2511	3	0	52.805035	53.174999	20
10319	2511	3	0	54.033058	53.883999	20
10320	2511	3	0	56.489105	51.048	20
10321	2511	3	0	55.261082	51.757	20
10322	2511	3	0	55.261082	53.174999	20
10323	2511	3	0	56.489105	53.883999	20
10324	2511	3	0	58.945152	51.048	20
10325	2511	3	0	57.717129	51.757	20
10326	2511	3	0	57.717129	53.174999	20
10327	2511	3	0	58.945152	53.883999	20
10328	2511	3	0	0	55.301998	20
10329	2511	3	0	-1.228024	56.011002	20
10330	2511	3	0	-1.228024	57.429001	20
10331	2511	3	0	0	58.138	20
10332	2511	3	0	2.456048	55.301998	20
10333	2511	3	0	1.228024	56.011002	20
10334	2511	3	0	1.228024	57.429001	20
10335	2511	3	0	2.456048	58.138	20
10336	2511	3	0	4.912096	55.301998	20
10337	2511	3	0	3.684072	56.011002	20
10338	2511	3	0	3.684072	57.429001	20
10339	2511	3	0	4.912096	58.138	20
10340	2511	3	0	7.368144	55.301998	20
10341	2511	3	0	6.14012	56.011002	20
10342	2511	3	0	6.14012	57.429001	20
10343	2511	3	0	7.368144	58.138	20
10344	2511	3	0	9.824192	55.301998	20
10345	2511	3	0	8.596169	56.011002	20
10346	2511	3	0	8.596169	57.429001	20
10347	2511	3	0	9.824192	58.138	20
10348	2511	3	0	12.28024	55.301998	20
10349	2511	3	0	11.052217	56.011002	20
10350	2511	3	0	11.052217	57.429001	20
10351	2511	3	0	12.28024	58.138	20
10352	2511	3	0	14.736288	55.301998	20
10353	2511	3	0	13.508265	56.011002	20
10354	2511	3	0	13.508265	57.429001	20
10355	2511	3	0	14.736288	58.138	20
10356	2511	3	0	17.192337	55.301998	20
10357	2511	3	0	15.964313	56.011002	20
10358	2511	3	0	15.964313	57.429001	20
10359	2511	3	0	17.192337	58.138	20
10360	2511	3	0	19.648384	55.301998	20
10361	2511	3	0	18.420361	56.011002	20
10362	2511	3	0	18.420361	57.429001	20
10363	2511	3	0	19.648384	58.138	20
10364	2511	3	0	22.104433	55.301998	20
10365	2511	3	0	20.876408	56.011002	20
10366	2511	3	0	20.876408	57.429001	20
10367	2511	3	0	22.104433	58.138	20
10368	2511	3	0	24.56048	55.301998	20
10369	2511	3	0	23.332457	56.011002	20
10370	2511	3	0	23.332457	57.429001	20
10371	2511	3	0	24.56048	58.138	20
10372	2511	3	0	27.016529	55.301998	20
10373	2511	3	0	25.788504	56.011002	20
10374	2511	3	0	25.788504	57.429001	20
10375	2511	3	0	27.016529	58.138	20
10376	2511	3	0	29.472576	55.301998	20
10377	2511	3	0	28.244553	56.011002	20
10378	2511	3	0	28.244553	57.429001	20
10379	2511	3	0	29.472576	58.138	20
10380	2511	3	0	31.928625	55.301998	20
10381	2511	3	0	30.7006	56.011002	20
10382	2511	3	0	30.7006	57.429001	20
10383	2511	3	0	31.928625	58.138	20
10384	2511	3	0	34.384674	55.301998	20
10385	2511	3	0	33.156647	56.011002	20
10386	2511	3	0	33.156647	57.429001	20
10387	2511	3	0	34.384674	58.138	20
10388	2511	3	0	36.840721	55.301998	20
10389	2511	3	0	35.612698	56.011002	20
10390	2511	3	0	35.612698	57.429001	20
10391	2511	3	0	36.840721	58.138	20
10392	2511	3	0	39.296768	55.301998	20
10393	2511	3	0	38.068745	56.011002	20
10394	2511	3	0	38.068745	57.429001	20
10395	2511	3	0	39.296768	58.138	20
10396	2511	3	0	41.752815	55.301998	20
10397	2511	3	0	40.524792	56.011002	20
10398	2511	3	0	40.524792	57.429001	20
10399	2511	3	0	41.752815	58.138	20
10400	2511	3	0	44.208866	55.301998	20
10401	2511	3	0	42.980843	56.011002	20
10402	2511	3	0	42.980843	57.429001	20
10403	2511	3	0	44.208866	58.138	20
10404	2511	3	0	46.664913	55.301998	20
10405	2511	3	0	45.43689	56.011002	20
10406	2511	3	0	45.43689	57.429001	20
10407	2511	3	0	46.664913	58.138	20
10408	2511	3	0	49.12096	55.301998	20
10409	2511	3	0	47.892937	56.011002	20
10410	2511	3	0	47.892937	57.429001	20
10411	2511	3	0	49.12096	58.138	20
10412	2511	3	0	51.577007	55.301998	20
10413	2511	3	0	50.348984	56.011002	20
10414	2511	3	0	50.348984	57.429001	20
10415	2511	3	0	51.577007	58.138	20
10416	2511	3	0	54.033058	55.301998	20
10417	2511	3	0	52.805035	56.011002	20
10418	2511	3	0	52.805035	57.429001	20
10419	2511	3	0	54.033058	58.138	20
10420	2511	3	0	56.489105	55.301998	20
10421	2511	3	0	55.261082	56.011002	20
10422	2511	3	0	55.261082	57.429001	20
10423	2511	3	0	56.489105	58.138	20
10424	2511	3	0	58.945152	55.301998	20
10425	2511	3	0	57.717129	56.011002	20
10426	2511	3	0	57.717129	57.429001	20
10427	2511	3	0	58.945152	58.138	20
10428	2511	3	0	0	59.556	20
10429	2511	3	0	-1.228024	60.264999	20
10430	2511	3	0	-1.228024	61.682999	20
10431	2511	3	0	0	62.391998	20
10432	2511	3	0	2.456048	59.556	20
10433	2511	3	0	1.228024	60.264999	20
10434	2511	3	0	1.228024	61.682999	20
10435	2511	3	0	2.456048	62.391998	20
10436	2511	3	0	4.912096	59.556	20
10437	2511	3	0	3.684072	60.264999	20
10438	2511	3	0	3.684072	61.682999	20
10439	2511	3	0	4.912096	62.391998	20
10440	2511	3	0	7.368144	59.556	20
10441	2511	3	0	6.14012	60.264999	20
10442	2511	3	0	6.14012	61.682999	20
10443	2511	3	0	7.368144	62.391998	20
10444	2511	3	0	9.824192	59.556	20
10445	2511	3	0	8.596169	60.264999	20
10446	2511	3	0	8.596169	61.682999	20
10447	2511	3	0	9.824192	62.391998	20
10448	2511	3	0	12.28024	59.556	20
10449	2511	3	0	11.052217	60.264999	20
10450	2511	3	0	11.052217	61.682999	20
10451	2511	3	0	12.28024	62.391998	20
10452	2511	3	0	14.736288	59.556	20
10453	2511	3	0	13.508265	60.264999	20
10454	2511	3	0	13.508265	61.682999	20
10455	2511	3	0	14.736288	62.391998	20
10456	2511	3	0	17.192337	59.556	20
10457	2511	3	0	15.964313	60.264999	20
10458	2511	3	0	15.964313	61.682999	20
10459	2511	3	0	17.192337	62.391998	20
10460	2511	3	0	19.648384	59.556	20
10461	2511	3	0	18.420361	60.264999	20
10462	2511	3	0	18.420361	61.682999	20
10463	2511	3	0	19.648384	62.391998	20
10464	2511	3	0	22.104433	59.556	20
10465	2511	3	0	20.876408	60.264999	20
10466	2511	3	0	20.876408	61.682999	20
10467	2511	3	0	22.104433	62.391998	20
10468	2511	3	0	24.56048	59.556	20
10469	2511	3	0	23.332457	60.264999	20
10470	2511	3	0	23.332457	61.682999	20
10471	2511	3	0	24.56048	62.391998	20
10472	2511	3	0	27.016529	59.556	20
10473	2511	3	0	25.788504	60.264999	20
10474	2511	3	0	25.788504	61.682999	20
10475	2511	3	0	27.016529	62.391998	20
10476	2511	3	0	29.472576	59.556	20
10477	2511	3	0	28.244553	60.264999	20
10478	2511	3	0	28.244553	61.682999	20
10479	2511	3	0	29.472576	62.391998	20
10480	2511	3	0	31.928625	59.556	20
10481	2511	3	0	30.7006	60.264999	20
10482	2511	3	0	30.7006	61.682999	20
10483	2511	3	0	31.928625	62.391998	20
10484	2511	3	0	34.384674	59.556	20
10485	2511	3	0	33.156647	60.264999	20
10486	2511	3	0	33.156647	61.682999	20
10487	2511	3	0	34.384674	62.391998	20
10488	2511	3	0	36.840721	59.556	20
10489	2511	3	0	35.612698	60.264999	20
10490	2511	3	0	35.612698	61.682999	20
10491	2511	3	0	36.840721	62.391998	20
10492	2511	3	0	39.296768	59.556	20
10493	2511	3	0	38.068745	60.264999	20
10494	2511	3	0	38.068745	61.682999	20
10495	2511	3	0	39.296768	62.391998	20
10496	2511	3	0	41.752815	59.556	20
10497	2511	3	0	40.524792	60.264999	20
10498	2511	3	0	40.524792	61.682999	20
10499	2511	3	0	41.752815	62.391998	20
10500	2511	3	0	44.208866	59.556	20
10501	2511	3	0	42.980843	60.264999	20
10502	2511	3	0	42.980843	61.682999	20
10503	2511	3	0	44.208866	62.391998	20
10504	2511	3	0	46.664913	59.556	20
10505	2511	3	0	45.43689	60.264999	20
10506	2511	3	0	45.43689	61.682999	20
10507	2511	3	0	46.664913	62.391998	20
10508	2511	3	0	49.12096	59.556	20
10509	2511	3	0	47.892937	60.264999	20
10510	2511	3	0	47.892937	61.682999	20
10511	2511	3	0	49.12096	62.391998	20
10512	2511	3	0	51.577007	59.556	20
10513	2511	3	0	50.348984	60.264999	20
10514	2511	3	0	50.348984	61.682999	20
10515	2511	3	0	51.577007	62.391998	20
10516	2511	3	0	54.033058	59.556	20
10517	2511	3	0	52.805035	60.264999	20
10518	2511	3	0	52.805035	61.682999	20
10519	2511	3	0	54.033058	62.391998	20
10520	2511	3	0	56.489105	59.556	20
10521	2511	3	0	55.261082	60.264999	20
10522	2511	3	0	55.261082	61.682999	20
10523	2511	3	0	56.489105	62.391998	20
10524	2511	3	0	58.945152	59.556	20
10525	2511	3	0	57.717129	60.264999	20
10526	2511	3	0	57.717129	61.682999	20
10527	2511	3	0	58.945152	62.391998	20
