16558 5021 3 0 0 0 40
16559 5021 3 0 -1.228024 0.709 40
16560 5021 3 0 -1.228024 2.127 40
16561 5021 3 0 0 2.836 40
16562 5021 3 0 2.456048 0 40
16563 5021 3 0 1.228024 0.709 40
16564 5021 3 0 1.228024 2.127 40
16565 5021 3 0 2.456048 2.836 40
16566 5021 3 0 4.912096 0 40
16567 5021 3 0 3.684072 0.709 40
16568 5021 3 0 3.684072 2.127 40
16569 5021 3 0 4.912096 2.836 40
16570 5021 3 0 7.368144 0 40
16571 5021 3 0 6.14012 0.709 40
16572 5021 3 0 6.14012 2.127 40
16573 5021 3 0 7.368144 2.836 40
16574 5021 3 0 9.824192 0 40
16575 5021 3 0 8.596169 0.709 40
16576 5021 3 0 8.596169 2.127 40
16577 5021 3 0 9.824192 2.836 40
16578 5021 3 0 12.28024 0 40
16579 5021 3 0 11.052217 0.709 40
16580 5021 3 0 11.052217 2.127 40
16581 5021 3 0 12.28024 2.836 40
16582 5021 3 0 14.736288 0 40
16583 5021 3 0 13.508265 0.709 40
16584 5021 3 0 13.508265 2.127 40
16585 5021 3 0 14.736288 2.836 40
16586 5021 3 0 17.192337 0 40
16587 5021 3 0 15.964313 0.709 40
16588 5021 3 0 15.964313 2.127 40
16589 5021 3 0 17.192337 2.836 40
16590 5021 3 0 19.648384 0 40
16591 5021 3 0 18.420361 0.709 40
16592 5021 3 0 18.420361 2.127 40
16593 5021 3 0 19.648384 2.836 40
16594 5021 3 0 22.104433 0 40
16595 5021 3 0 20.876408 0.709 40
16596 5021 3 0 20.876408 2.127 40
16597 5021 3 0 22.104433 2.836 40
16598 5021 3 0 24.56048 0 40
16599 5021 3 0 23.332457 0.709 40
16600 5021 3 0 23.332457 2.127 40
16601 5021 3 0 24.56048 2.836 40
16602 5021 3 0 27.016529 0 40
16603 5021 3 0 25.788504 0.709 40
16604 5021 3 0 25.788504 2.127 40
16605 5021 3 0 27.016529 2.836 40
16606 5021 3 0 29.472576 0 40
16607 5021 3 0 28.244553 0.709 40
16608 5021 3 0 28.244553 2.127 40
16609 5021 3 0 29.472576 2.836 40
16610 5021 3 0 31.928625 0 40
16611 5021 3 0 30.7006 0.709 40
16612 5021 3 0 30.7006 2.127 40
16613 5021 3 0 31.928625 2.836 40
16614 5021 3 0 34.384674 0 40
16615 5021 3 0 33.156647 0.709 40
16616 5021 3 0 33.156647 2.127 40
16617 5021 3 0 34.384674 2.836 40
16618 5021 3 0 36.840721 0 40
16619 5021 3 0 35.612698 0.709 40
16620 5021 3 0 35.612698 2.127 40
16621 5021 3 0 36.840721 2.836 40
16622 5021 3 0 39.296768 0 40
16623 5021 3 0 38.068745 0.709 40
16624 5021 3 0 38.068745 2.127 40
16625 5021 3 0 39.296768 2.836 40
16626 5021 3 0 41.752815 0 40
16627 5021 3 0 40.524792 0.709 40
16628 5021 3 0 40.524792 2.127 40
16629 5021 3 0 41.752815 2.836 40
16630 5021 3 0 44.208866 0 40
16631 5021 3 0 42.980843 0.709 40
16632 5021 3 0 42.980843 2.127 40
16633 5021 3 0 44.208866 2.836 40
16634 5021 3 0 46.664913 0 40
16635 5021 3 0 45.43689 0.709 40
16636 5021 3 0 45.43689 2.127 40
16637 5021 3 0 46.664913 2.836 40
16638 5021 3 0 49.12096 0 40
16639 5021 3 0 47.892937 0.709 40
16640 5021 3 0 47.892937 2.127 40
16641 5021 3 0 49.12096 2.836 40
16642 5021 3 0 51.577007 0 40
16643 5021 3 0 50.348984 0.709 40
16644 5021 3 0 50.348984 2.127 40
16645 5021 3 0 51.577007 2.836 40
16646 5021 3 0 54.033058 0 40
16647 5021 3 0 52.805035 0.709 40
16648 5021 3 0 52.805035 2.127 40
16649 5021 3 0 54.033058 2.836 40
16650 5021 3 0 56.489105 0 40
16651 5021 3 0 55.261082 0.709 40
16652 5021 3 0 55.261082 2.127 40
16653 5021 3 0 56.489105 2.836 40
16654 5021 3 0 58.945152 0 40
16655 5021 3 0 57.717129 0.709 40
16656 5021 3 0 57.717129 2.127 40
16657 5021 3 0 58.945152 2.836 40
16658 5021 3 0 0 4.254 40
16659 5021 3 0 -1.228024 4.963 40
16660 5021 3 0 -1.228024 6.381 40
16661 5021 3 0 0 7.09 40
16662 5021 3 0 2.456048 4.254 40
16663 5021 3 0 1.228024 4.963 40
16664 5021 3 0 1.228024 6.381 40
16665 5021 3 0 2.456048 7.09 40
16666 5021 3 0 4.912096 4.254 40
16667 5021 3 0 3.684072 4.963 40
16668 5021 3 0 3.684072 6.381 40
16669 5021 3 0 4.912096 7.09 40
16670 5021 3 0 7.368144 4.254 40
16671 5021 3 0 6.14012 4.963 40
16672 5021 3 0 6.14012 6.381 40
16673 5021 3 0 7.368144 7.09 40
16674 5021 3 0 9.824192 4.254 40
16675 5021 3 0 8.596169 4.963 40
16676 5021 3 0 8.596169 6.381 40
16677 5021 3 0 9.824192 7.09 40
16678 5021 3 0 12.28024 4.254 40
16679 5021 3 0 11.052217 4.963 40
16680 5021 3 0 11.052217 6.381 40
16681 5021 3 0 12.28024 7.09 40
16682 5021 3 0 14.736288 4.254 40
16683 5021 3 0 13.508265 4.963 40
16684 5021 3 0 13.508265 6.381 40
16685 5021 3 0 14.736288 7.09 40
16686 5021 3 0 17.192337 4.254 40
16687 5021 3 0 15.964313 4.963 40
16688 5021 3 0 15.964313 6.381 40
16689 5021 3 0 17.192337 7.09 40
16690 5021 3 0 19.648384 4.254 40
16691 5021 3 0 18.420361 4.963 40
16692 5021 3 0 18.420361 6.381 40
16693 5021 3 0 19.648384 7.09 40
16694 5021 3 0 22.104433 4.254 40
16695 5021 3 0 20.876408 4.963 40
16696 5021 3 0 20.876408 6.381 40
16697 5021 3 0 22.104433 7.09 40
16698 5021 3 0 24.56048 4.254 40
16699 5021 3 0 23.332457 4.963 40
16700 5021 3 0 23.332457 6.381 40
16701 5021 3 0 24.56048 7.09 40
16702 5021 3 0 27.016529 4.254 40
16703 5021 3 0 25.788504 4.963 40
16704 5021 3 0 25.788504 6.381 40
16705 5021 3 0 27.016529 7.09 40
16706 5021 3 0 29.472576 4.254 40
16707 5021 3 0 28.244553 4.963 40
16708 5021 3 0 28.244553 6.381 40
16709 5021 3 0 29.472576 7.09 40
16710 5021 3 0 31.928625 4.254 40
16711 5021 3 0 30.7006 4.963 40
16712 5021 3 0 30.7006 6.381 40
16713 5021 3 0 31.928625 7.09 40
16714 5021 3 0 34.384674 4.254 40
16715 5021 3 0 33.156647 4.963 40
16716 5021 3 0 33.156647 6.381 40
16717 5021 3 0 34.384674 7.09 40
16718 5021 3 0 36.840721 4.254 40
16719 5021 3 0 35.612698 4.963 40
16720 5021 3 0 35.612698 6.381 40
16721 5021 3 0 36.840721 7.09 40
16722 5021 3 0 39.296768 4.254 40
16723 5021 3 0 38.068745 4.963 40
16724 5021 3 0 38.068745 6.381 40
16725 5021 3 0 39.296768 7.09 40
16726 5021 3 0 41.752815 4.254 40
16727 5021 3 0 40.524792 4.963 40
16728 5021 3 0 40.524792 6.381 40
16729 5021 3 0 41.752815 7.09 40
16730 5021 3 0 44.208866 4.254 40
16731 5021 3 0 42.980843 4.963 40
16732 5021 3 0 42.980843 6.381 40
16733 5021 3 0 44.208866 7.09 40
16734 5021 3 0 46.664913 4.254 40
16735 5021 3 0 45.43689 4.963 40
16736 5021 3 0 45.43689 6.381 40
16737 5021 3 0 46.664913 7.09 40
16738 5021 3 0 49.12096 4.254 40
16739 5021 3 0 47.892937 4.963 40
16740 5021 3 0 47.892937 6.381 40
16741 5021 3 0 49.12096 7.09 40
16742 5021 3 0 51.577007 4.254 40
16743 5021 3 0 50.348984 4.963 40
16744 5021 3 0 50.348984 6.381 40
16745 5021 3 0 51.577007 7.09 40
16746 5021 3 0 54.033058 4.254 40
16747 5021 3 0 52.805035 4.963 40
16748 5021 3 0 52.805035 6.381 40
16749 5021 3 0 54.033058 7.09 40
16750 5021 3 0 56.489105 4.254 40
16751 5021 3 0 55.261082 4.963 40
16752 5021 3 0 55.261082 6.381 40
16753 5021 3 0 56.489105 7.09 40
16754 5021 3 0 58.945152 4.254 40
16755 5021 3 0 57.717129 4.963 40
16756 5021 3 0 57.717129 6.381 40
16757 5021 3 0 58.945152 7.09 40
16758 5021 3 0 0 8.508 40
16759 5021 3 0 -1.228024 9.217 40
16760 5021 3 0 -1.228024 10.635 40
16761 5021 3 0 0 11.344 40
16762 5021 3 0 2.456048 8.508 40
16763 5021 3 0 1.228024 9.217 40
16764 5021 3 0 1.228024 10.635 40
16765 5021 3 0 2.456048 11.344 40
16766 5021 3 0 4.912096 8.508 40
16767 5021 3 0 3.684072 9.217 40
16768 5021 3 0 3.684072 10.635 40
16769 5021 3 0 4.912096 11.344 40
16770 5021 3 0 7.368144 8.508 40
16771 5021 3 0 6.14012 9.217 40
16772 5021 3 0 6.14012 10.635 40
16773 5021 3 0 7.368144 11.344 40
16774 5021 3 0 9.824192 8.508 40
16775 5021 3 0 8.596169 9.217 40
16776 5021 3 0 8.596169 10.635 40
16777 5021 3 0 9.824192 11.344 40
16778 5021 3 0 12.28024 8.508 40
16779 5021 3 0 11.052217 9.217 40
16780 5021 3 0 11.052217 10.635 40
16781 5021 3 0 12.28024 11.344 40
16782 5021 3 0 14.736288 8.508 40
16783 5021 3 0 13.508265 9.217 40
16784 5021 3 0 13.508265 10.635 40
16785 5021 3 0 14.736288 11.344 40
16786 5021 3 0 17.192337 8.508 40
16787 5021 3 0 15.964313 9.217 40
16788 5021 3 0 15.964313 10.635 40
16789 5021 3 0 17.192337 11.344 40
16790 5021 3 0 19.648384 8.508 40
16791 5021 3 0 18.420361 9.217 40
16792 5021 3 0 18.420361 10.635 40
16793 5021 3 0 19.648384 11.344 40
16794 5021 3 0 22.104433 8.508 40
16795 5021 3 0 20.876408 9.217 40
16796 5021 3 0 20.876408 10.635 40
16797 5021 3 0 22.104433 11.344 40
16798 5021 3 0 24.56048 8.508 40
16799 5021 3 0 23.332457 9.217 40
16800 5021 3 0 23.332457 10.635 40
16801 5021 3 0 24.56048 11.344 40
16802 5021 3 0 27.016529 8.508 40
16803 5021 3 0 25.788504 9.217 40
16804 5021 3 0 25.788504 10.635 40
16805 5021 3 0 27.016529 11.344 40
16806 5021 3 0 29.472576 8.508 40
16807 5021 3 0 28.244553 9.217 40
16808 5021 3 0 28.244553 10.635 40
16809 5021 3 0 29.472576 11.344 40
16810 5021 3 0 31.928625 8.508 40
16811 5021 3 0 30.7006 9.217 40
16812 5021 3 0 30.7006 10.635 40
16813 5021 3 0 31.928625 11.344 40
16814 5021 3 0 34.384674 8.508 40
16815 5021 3 0 33.156647 9.217 40
16816 5021 3 0 33.156647 10.635 40
16817 5021 3 0 34.384674 11.344 40
16818 5021 3 0 36.840721 8.508 40
16819 5021 3 0 35.612698 9.217 40
16820 5021 3 0 35.612698 10.635 40
16821 5021 3 0 36.840721 11.344 40
16822 5021 3 0 39.296768 8.508 40
16823 5021 3 0 38.068745 9.217 40
16824 5021 3 0 38.068745 10.635 40
16825 5021 3 0 39.296768 11.344 40
16826 5021 3 0 41.752815 8.508 40
16827 5021 3 0 40.524792 9.217 40
16828 5021 3 0 40.524792 10.635 40
16829 5021 3 0 41.752815 11.344 40
16830 5021 3 0 44.208866 8.508 40
16831 5021 3 0 42.980843 9.217 40
16832 5021 3 0 42.980843 10.635 40
16833 5021 3 0 44.208866 11.344 40
16834 5021 3 0 46.664913 8.508 40
16835 5021 3 0 45.43689 9.217 40
16836 5021 3 0 45.43689 10.635 40
16837 5021 3 0 46.664913 11.344 40
16838 5021 3 0 49.12096 8.508 40
16839 5021 3 0 47.892937 9.217 40
16840 5021 3 0 47.892937 10.635 40
16841 5021 3 0 49.12096 11.344 40
16842 5021 3 0 51.577007 8.508 40
16843 5021 3 0 50.348984 9.217 40
16844 5021 3 0 50.348984 10.635 40
16845 5021 3 0 51.577007 11.344 40
16846 5021 3 0 54.033058 8.508 40
16847 5021 3 0 52.805035 9.217 40
16848 5021 3 0 52.805035 10.635 40
16849 5021 3 0 54.033058 11.344 40
16850 5021 3 0 56.489105 8.508 40
16851 5021 3 0 55.261082 9.217 40
16852 5021 3 0 55.261082 10.635 40
16853 5021 3 0 56.489105 11.344 40
16854 5021 3 0 58.945152 8.508 40
16855 5021 3 0 57.717129 9.217 40
16856 5021 3 0 57.717129 10.635 40
16857 5021 3 0 58.945152 11.344 40
16858 5021 3 0 0 12.762 40
16859 5021 3 0 -1.228024 13.471 40
16860 5021 3 0 -1.228024 14.889 40
16861 5021 3 0 0 15.598 40
16862 5021 3 0 2.456048 12.762 40
16863 5021 3 0 1.228024 13.471 40
16864 5021 3 0 1.228024 14.889 40
16865 5021 3 0 2.456048 15.598 40
16866 5021 3 0 4.912096 12.762 40
16867 5021 3 0 3.684072 13.471 40
16868 5021 3 0 3.684072 14.889 40
16869 5021 3 0 4.912096 15.598 40
16870 5021 3 0 7.368144 12.762 40
16871 5021 3 0 6.14012 13.471 40
16872 5021 3 0 6.14012 14.889 40
16873 5021 3 0 7.368144 15.598 40
16874 5021 3 0 9.824192 12.762 40
16875 5021 3 0 8.596169 13.471 40
16876 5021 3 0 8.596169 14.889 40
16877 5021 3 0 9.824192 15.598 40
16878 5021 3 0 12.28024 12.762 40
16879 5021 3 0 11.052217 13.471 40
16880 5021 3 0 11.052217 14.889 40
16881 5021 3 0 12.28024 15.598 40
16882 5021 3 0 14.736288 12.762 40
16883 5021 3 0 13.508265 13.471 40
16884 5021 3 0 13.508265 14.889 40
16885 5021 3 0 14.736288 15.598 40
16886 5021 3 0 17.192337 12.762 40
16887 5021 3 0 15.964313 13.471 40
16888 5021 3 0 15.964313 14.889 40
16889 5021 3 0 17.192337 15.598 40
16890 5021 3 0 19.648384 12.762 40
16891 5021 3 0 18.420361 13.471 40
16892 5021 3 0 18.420361 14.889 40
16893 5021 3 0 19.648384 15.598 40
16894 5021 3 0 22.104433 12.762 40
16895 5021 3 0 20.876408 13.471 40
16896 5021 3 0 20.876408 14.889 40
16897 5021 3 0 22.104433 15.598 40
16898 5021 3 0 24.56048 12.762 40
16899 5021 3 0 23.332457 13.471 40
16900 5021 3 0 23.332457 14.889 40
16901 5021 3 0 24.56048 15.598 40
16902 5021 3 0 27.016529 12.762 40
16903 5021 3 0 25.788504 13.471 40
16904 5021 3 0 25.788504 14.889 40
16905 5021 3 0 27.016529 15.598 40
16906 5021 3 0 29.472576 12.762 40
16907 5021 3 0 28.244553 13.471 40
16908 5021 3 0 28.244553 14.889 40
16909 5021 3 0 29.472576 15.598 40
16910 5021 3 0 31.928625 12.762 40
16911 5021 3 0 30.7006 13.471 40
16912 5021 3 0 30.7006 14.889 40
16913 5021 3 0 31.928625 15.598 40
16914 5021 3 0 34.384674 12.762 40
16915 5021 3 0 33.156647 13.471 40
16916 5021 3 0 33.156647 14.889 40
16917 5021 3 0 34.384674 15.598 40
16918 5021 3 0 36.840721 12.762 40
16919 5021 3 0 35.612698 13.471 40
16920 5021 3 0 35.612698 14.889 40
16921 5021 3 0 36.840721 15.598 40
16922 5021 3 0 39.296768 12.762 40
16923 5021 3 0 38.068745 13.471 40
16924 5021 3 0 38.068745 14.889 40
16925 5021 3 0 39.296768 15.598 40
16926 5021 3 0 41.752815 12.762 40
16927 5021 3 0 40.524792 13.471 40
16928 5021 3 0 40.524792 14.889 40
16929 5021 3 0 41.752815 15.598 40
16930 5021 3 0 44.208866 12.762 40
16931 5021 3 0 42.980843 13.471 40
16932 5021 3 0 42.980843 14.889 40
16933 5021 3 0 44.208866 15.598 40
16934 5021 3 0 46.664913 12.762 40
16935 5021 3 0 45.43689 13.471 40
16936 5021 3 0 45.43689 14.889 40
16937 5021 3 0 46.664913 15.598 40
16938 5021 3 0 49.12096 12.762 40
16939 5021 3 0 47.892937 13.471 40
16940 5021 3 0 47.892937 14.889 40
16941 5021 3 0 49.12096 15.598 40
16942 5021 3 0 51.577007 12.762 40
16943 5021 3 0 50.348984 13.471 40
16944 5021 3 0 50.348984 14.889 40
16945 5021 3 0 51.577007 15.598 40
16946 5021 3 0 54.033058 12.762 40
16947 5021 3 0 52.805035 13.471 40
16948 5021 3 0 52.805035 14.889 40
16949 5021 3 0 54.033058 15.598 40
16950 5021 3 0 56.489105 12.762 40
16951 5021 3 0 55.261082 13.471 40
16952 5021 3 0 55.261082 14.889 40
16953 5021 3 0 56.489105 15.598 40
16954 5021 3 0 58.945152 12.762 40
16955 5021 3 0 57.717129 13.471 40
16956 5021 3 0 57.717129 14.889 40
16957 5021 3 0 58.945152 15.598 40
16958 5021 3 0 0 17.016001 40
16959 5021 3 0 -1.228024 17.725 40
16960 5021 3 0 -1.228024 19.143 40
16961 5021 3 0 0 19.851999 40
16962 5021 3 0 2.456048 17.016001 40
16963 5021 3 0 1.228024 17.725 40
16964 5021 3 0 1.228024 19.143 40
16965 5021 3 0 2.456048 19.851999 40
16966 5021 3 0 4.912096 17.016001 40
16967 5021 3 0 3.684072 17.725 40
16968 5021 3 0 3.684072 19.143 40
16969 5021 3 0 4.912096 19.851999 40
16970 5021 3 0 7.368144 17.016001 40
16971 5021 3 0 6.14012 17.725 40
16972 5021 3 0 6.14012 19.143 40
16973 5021 3 0 7.368144 19.851999 40
16974 5021 3 0 9.824192 17.016001 40
16975 5021 3 0 8.596169 17.725 40
16976 5021 3 0 8.596169 19.143 40
16977 5021 3 0 9.824192 19.851999 40
16978 5021 3 0 12.28024 17.016001 40
16979 5021 3 0 11.052217 17.725 40
16980 5021 3 0 11.052217 19.143 40
16981 5021 3 0 12.28024 19.851999 40
16982 5021 3 0 14.736288 17.016001 40
16983 5021 3 0 13.508265 17.725 40
16984 5021 3 0 13.508265 19.143 40
16985 5021 3 0 14.736288 19.851999 40
16986 5021 3 0 17.192337 17.016001 40
16987 5021 3 0 15.964313 17.725 40
16988 5021 3 0 15.964313 19.143 40
16989 5021 3 0 17.192337 19.851999 40
16990 5021 3 0 19.648384 17.016001 40
16991 5021 3 0 18.420361 17.725 40
16992 5021 3 0 18.420361 19.143 40
16993 5021 3 0 19.648384 19.851999 40
16994 5021 3 0 22.104433 17.016001 40
16995 5021 3 0 20.876408 17.725 40
16996 5021 3 0 20.876408 19.143 40
16997 5021 3 0 22.104433 19.851999 40
16998 5021 3 0 24.56048 17.016001 40
16999 5021 3 0 23.332457 17.725 40
17000 5021 3 0 23.332457 19.143 40
17001 5021 3 0 24.56048 19.851999 40
17002 5021 3 0 27.016529 17.016001 40
17003 5021 3 0 25.788504 17.725 40
17004 5021 3 0 25.788504 19.143 40
17005 5021 3 0 27.016529 19.851999 40
17006 5021 3 0 29.472576 17.016001 40
17007 5021 3 0 28.244553 17.725 40
17008 5021 3 0 28.244553 19.143 40
17009 5021 3 0 29.472576 19.851999 40
17010 5021 3 0 31.928625 17.016001 40
17011 5021 3 0 30.7006 17.725 40
17012 5021 3 0 30.7006 19.143 40
17013 5021 3 0 31.928625 19.851999 40
17014 5021 3 0 34.384674 17.016001 40
17015 5021 3 0 33.156647 17.725 40
17016 5021 3 0 33.156647 19.143 40
17017 5021 3 0 34.384674 19.851999 40
17018 5021 3 0 36.840721 17.016001 40
17019 5021 3 0 35.612698 17.725 40
17020 5021 3 0 35.612698 19.143 40
17021 5021 3 0 36.840721 19.851999 40
17022 5021 3 0 39.296768 17.016001 40
17023 5021 3 0 38.068745 17.725 40
17024 5021 3 0 38.068745 19.143 40
17025 5021 3 0 39.296768 19.851999 40
17026 5021 3 0 41.752815 17.016001 40
17027 5021 3 0 40.524792 17.725 40
17028 5021 3 0 40.524792 19.143 40
17029 5021 3 0 41.752815 19.851999 40
17030 5021 3 0 44.208866 17.016001 40
17031 5021 3 0 42.980843 17.725 40
17032 5021 3 0 42.980843 19.143 40
17033 5021 3 0 44.208866 19.851999 40
17034 5021 3 0 46.664913 17.016001 40
17035 5021 3 0 45.43689 17.725 40
17036 5021 3 0 45.43689 19.143 40
17037 5021 3 0 46.664913 19.851999 40
17038 5021 3 0 49.12096 17.016001 40
17039 5021 3 0 47.892937 17.725 40
17040 5021 3 0 47.892937 19.143 40
17041 5021 3 0 49.12096 19.851999 40
17042 5021 3 0 51.577007 17.016001 40
17043 5021 3 0 50.348984 17.725 40
17044 5021 3 0 50.348984 19.143 40
17045 5021 3 0 51.577007 19.851999 40
17046 5021 3 0 54.033058 17.016001 40
17047 5021 3 0 52.805035 17.725 40
17048 5021 3 0 52.805035 19.143 40
17049 5021 3 0 54.033058 19.851999 40
17050 5021 3 0 56.489105 17.016001 40
17051 5021 3 0 55.261082 17.725 40
17052 5021 3 0 55.261082 19.143 40
17053 5021 3 0 56.489105 19.851999 40
17054 5021 3 0 58.945152 17.016001 40
17055 5021 3 0 57.717129 17.725 40
17056 5021 3 0 57.717129 19.143 40
17057 5021 3 0 58.945152 19.851999 40
17058 5021 3 0 0 21.27 40
17059 5021 3 0 -1.228024 21.979 40
17060 5021 3 0 -1.228024 23.396999 40
17061 5021 3 0 0 24.106001 40
17062 5021 3 0 2.456048 21.27 40
17063 5021 3 0 1.228024 21.979 40
17064 5021 3 0 1.228024 23.396999 40
17065 5021 3 0 2.456048 24.106001 40
17066 5021 3 0 4.912096 21.27 40
17067 5021 3 0 3.684072 21.979 40
17068 5021 3 0 3.684072 23.396999 40
17069 5021 3 0 4.912096 24.106001 40
17070 5021 3 0 7.368144 21.27 40
17071 5021 3 0 6.14012 21.979 40
17072 5021 3 0 6.14012 23.396999 40
17073 5021 3 0 7.368144 24.106001 40
17074 5021 3 0 9.824192 21.27 40
17075 5021 3 0 8.596169 21.979 40
17076 5021 3 0 8.596169 23.396999 40
17077 5021 3 0 9.824192 24.106001 40
17078 5021 3 0 12.28024 21.27 40
17079 5021 3 0 11.052217 21.979 40
17080 5021 3 0 11.052217 23.396999 40
17081 5021 3 0 12.28024 24.106001 40
17082 5021 3 0 14.736288 21.27 40
17083 5021 3 0 13.508265 21.979 40
17084 5021 3 0 13.508265 23.396999 40
17085 5021 3 0 14.736288 24.106001 40
17086 5021 3 0 17.192337 21.27 40
17087 5021 3 0 15.964313 21.979 40
17088 5021 3 0 15.964313 23.396999 40
17089 5021 3 0 17.192337 24.106001 40
17090 5021 3 0 19.648384 21.27 40
17091 5021 3 0 18.420361 21.979 40
17092 5021 3 0 18.420361 23.396999 40
17093 5021 3 0 19.648384 24.106001 40
17094 5021 3 0 22.104433 21.27 40
17095 5021 3 0 20.876408 21.979 40
17096 5021 3 0 20.876408 23.396999 40
17097 5021 3 0 22.104433 24.106001 40
17098 5021 3 0 24.56048 21.27 40
17099 5021 3 0 23.332457 21.979 40
17100 5021 3 0 23.332457 23.396999 40
17101 5021 3 0 24.56048 24.106001 40
17102 5021 3 0 27.016529 21.27 40
17103 5021 3 0 25.788504 21.979 40
17104 5021 3 0 25.788504 23.396999 40
17105 5021 3 0 27.016529 24.106001 40
17106 5021 3 0 29.472576 21.27 40
17107 5021 3 0 28.244553 21.979 40
17108 5021 3 0 28.244553 23.396999 40
17109 5021 3 0 29.472576 24.106001 40
17110 5021 3 0 31.928625 21.27 40
17111 5021 3 0 30.7006 21.979 40
17112 5021 3 0 30.7006 23.396999 40
17113 5021 3 0 31.928625 24.106001 40
17114 5021 3 0 34.384674 21.27 40
17115 5021 3 0 33.156647 21.979 40
17116 5021 3 0 33.156647 23.396999 40
17117 5021 3 0 34.384674 24.106001 40
17118 5021 3 0 36.840721 21.27 40
17119 5021 3 0 35.612698 21.979 40
17120 5021 3 0 35.612698 23.396999 40
17121 5021 3 0 36.840721 24.106001 40
17122 5021 3 0 39.296768 21.27 40
17123 5021 3 0 38.068745 21.979 40
17124 5021 3 0 38.068745 23.396999 40
17125 5021 3 0 39.296768 24.106001 40
17126 5021 3 0 41.752815 21.27 40
17127 5021 3 0 40.524792 21.979 40
17128 5021 3 0 40.524792 23.396999 40
17129 5021 3 0 41.752815 24.106001 40
17130 5021 3 0 44.208866 21.27 40
17131 5021 3 0 42.980843 21.979 40
17132 5021 3 0 42.980843 23.396999 40
17133 5021 3 0 44.208866 24.106001 40
17134 5021 3 0 46.664913 21.27 40
17135 5021 3 0 45.43689 21.979 40
17136 5021 3 0 45.43689 23.396999 40
17137 5021 3 0 46.664913 24.106001 40
17138 5021 3 0 49.12096 21.27 40
17139 5021 3 0 47.892937 21.979 40
17140 5021 3 0 47.892937 23.396999 40
17141 5021 3 0 49.12096 24.106001 40
17142 5021 3 0 51.577007 21.27 40
17143 5021 3 0 50.348984 21.979 40
17144 5021 3 0 50.348984 23.396999 40
17145 5021 3 0 51.577007 24.106001 40
17146 5021 3 0 54.033058 21.27 40
17147 5021 3 0 52.805035 21.979 40
17148 5021 3 0 52.805035 23.396999 40
17149 5021 3 0 54.033058 24.106001 40
17150 5021 3 0 56.489105 21.27 40
17151 5021 3 0 55.261082 21.979 40
17152 5021 3 0 55.261082 23.396999 40
17153 5021 3 0 56.489105 24.106001 40
17154 5021 3 0 58.945152 21.27 40
17155 5021 3 0 57.717129 21.979 40
17156 5021 3 0 57.717129 23.396999 40
17157 5021 3 0 58.945152 24.106001 40
17158 5021 3 0 0 25.524 40
17159 5021 3 0 -1.228024 26.233 40
17160 5021 3 0 -1.228024 27.650999 40
17161 5021 3 0 0 28.360001 40
17162 5021 3 0 2.456048 25.524 40
17163 5021 3 0 1.228024 26.233 40
17164 5021 3 0 1.228024 27.650999 40
17165 5021 3 0 2.456048 28.360001 40
17166 5021 3 0 4.912096 25.524 40
17167 5021 3 0 3.684072 26.233 40
17168 5021 3 0 3.684072 27.650999 40
17169 5021 3 0 4.912096 28.360001 40
17170 5021 3 0 7.368144 25.524 40
17171 5021 3 0 6.14012 26.233 40
17172 5021 3 0 6.14012 27.650999 40
17173 5021 3 0 7.368144 28.360001 40
17174 5021 3 0 9.824192 25.524 40
17175 5021 3 0 8.596169 26.233 40
17176 5021 3 0 8.596169 27.650999 40
17177 5021 3 0 9.824192 28.360001 40
17178 5021 3 0 12.28024 25.524 40
17179 5021 3 0 11.052217 26.233 40
17180 5021 3 0 11.052217 27.650999 40
17181 5021 3 0 12.28024 28.360001 40
17182 5021 3 0 14.736288 25.524 40
17183 5021 3 0 13.508265 26.233 40
17184 5021 3 0 13.508265 27.650999 40
17185 5021 3 0 14.736288 28.360001 40
17186 5021 3 0 17.192337 25.524 40
17187 5021 3 0 15.964313 26.233 40
17188 5021 3 0 15.964313 27.650999 40
17189 5021 3 0 17.192337 28.360001 40
17190 5021 3 0 19.648384 25.524 40
17191 5021 3 0 18.420361 26.233 40
17192 5021 3 0 18.420361 27.650999 40
17193 5021 3 0 19.648384 28.360001 40
17194 5021 3 0 22.104433 25.524 40
17195 5021 3 0 20.876408 26.233 40
17196 5021 3 0 20.876408 27.650999 40
17197 5021 3 0 22.104433 28.360001 40
17198 5021 3 0 24.56048 25.524 40
17199 5021 3 0 23.332457 26.233 40
17200 5021 3 0 23.332457 27.650999 40
17201 5021 3 0 24.56048 28.360001 40
17202 5021 3 0 27.016529 25.524 40
17203 5021 3 0 25.788504 26.233 40
17204 5021 3 0 25.788504 27.650999 40
17205 5021 3 0 27.016529 28.360001 40
17206 5021 3 0 29.472576 25.524 40
17207 5021 3 0 28.244553 26.233 40
17208 5021 3 0 28.244553 27.650999 40
17209 5021 3 0 29.472576 28.360001 40
17210 5021 3 0 31.928625 25.524 40
17211 5021 3 0 30.7006 26.233 40
17212 5021 3 0 30.7006 27.650999 40
17213 5021 3 0 31.928625 28.360001 40
17214 5021 3 0 34.384674 25.524 40
17215 5021 3 0 33.156647 26.233 40
17216 5021 3 0 33.156647 27.650999 40
17217 5021 3 0 34.384674 28.360001 40
17218 5021 3 0 36.840721 25.524 40
17219 5021 3 0 35.612698 26.233 40
17220 5021 3 0 35.612698 27.650999 40
17221 5021 3 0 36.840721 28.360001 40
17222 5021 3 0 39.296768 25.524 40
17223 5021 3 0 38.068745 26.233 40
17224 5021 3 0 38.068745 27.650999 40
17225 5021 3 0 39.296768 28.360001 40
17226 5021 3 0 41.752815 25.524 40
17227 5021 3 0 40.524792 26.233 40
17228 5021 3 0 40.524792 27.650999 40
17229 5021 3 0 41.752815 28.360001 40
17230 5021 3 0 44.208866 25.524 40
17231 5021 3 0 42.980843 26.233 40
17232 5021 3 0 42.980843 27.650999 40
17233 5021 3 0 44.208866 28.360001 40
17234 5021 3 0 46.664913 25.524 40
17235 5021 3 0 45.43689 26.233 40
17236 5021 3 0 45.43689 27.650999 40
17237 5021 3 0 46.664913 28.360001 40
17238 5021 3 0 49.12096 25.524 40
17239 5021 3 0 47.892937 26.233 40
17240 5021 3 0 47.892937 27.650999 40
17241 5021 3 0 49.12096 28.360001 40
17242 5021 3 0 51.577007 25.524 40
17243 5021 3 0 50.348984 26.233 40
17244 5021 3 0 50.348984 27.650999 40
17245 5021 3 0 51.577007 28.360001 40
17246 5021 3 0 54.033058 25.524 40
17247 5021 3 0 52.805035 26.233 40
17248 5021 3 0 52.805035 27.650999 40
17249 5021 3 0 54.033058 28.360001 40
17250 5021 3 0 56.489105 25.524 40
17251 5021 3 0 55.261082 26.233 40
17252 5021 3 0 55.261082 27.650999 40
17253 5021 3 0 56.489105 28.360001 40
17254 5021 3 0 58.945152 25.524 40
17255 5021 3 0 57.717129 26.233 40
17256 5021 3 0 57.717129 27.650999 40
17257 5021 3 0 58.945152 28.360001 40
17258 5021 3 0 0 29.778 40
17259 5021 3 0 -1.228024 30.487 40
17260 5021 3 0 -1.228024 31.905001 40
17261 5021 3 0 0 32.613998 40
17262 5021 3 0 2.456048 29.778 40
17263 5021 3 0 1.228024 30.487 40
17264 5021 3 0 1.228024 31.905001 40
17265 5021 3 0 2.456048 32.613998 40
17266 5021 3 0 4.912096 29.778 40
17267 5021 3 0 3.684072 30.487 40
17268 5021 3 0 3.684072 31.905001 40
17269 5021 3 0 4.912096 32.613998 40
17270 5021 3 0 7.368144 29.778 40
17271 5021 3 0 6.14012 30.487 40
17272 5021 3 0 6.14012 31.905001 40
17273 5021 3 0 7.368144 32.613998 40
17274 5021 3 0 9.824192 29.778 40
17275 5021 3 0 8.596169 30.487 40
17276 5021 3 0 8.596169 31.905001 40
17277 5021 3 0 9.824192 32.613998 40
17278 5021 3 0 12.28024 29.778 40
17279 5021 3 0 11.052217 30.487 40
17280 5021 3 0 11.052217 31.905001 40
17281 5021 3 0 12.28024 32.613998 40
17282 5021 3 0 14.736288 29.778 40
17283 5021 3 0 13.508265 30.487 40
17284 5021 3 0 13.508265 31.905001 40
17285 5021 3 0 14.736288 32.613998 40
17286 5021 3 0 17.192337 29.778 40
17287 5021 3 0 15.964313 30.487 40
17288 5021 3 0 15.964313 31.905001 40
17289 5021 3 0 17.192337 32.613998 40
17290 5021 3 0 19.648384 29.778 40
17291 5021 3 0 18.420361 30.487 40
17292 5021 3 0 18.420361 31.905001 40
17293 5021 3 0 19.648384 32.613998 40
17294 5021 3 0 22.104433 29.778 40
17295 5021 3 0 20.876408 30.487 40
17296 5021 3 0 20.876408 31.905001 40
17297 5021 3 0 22.104433 32.613998 40
17298 5021 3 0 24.56048 29.778 40
17299 5021 3 0 23.332457 30.487 40
17300 5021 3 0 23.332457 31.905001 40
17301 5021 3 0 24.56048 32.613998 40
17302 5021 3 0 27.016529 29.778 40
17303 5021 3 0 25.788504 30.487 40
17304 5021 3 0 25.788504 31.905001 40
17305 5021 3 0 27.016529 32.613998 40
17306 5021 3 0 29.472576 29.778 40
17307 5021 3 0 28.244553 30.487 40
17308 5021 3 0 28.244553 31.905001 40
17309 5021 3 0 29.472576 32.613998 40
17310 5021 3 0 31.928625 29.778 40
17311 5021 3 0 30.7006 30.487 40
17312 5021 3 0 30.7006 31.905001 40
17313 5021 3 0 31.928625 32.613998 40
17314 5021 3 0 34.384674 29.778 40
17315 5021 3 0 33.156647 30.487 40
17316 5021 3 0 33.156647 31.905001 40
17317 5021 3 0 34.384674 32.613998 40
17318 5021 3 0 36.840721 29.778 40
17319 5021 3 0 35.612698 30.487 40
17320 5021 3 0 35.612698 31.905001 40
17321 5021 3 0 36.840721 32.613998 40
17322 5021 3 0 39.296768 29.778 40
17323 5021 3 0 38.068745 30.487 40
17324 5021 3 0 38.068745 31.905001 40
17325 5021 3 0 39.296768 32.613998 40
17326 5021 3 0 41.752815 29.778 40
17327 5021 3 0 40.524792 30.487 40
17328 5021 3 0 40.524792 31.905001 40
17329 5021 3 0 41.752815 32.613998 40
17330 5021 3 0 44.208866 29.778 40
17331 5021 3 0 42.980843 30.487 40
17332 5021 3 0 42.980843 31.905001 40
17333 5021 3 0 44.208866 32.613998 40
17334 5021 3 0 46.664913 29.778 40
17335 5021 3 0 45.43689 30.487 40
17336 5021 3 0 45.43689 31.905001 40
17337 5021 3 0 46.664913 32.613998 40
17338 5021 3 0 49.12096 29.778 40
17339 5021 3 0 47.892937 30.487 40
17340 5021 3 0 47.892937 31.905001 40
17341 5021 3 0 49.12096 32.613998 40
17342 5021 3 0 51.577007 29.778 40
17343 5021 3 0 50.348984 30.487 40
17344 5021 3 0 50.348984 31.905001 40
17345 5021 3 0 51.577007 32.613998 40
17346 5021 3 0 54.033058 29.778 40
17347 5021 3 0 52.805035 30.487 40
17348 5021 3 0 52.805035 31.905001 40
17349 5021 3 0 54.033058 32.613998 40
17350 5021 3 0 56.489105 29.778 40
17351 5021 3 0 55.261082 30.487 40
17352 5021 3 0 55.261082 31.905001 40
17353 5021 3 0 56.489105 32.613998 40
17354 5021 3 0 58.945152 29.778 40
17355 5021 3 0 57.717129 30.487 40
17356 5021 3 0 57.717129 31.905001 40
17357 5021 3 0 58.945152 32.613998 40
17358 5021 3 0 0 34.032001 40
17359 5021 3 0 -1.228024 34.741001 40
17360 5021 3 0 -1.228024 36.159 40
17361 5021 3 0 0 36.868 40
17362 5021 3 0 2.456048 34.032001 40
17363 5021 3 0 1.228024 34.741001 40
17364 5021 3 0 1.228024 36.159 40
17365 5021 3 0 2.456048 36.868 40
17366 5021 3 0 4.912096 34.032001 40
17367 5021 3 0 3.684072 34.741001 40
17368 5021 3 0 3.684072 36.159 40
17369 5021 3 0 4.912096 36.868 40
17370 5021 3 0 7.368144 34.032001 40
17371 5021 3 0 6.14012 34.741001 40
17372 5021 3 0 6.14012 36.159 40
17373 5021 3 0 7.368144 36.868 40
17374 5021 3 0 9.824192 34.032001 40
17375 5021 3 0 8.596169 34.741001 40
17376 5021 3 0 8.596169 36.159 40
17377 5021 3 0 9.824192 36.868 40
17378 5021 3 0 12.28024 34.032001 40
17379 5021 3 0 11.052217 34.741001 40
17380 5021 3 0 11.052217 36.159 40
17381 5021 3 0 12.28024 36.868 40
17382 5021 3 0 14.736288 34.032001 40
17383 5021 3 0 13.508265 34.741001 40
17384 5021 3 0 13.508265 36.159 40
17385 5021 3 0 14.736288 36.868 40
17386 5021 3 0 17.192337 34.032001 40
17387 5021 3 0 15.964313 34.741001 40
17388 5021 3 0 15.964313 36.159 40
17389 5021 3 0 17.192337 36.868 40
17390 5021 3 0 19.648384 34.032001 40
17391 5021 3 0 18.420361 34.741001 40
17392 5021 3 0 18.420361 36.159 40
17393 5021 3 0 19.648384 36.868 40
17394 5021 3 0 22.104433 34.032001 40
17395 5021 3 0 20.876408 34.741001 40
17396 5021 3 0 20.876408 36.159 40
17397 5021 3 0 22.104433 36.868 40
17398 5021 3 0 24.56048 34.032001 40
17399 5021 3 0 23.332457 34.741001 40
17400 5021 3 0 23.332457 36.159 40
17401 5021 3 0 24.56048 36.868 40
17402 5021 3 0 27.016529 34.032001 40
17403 5021 3 0 25.788504 34.741001 40
17404 5021 3 0 25.788504 36.159 40
17405 5021 3 0 27.016529 36.868 40
17406 5021 3 0 29.472576 34.032001 40
17407 5021 3 0 28.244553 34.741001 40
17408 5021 3 0 28.244553 36.159 40
17409 5021 3 0 29.472576 36.868 40
17410 5021 3 0 31.928625 34.032001 40
17411 5021 3 0 30.7006 34.741001 40
17412 5021 3 0 30.7006 36.159 40
17413 5021 3 0 31.928625 36.868 40
17414 5021 3 0 34.384674 34.032001 40
17415 5021 3 0 33.156647 34.741001 40
17416 5021 3 0 33.156647 36.159 40
17417 5021 3 0 34.384674 36.868 40
17418 5021 3 0 36.840721 34.032001 40
17419 5021 3 0 35.612698 34.741001 40
17420 5021 3 0 35.612698 36.159 40
17421 5021 3 0 36.840721 36.868 40
17422 5021 3 0 39.296768 34.032001 40
17423 5021 3 0 38.068745 34.741001 40
17424 5021 3 0 38.068745 36.159 40
17425 5021 3 0 39.296768 36.868 40
17426 5021 3 0 41.752815 34.032001 40
17427 5021 3 0 40.524792 34.741001 40
17428 5021 3 0 40.524792 36.159 40
17429 5021 3 0 41.752815 36.868 40
17430 5021 3 0 44.208866 34.032001 40
17431 5021 3 0 42.980843 34.741001 40
17432 5021 3 0 42.980843 36.159 40
17433 5021 3 0 44.208866 36.868 40
17434 5021 3 0 46.664913 34.032001 40
17435 5021 3 0 45.43689 34.741001 40
17436 5021 3 0 45.43689 36.159 40
17437 5021 3 0 46.664913 36.868 40
17438 5021 3 0 49.12096 34.032001 40
17439 5021 3 0 47.892937 34.741001 40
17440 5021 3 0 47.892937 36.159 40
17441 5021 3 0 49.12096 36.868 40
17442 5021 3 0 51.577007 34.032001 40
17443 5021 3 0 50.348984 34.741001 40
17444 5021 3 0 50.348984 36.159 40
17445 5021 3 0 51.577007 36.868 40
17446 5021 3 0 54.033058 34.032001 40
17447 5021 3 0 52.805035 34.741001 40
17448 5021 3 0 52.805035 36.159 40
17449 5021 3 0 54.033058 36.868 40
17450 5021 3 0 56.489105 34.032001 40
17451 5021 3 0 55.261082 34.741001 40
17452 5021 3 0 55.261082 36.159 40
17453 5021 3 0 56.489105 36.868 40
17454 5021 3 0 58.945152 34.032001 40
17455 5021 3 0 57.717129 34.741001 40
17456 5021 3 0 57.717129 36.159 40
17457 5021 3 0 58.945152 36.868 40
17458 5021 3 0 0 38.285999 40
17459 5021 3 0 -1.228024 38.994999 40
17460 5021 3 0 -1.228024 40.412998 40
17461 5021 3 0 0 41.122002 40
17462 5021 3 0 2.456048 38.285999 40
17463 5021 3 0 1.228024 38.994999 40
17464 5021 3 0 1.228024 40.412998 40
17465 5021 3 0 2.456048 41.122002 40
17466 5021 3 0 4.912096 38.285999 40
17467 5021 3 0 3.684072 38.994999 40
17468 5021 3 0 3.684072 40.412998 40
17469 5021 3 0 4.912096 41.122002 40
17470 5021 3 0 7.368144 38.285999 40
17471 5021 3 0 6.14012 38.994999 40
17472 5021 3 0 6.14012 40.412998 40
17473 5021 3 0 7.368144 41.122002 40
17474 5021 3 0 9.824192 38.285999 40
17475 5021 3 0 8.596169 38.994999 40
17476 5021 3 0 8.596169 40.412998 40
17477 5021 3 0 9.824192 41.122002 40
17478 5021 3 0 12.28024 38.285999 40
17479 5021 3 0 11.052217 38.994999 40
17480 5021 3 0 11.052217 40.412998 40
17481 5021 3 0 12.28024 41.122002 40
17482 5021 3 0 14.736288 38.285999 40
17483 5021 3 0 13.508265 38.994999 40
17484 5021 3 0 13.508265 40.412998 40
17485 5021 3 0 14.736288 41.122002 40
17486 5021 3 0 17.192337 38.285999 40
17487 5021 3 0 15.964313 38.994999 40
17488 5021 3 0 15.964313 40.412998 40
17489 5021 3 0 17.192337 41.122002 40
17490 5021 3 0 19.648384 38.285999 40
17491 5021 3 0 18.420361 38.994999 40
17492 5021 3 0 18.420361 40.412998 40
17493 5021 3 0 19.648384 41.122002 40
17494 5021 3 0 22.104433 38.285999 40
17495 5021 3 0 20.876408 38.994999 40
17496 5021 3 0 20.876408 40.412998 40
17497 5021 3 0 22.104433 41.122002 40
17498 5021 3 0 24.56048 38.285999 40
17499 5021 3 0 23.332457 38.994999 40
17500 5021 3 0 23.332457 40.412998 40
17501 5021 3 0 24.56048 41.122002 40
17502 5021 3 0 27.016529 38.285999 40
17503 5021 3 0 25.788504 38.994999 40
17504 5021 3 0 25.788504 40.412998 40
17505 5021 3 0 27.016529 41.122002 40
17506 5021 3 0 29.472576 38.285999 40
17507 5021 3 0 28.244553 38.994999 40
17508 5021 3 0 28.244553 40.412998 40
17509 5021 3 0 29.472576 41.122002 40
17510 5021 3 0 31.928625 38.285999 40
17511 5021 3 0 30.7006 38.994999 40
17512 5021 3 0 30.7006 40.412998 40
17513 5021 3 0 31.928625 41.122002 40
17514 5021 3 0 34.384674 38.285999 40
17515 5021 3 0 33.156647 38.994999 40
17516 5021 3 0 33.156647 40.412998 40
17517 5021 3 0 34.384674 41.122002 40
17518 5021 3 0 36.840721 38.285999 40
17519 5021 3 0 35.612698 38.994999 40
17520 5021 3 0 35.612698 40.412998 40
17521 5021 3 0 36.840721 41.122002 40
17522 5021 3 0 39.296768 38.285999 40
17523 5021 3 0 38.068745 38.994999 40
17524 5021 3 0 38.068745 40.412998 40
17525 5021 3 0 39.296768 41.122002 40
17526 5021 3 0 41.752815 38.285999 40
17527 5021 3 0 40.524792 38.994999 40
17528 5021 3 0 40.524792 40.412998 40
17529 5021 3 0 41.752815 41.122002 40
17530 5021 3 0 44.208866 38.285999 40
17531 5021 3 0 42.980843 38.994999 40
17532 5021 3 0 42.980843 40.412998 40
17533 5021 3 0 44.208866 41.122002 40
17534 5021 3 0 46.664913 38.285999 40
17535 5021 3 0 45.43689 38.994999 40
17536 5021 3 0 45.43689 40.412998 40
17537 5021 3 0 46.664913 41.122002 40
17538 5021 3 0 49.12096 38.285999 40
17539 5021 3 0 47.892937 38.994999 40
17540 5021 3 0 47.892937 40.412998 40
17541 5021 3 0 49.12096 41.122002 40
17542 5021 3 0 51.577007 38.285999 40
17543 5021 3 0 50.348984 38.994999 40
17544 5021 3 0 50.348984 40.412998 40
17545 5021 3 0 51.577007 41.122002 40
17546 5021 3 0 54.033058 38.285999 40
17547 5021 3 0 52.805035 38.994999 40
17548 5021 3 0 52.805035 40.412998 40
17549 5021 3 0 54.033058 41.122002 40
17550 5021 3 0 56.489105 38.285999 40
17551 5021 3 0 55.261082 38.994999 40
17552 5021 3 0 55.261082 40.412998 40
17553 5021 3 0 56.489105 41.122002 40
17554 5021 3 0 58.945152 38.285999 40
17555 5021 3 0 57.717129 38.994999 40
17556 5021 3 0 57.717129 40.412998 40
17557 5021 3 0 58.945152 41.122002 40
17558 5021 3 0 0 42.540001 40
17559 5021 3 0 -1.228024 43.249001 40
17560 5021 3 0 -1.228024 44.667 40
17561 5021 3 0 0 45.375999 40
17562 5021 3 0 2.456048 42.540001 40
17563 5021 3 0 1.228024 43.249001 40
17564 5021 3 0 1.228024 44.667 40
17565 5021 3 0 2.456048 45.375999 40
17566 5021 3 0 4.912096 42.540001 40
17567 5021 3 0 3.684072 43.249001 40
17568 5021 3 0 3.684072 44.667 40
17569 5021 3 0 4.912096 45.375999 40
17570 5021 3 0 7.368144 42.540001 40
17571 5021 3 0 6.14012 43.249001 40
17572 5021 3 0 6.14012 44.667 40
17573 5021 3 0 7.368144 45.375999 40
17574 5021 3 0 9.824192 42.540001 40
17575 5021 3 0 8.596169 43.249001 40
17576 5021 3 0 8.596169 44.667 40
17577 5021 3 0 9.824192 45.375999 40
17578 5021 3 0 12.28024 42.540001 40
17579 5021 3 0 11.052217 43.249001 40
17580 5021 3 0 11.052217 44.667 40
17581 5021 3 0 12.28024 45.375999 40
17582 5021 3 0 14.736288 42.540001 40
17583 5021 3 0 13.508265 43.249001 40
17584 5021 3 0 13.508265 44.667 40
17585 5021 3 0 14.736288 45.375999 40
17586 5021 3 0 17.192337 42.540001 40
17587 5021 3 0 15.964313 43.249001 40
17588 5021 3 0 15.964313 44.667 40
17589 5021 3 0 17.192337 45.375999 40
17590 5021 3 0 19.648384 42.540001 40
17591 5021 3 0 18.420361 43.249001 40
17592 5021 3 0 18.420361 44.667 40
17593 5021 3 0 19.648384 45.375999 40
17594 5021 3 0 22.104433 42.540001 40
17595 5021 3 0 20.876408 43.249001 40
17596 5021 3 0 20.876408 44.667 40
17597 5021 3 0 22.104433 45.375999 40
17598 5021 3 0 24.56048 42.540001 40
17599 5021 3 0 23.332457 43.249001 40
17600 5021 3 0 23.332457 44.667 40
17601 5021 3 0 24.56048 45.375999 40
17602 5021 3 0 27.016529 42.540001 40
17603 5021 3 0 25.788504 43.249001 40
17604 5021 3 0 25.788504 44.667 40
17605 5021 3 0 27.016529 45.375999 40
17606 5021 3 0 29.472576 42.540001 40
17607 5021 3 0 28.244553 43.249001 40
17608 5021 3 0 28.244553 44.667 40
17609 5021 3 0 29.472576 45.375999 40
17610 5021 3 0 31.928625 42.540001 40
17611 5021 3 0 30.7006 43.249001 40
17612 5021 3 0 30.7006 44.667 40
17613 5021 3 0 31.928625 45.375999 40
17614 5021 3 0 34.384674 42.540001 40
17615 5021 3 0 33.156647 43.249001 40
17616 5021 3 0 33.156647 44.667 40
17617 5021 3 0 34.384674 45.375999 40
17618 5021 3 0 36.840721 42.540001 40
17619 5021 3 0 35.612698 43.249001 40
17620 5021 3 0 35.612698 44.667 40
17621 5021 3 0 36.840721 45.375999 40
17622 5021 3 0 39.296768 42.540001 40
17623 5021 3 0 38.068745 43.249001 40
17624 5021 3 0 38.068745 44.667 40
17625 5021 3 0 39.296768 45.375999 40
17626 5021 3 0 41.752815 42.540001 40
17627 5021 3 0 40.524792 43.249001 40
17628 5021 3 0 40.524792 44.667 40
17629 5021 3 0 41.752815 45.375999 40
17630 5021 3 0 44.208866 42.540001 40
17631 5021 3 0 42.980843 43.249001 40
17632 5021 3 0 42.980843 44.667 40
17633 5021 3 0 44.208866 45.375999 40
17634 5021 3 0 46.664913 42.540001 40
17635 5021 3 0 45.43689 43.249001 40
17636 5021 3 0 45.43689 44.667 40
17637 5021 3 0 46.664913 45.375999 40
17638 5021 3 0 49.12096 42.540001 40
17639 5021 3 0 47.892937 43.249001 40
17640 5021 3 0 47.892937 44.667 40
17641 5021 3 0 49.12096 45.375999 40
17642 5021 3 0 51.577007 42.540001 40
17643 5021 3 0 50.348984 43.249001 40
17644 5021 3 0 50.348984 44.667 40
17645 5021 3 0 51.577007 45.375999 40
17646 5021 3 0 54.033058 42.540001 40
17647 5021 3 0 52.805035 43.249001 40
17648 5021 3 0 52.805035 44.667 40
17649 5021 3 0 54.033058 45.375999 40
17650 5021 3 0 56.489105 42.540001 40
17651 5021 3 0 55.261082 43.249001 40
17652 5021 3 0 55.261082 44.667 40
17653 5021 3 0 56.489105 45.375999 40
17654 5021 3 0 58.945152 42.540001 40
17655 5021 3 0 57.717129 43.249001 40
17656 5021 3 0 57.717129 44.667 40
17657 5021 3 0 58.945152 45.375999 40
17658 5021 3 0 0 46.793999 40
17659 5021 3 0 -1.228024 47.502998 40
17660 5021 3 0 -1.228024 48.921001 40
17661 5021 3 0 0 49.630001 40
17662 5021 3 0 2.456048 46.793999 40
17663 5021 3 0 1.228024 47.502998 40
17664 5021 3 0 1.228024 48.921001 40
17665 5021 3 0 2.456048 49.630001 40
17666 5021 3 0 4.912096 46.793999 40
17667 5021 3 0 3.684072 47.502998 40
17668 5021 3 0 3.684072 48.921001 40
17669 5021 3 0 4.912096 49.630001 40
17670 5021 3 0 7.368144 46.793999 40
17671 5021 3 0 6.14012 47.502998 40
17672 5021 3 0 6.14012 48.921001 40
17673 5021 3 0 7.368144 49.630001 40
17674 5021 3 0 9.824192 46.793999 40
17675 5021 3 0 8.596169 47.502998 40
17676 5021 3 0 8.596169 48.921001 40
17677 5021 3 0 9.824192 49.630001 40
17678 5021 3 0 12.28024 46.793999 40
17679 5021 3 0 11.052217 47.502998 40
17680 5021 3 0 11.052217 48.921001 40
17681 5021 3 0 12.28024 49.630001 40
17682 5021 3 0 14.736288 46.793999 40
17683 5021 3 0 13.508265 47.502998 40
17684 5021 3 0 13.508265 48.921001 40
17685 5021 3 0 14.736288 49.630001 40
17686 5021 3 0 17.192337 46.793999 40
17687 5021 3 0 15.964313 47.502998 40
17688 5021 3 0 15.964313 48.921001 40
17689 5021 3 0 17.192337 49.630001 40
17690 5021 3 0 19.648384 46.793999 40
17691 5021 3 0 18.420361 47.502998 40
17692 5021 3 0 18.420361 48.921001 40
17693 5021 3 0 19.648384 49.630001 40
17694 5021 3 0 22.104433 46.793999 40
17695 5021 3 0 20.876408 47.502998 40
17696 5021 3 0 20.876408 48.921001 40
17697 5021 3 0 22.104433 49.630001 40
17698 5021 3 0 24.56048 46.793999 40
17699 5021 3 0 23.332457 47.502998 40
17700 5021 3 0 23.332457 48.921001 40
17701 5021 3 0 24.56048 49.630001 40
17702 5021 3 0 27.016529 46.793999 40
17703 5021 3 0 25.788504 47.502998 40
17704 5021 3 0 25.788504 48.921001 40
17705 5021 3 0 27.016529 49.630001 40
17706 5021 3 0 29.472576 46.793999 40
17707 5021 3 0 28.244553 47.502998 40
17708 5021 3 0 28.244553 48.921001 40
17709 5021 3 0 29.472576 49.630001 40
17710 5021 3 0 31.928625 46.793999 40
17711 5021 3 0 30.7006 47.502998 40
17712 5021 3 0 30.7006 48.921001 40
17713 5021 3 0 31.928625 49.630001 40
17714 5021 3 0 34.384674 46.793999 40
17715 5021 3 0 33.156647 47.502998 40
17716 5021 3 0 33.156647 48.921001 40
17717 5021 3 0 34.384674 49.630001 40
17718 5021 3 0 36.840721 46.793999 40
17719 5021 3 0 35.612698 47.502998 40
17720 5021 3 0 35.612698 48.921001 40
17721 5021 3 0 36.840721 49.630001 40
17722 5021 3 0 39.296768 46.793999 40
17723 5021 3 0 38.068745 47.502998 40
17724 5021 3 0 38.068745 48.921001 40
17725 5021 3 0 39.296768 49.630001 40
17726 5021 3 0 41.752815 46.793999 40
17727 5021 3 0 40.524792 47.502998 40
17728 5021 3 0 40.524792 48.921001 40
17729 5021 3 0 41.752815 49.630001 40
17730 5021 3 0 44.208866 46.793999 40
17731 5021 3 0 42.980843 47.502998 40
17732 5021 3 0 42.980843 48.921001 40
17733 5021 3 0 44.208866 49.630001 40
17734 5021 3 0 46.664913 46.793999 40
17735 5021 3 0 45.43689 47.502998 40
17736 5021 3 0 45.43689 48.921001 40
17737 5021 3 0 46.664913 49.630001 40
17738 5021 3 0 49.12096 46.793999 40
17739 5021 3 0 47.892937 47.502998 40
17740 5021 3 0 47.892937 48.921001 40
17741 5021 3 0 49.12096 49.630001 40
17742 5021 3 0 51.577007 46.793999 40
17743 5021 3 0 50.348984 47.502998 40
17744 5021 3 0 50.348984 48.921001 40
17745 5021 3 0 51.577007 49.630001 40
17746 5021 3 0 54.033058 46.793999 40
17747 5021 3 0 52.805035 47.502998 40
17748 5021 3 0 52.805035 48.921001 40
17749 5021 3 0 54.033058 49.630001 40
17750 5021 3 0 56.489105 46.793999 40
17751 5021 3 0 55.261082 47.502998 40
17752 5021 3 0 55.261082 48.921001 40
17753 5021 3 0 56.489105 49.630001 40
17754 5021 3 0 58.945152 46.793999 40
17755 5021 3 0 57.717129 47.502998 40
17756 5021 3 0 57.717129 48.921001 40
17757 5021 3 0 58.945152 49.630001 40
17758 5021 3 0 0 51.048 40
17759 5021 3 0 -1.228024 51.757 40
17760 5021 3 0 -1.228024 53.174999 40
17761 5021 3 0 0 53.883999 40
17762 5021 3 0 2.456048 51.048 40
17763 5021 3 0 1.228024 51.757 40
17764 5021 3 0 1.228024 53.174999 40
17765 5021 3 0 2.456048 53.883999 40
17766 5021 3 0 4.912096 51.048 40
17767 5021 3 0 3.684072 51.757 40
17768 5021 3 0 3.684072 53.174999 40
17769 5021 3 0 4.912096 53.883999 40
17770 5021 3 0 7.368144 51.048 40
17771 5021 3 0 6.14012 51.757 40
17772 5021 3 0 6.14012 53.174999 40
17773 5021 3 0 7.368144 53.883999 40
17774 5021 3 0 9.824192 51.048 40
17775 5021 3 0 8.596169 51.757 40
17776 5021 3 0 8.596169 53.174999 40
17777 5021 3 0 9.824192 53.883999 40
17778 5021 3 0 12.28024 51.048 40
17779 5021 3 0 11.052217 51.757 40
17780 5021 3 0 11.052217 53.174999 40
17781 5021 3 0 12.28024 53.883999 40
17782 5021 3 0 14.736288 51.048 40
17783 5021 3 0 13.508265 51.757 40
17784 5021 3 0 13.508265 53.174999 40
17785 5021 3 0 14.736288 53.883999 40
17786 5021 3 0 17.192337 51.048 40
17787 5021 3 0 15.964313 51.757 40
17788 5021 3 0 15.964313 53.174999 40
17789 5021 3 0 17.192337 53.883999 40
17790 5021 3 0 19.648384 51.048 40
17791 5021 3 0 18.420361 51.757 40
17792 5021 3 0 18.420361 53.174999 40
17793 5021 3 0 19.648384 53.883999 40
17794 5021 3 0 22.104433 51.048 40
17795 5021 3 0 20.876408 51.757 40
17796 5021 3 0 20.876408 53.174999 40
17797 5021 3 0 22.104433 53.883999 40
17798 5021 3 0 24.56048 51.048 40
17799 5021 3 0 23.332457 51.757 40
17800 5021 3 0 23.332457 53.174999 40
17801 5021 3 0 24.56048 53.883999 40
17802 5021 3 0 27.016529 51.048 40
17803 5021 3 0 25.788504 51.757 40
17804 5021 3 0 25.788504 53.174999 40
17805 5021 3 0 27.016529 53.883999 40
17806 5021 3 0 29.472576 51.048 40
17807 5021 3 0 28.244553 51.757 40
17808 5021 3 0 28.244553 53.174999 40
17809 5021 3 0 29.472576 53.883999 40
17810 5021 3 0 31.928625 51.048 40
17811 5021 3 0 30.7006 51.757 40
17812 5021 3 0 30.7006 53.174999 40
17813 5021 3 0 31.928625 53.883999 40
17814 5021 3 0 34.384674 51.048 40
17815 5021 3 0 33.156647 51.757 40
17816 5021 3 0 33.156647 53.174999 40
17817 5021 3 0 34.384674 53.883999 40
17818 5021 3 0 36.840721 51.048 40
17819 5021 3 0 35.612698 51.757 40
17820 5021 3 0 35.612698 53.174999 40
17821 5021 3 0 36.840721 53.883999 40
17822 5021 3 0 39.296768 51.048 40
17823 5021 3 0 38.068745 51.757 40
17824 5021 3 0 38.068745 53.174999 40
17825 5021 3 0 39.296768 53.883999 40
17826 5021 3 0 41.752815 51.048 40
17827 5021 3 0 40.524792 51.757 40
17828 5021 3 0 40.524792 53.174999 40
17829 5021 3 0 41.752815 53.883999 40
17830 5021 3 0 44.208866 51.048 40
17831 5021 3 0 42.980843 51.757 40
17832 5021 3 0 42.980843 53.174999 40
17833 5021 3 0 44.208866 53.883999 40
17834 5021 3 0 46.664913 51.048 40
17835 5021 3 0 45.43689 51.757 40
17836 5021 3 0 45.43689 53.174999 40
17837 5021 3 0 46.664913 53.883999 40
17838 5021 3 0 49.12096 51.048 40
17839 5021 3 0 47.892937 51.757 40
17840 5021 3 0 47.892937 53.174999 40
17841 5021 3 0 49.12096 53.883999 40
17842 5021 3 0 51.577007 51.048 40
17843 5021 3 0 50.348984 51.757 40
17844 5021 3 0 50.348984 53.174999 40
17845 5021 3 0 51.577007 53.883999 40
17846 5021 3 0 54.033058 51.048 40
17847 5021 3 0 52.805035 51.757 40
17848 5021 3 0 52.805035 53.174999 40
17849 5021 3 0 54.033058 53.883999 40
17850 5021 3 0 56.489105 51.048 40
17851 5021 3 0 55.261082 51.757 40
17852 5021 3 0 55.261082 53.174999 40
17853 5021 3 0 56.489105 53.883999 40
17854 5021 3 0 58.945152 51.048 40
17855 5021 3 0 57.717129 51.757 40
17856 5021 3 0 57.717129 53.174999 40
17857 5021 3 0 58.945152 53.883999 40
17858 5021 3 0 0 55.301998 40
17859 5021 3 0 -1.228024 56.011002 40
17860 5021 3 0 -1.228024 57.429001 40
17861 5021 3 0 0 58.138 40
17862 5021 3 0 2.456048 55.301998 40
17863 5021 3 0 1.228024 56.011002 40
17864 5021 3 0 1.228024 57.429001 40
17865 5021 3 0 2.456048 58.138 40
17866 5021 3 0 4.912096 55.301998 40
17867 5021 3 0 3.684072 56.011002 40
17868 5021 3 0 3.684072 57.429001 40
17869 5021 3 0 4.912096 58.138 40
17870 5021 3 0 7.368144 55.301998 40
17871 5021 3 0 6.14012 56.011002 40
17872 5021 3 0 6.14012 57.429001 40
17873 5021 3 0 7.368144 58.138 40
17874 5021 3 0 9.824192 55.301998 40
17875 5021 3 0 8.596169 56.011002 40
17876 5021 3 0 8.596169 57.429001 40
17877 5021 3 0 9.824192 58.138 40
17878 5021 3 0 12.28024 55.301998 40
17879 5021 3 0 11.052217 56.011002 40
17880 5021 3 0 11.052217 57.429001 40
17881 5021 3 0 12.28024 58.138 40
17882 5021 3 0 14.736288 55.301998 40
17883 5021 3 0 13.508265 56.011002 40
17884 5021 3 0 13.508265 57.429001 40
17885 5021 3 0 14.736288 58.138 40
17886 5021 3 0 17.192337 55.301998 40
17887 5021 3 0 15.964313 56.011002 40
17888 5021 3 0 15.964313 57.429001 40
17889 5021 3 0 17.192337 58.138 40
17890 5021 3 0 19.648384 55.301998 40
17891 5021 3 0 18.420361 56.011002 40
17892 5021 3 0 18.420361 57.429001 40
17893 5021 3 0 19.648384 58.138 40
17894 5021 3 0 22.104433 55.301998 40
17895 5021 3 0 20.876408 56.011002 40
17896 5021 3 0 20.876408 57.429001 40
17897 5021 3 0 22.104433 58.138 40
17898 5021 3 0 24.56048 55.301998 40
17899 5021 3 0 23.332457 56.011002 40
17900 5021 3 0 23.332457 57.429001 40
17901 5021 3 0 24.56048 58.138 40
17902 5021 3 0 27.016529 55.301998 40
17903 5021 3 0 25.788504 56.011002 40
17904 5021 3 0 25.788504 57.429001 40
17905 5021 3 0 27.016529 58.138 40
17906 5021 3 0 29.472576 55.301998 40
17907 5021 3 0 28.244553 56.011002 40
17908 5021 3 0 28.244553 57.429001 40
17909 5021 3 0 29.472576 58.138 40
17910 5021 3 0 31.928625 55.301998 40
17911 5021 3 0 30.7006 56.011002 40
17912 5021 3 0 30.7006 57.429001 40
17913 5021 3 0 31.928625 58.138 40
17914 5021 3 0 34.384674 55.301998 40
17915 5021 3 0 33.156647 56.011002 40
17916 5021 3 0 33.156647 57.429001 40
17917 5021 3 0 34.384674 58.138 40
17918 5021 3 0 36.840721 55.301998 40
17919 5021 3 0 35.612698 56.011002 40
17920 5021 3 0 35.612698 57.429001 40
17921 5021 3 0 36.840721 58.138 40
17922 5021 3 0 39.296768 55.301998 40
17923 5021 3 0 38.068745 56.011002 40
17924 5021 3 0 38.068745 57.429001 40
17925 5021 3 0 39.296768 58.138 40
17926 5021 3 0 41.752815 55.301998 40
17927 5021 3 0 40.524792 56.011002 40
17928 5021 3 0 40.524792 57.429001 40
17929 5021 3 0 41.752815 58.138 40
17930 5021 3 0 44.208866 55.301998 40
17931 5021 3 0 42.980843 56.011002 40
17932 5021 3 0 42.980843 57.429001 40
17933 5021 3 0 44.208866 58.138 40
17934 5021 3 0 46.664913 55.301998 40
17935 5021 3 0 45.43689 56.011002 40
17936 5021 3 0 45.43689 57.429001 40
17937 5021 3 0 46.664913 58.138 40
17938 5021 3 0 49.12096 55.301998 40
17939 5021 3 0 47.892937 56.011002 40
17940 5021 3 0 47.892937 57.429001 40
17941 5021 3 0 49.12096 58.138 40
17942 5021 3 0 51.577007 55.301998 40
17943 5021 3 0 50.348984 56.011002 40
17944 5021 3 0 50.348984 57.429001 40
17945 5021 3 0 51.577007 58.138 40
17946 5021 3 0 54.033058 55.301998 40
17947 5021 3 0 52.805035 56.011002 40
17948 5021 3 0 52.805035 57.429001 40
17949 5021 3 0 54.033058 58.138 40
17950 5021 3 0 56.489105 55.301998 40
17951 5021 3 0 55.261082 56.011002 40
17952 5021 3 0 55.261082 57.429001 40
17953 5021 3 0 56.489105 58.138 40
17954 5021 3 0 58.945152 55.301998 40
17955 5021 3 0 57.717129 56.011002 40
17956 5021 3 0 57.717129 57.429001 40
17957 5021 3 0 58.945152 58.138 40
17958 5021 3 0 0 59.556 40
17959 5021 3 0 -1.228024 60.264999 40
17960 5021 3 0 -1.228024 61.682999 40
17961 5021 3 0 0 62.391998 40
17962 5021 3 0 2.456048 59.556 40
17963 5021 3 0 1.228024 60.264999 40
17964 5021 3 0 1.228024 61.682999 40
17965 5021 3 0 2.456048 62.391998 40
17966 5021 3 0 4.912096 59.556 40
17967 5021 3 0 3.684072 60.264999 40
17968 5021 3 0 3.684072 61.682999 40
17969 5021 3 0 4.912096 62.391998 40
17970 5021 3 0 7.368144 59.556 40
17971 5021 3 0 6.14012 60.264999 40
17972 5021 3 0 6.14012 61.682999 40
17973 5021 3 0 7.368144 62.391998 40
17974 5021 3 0 9.824192 59.556 40
17975 5021 3 0 8.596169 60.264999 40
17976 5021 3 0 8.596169 61.682999 40
17977 5021 3 0 9.824192 62.391998 40
17978 5021 3 0 12.28024 59.556 40
17979 5021 3 0 11.052217 60.264999 40
17980 5021 3 0 11.052217 61.682999 40
17981 5021 3 0 12.28024 62.391998 40
17982 5021 3 0 14.736288 59.556 40
17983 5021 3 0 13.508265 60.264999 40
17984 5021 3 0 13.508265 61.682999 40
17985 5021 3 0 14.736288 62.391998 40
17986 5021 3 0 17.192337 59.556 40
17987 5021 3 0 15.964313 60.264999 40
17988 5021 3 0 15.964313 61.682999 40
17989 5021 3 0 17.192337 62.391998 40
17990 5021 3 0 19.648384 59.556 40
17991 5021 3 0 18.420361 60.264999 40
17992 5021 3 0 18.420361 61.682999 40
17993 5021 3 0 19.648384 62.391998 40
17994 5021 3 0 22.104433 59.556 40
17995 5021 3 0 20.876408 60.264999 40
17996 5021 3 0 20.876408 61.682999 40
17997 5021 3 0 22.104433 62.391998 40
17998 5021 3 0 24.56048 59.556 40
17999 5021 3 0 23.332457 60.264999 40
18000 5021 3 0 23.332457 61.682999 40
18001 5021 3 0 24.56048 62.391998 40
18002 5021 3 0 27.016529 59.556 40
18003 5021 3 0 25.788504 60.264999 40
18004 5021 3 0 25.788504 61.682999 40
18005 5021 3 0 27.016529 62.391998 40
18006 5021 3 0 29.472576 59.556 40
18007 5021 3 0 28.244553 60.264999 40
18008 5021 3 0 28.244553 61.682999 40
18009 5021 3 0 29.472576 62.391998 40
18010 5021 3 0 31.928625 59.556 40
18011 5021 3 0 30.7006 60.264999 40
18012 5021 3 0 30.7006 61.682999 40
18013 5021 3 0 31.928625 62.391998 40
18014 5021 3 0 34.384674 59.556 40
18015 5021 3 0 33.156647 60.264999 40
18016 5021 3 0 33.156647 61.682999 40
18017 5021 3 0 34.384674 62.391998 40
18018 5021 3 0 36.840721 59.556 40
18019 5021 3 0 35.612698 60.264999 40
18020 5021 3 0 35.612698 61.682999 40
18021 5021 3 0 36.840721 62.391998 40
18022 5021 3 0 39.296768 59.556 40
18023 5021 3 0 38.068745 60.264999 40
18024 5021 3 0 38.068745 61.682999 40
18025 5021 3 0 39.296768 62.391998 40
18026 5021 3 0 41.752815 59.556 40
18027 5021 3 0 40.524792 60.264999 40
18028 5021 3 0 40.524792 61.682999 40
18029 5021 3 0 41.752815 62.391998 40
18030 5021 3 0 44.208866 59.556 40
18031 5021 3 0 42.980843 60.264999 40
18032 5021 3 0 42.980843 61.682999 40
18033 5021 3 0 44.208866 62.391998 40
18034 5021 3 0 46.664913 59.556 40
18035 5021 3 0 45.43689 60.264999 40
18036 5021 3 0 45.43689 61.682999 40
18037 5021 3 0 46.664913 62.391998 40
18038 5021 3 0 49.12096 59.556 40
18039 5021 3 0 47.892937 60.264999 40
18040 5021 3 0 47.892937 61.682999 40
18041 5021 3 0 49.12096 62.391998 40
18042 5021 3 0 51.577007 59.556 40
18043 5021 3 0 50.348984 60.264999 40
18044 5021 3 0 50.348984 61.682999 40
18045 5021 3 0 51.577007 62.391998 40
18046 5021 3 0 54.033058 59.556 40
18047 5021 3 0 52.805035 60.264999 40
18048 5021 3 0 52.805035 61.682999 40
18049 5021 3 0 54.033058 62.391998 40
18050 5021 3 0 56.489105 59.556 40
18051 5021 3 0 55.261082 60.264999 40
18052 5021 3 0 55.261082 61.682999 40
18053 5021 3 0 56.489105 62.391998 40
18054 5021 3 0 58.945152 59.556 40
18055 5021 3 0 57.717129 60.264999 40
18056 5021 3 0 57.717129 61.682999 40
18057 5021 3 0 58.945152 62.391998 40
