7528	2510	3	0	0	0	0
7529	2510	3	0	-1.228024	0.709	0
7530	2510	3	0	-1.228024	2.127	0
7531	2510	3	0	0	2.836	0
7532	2510	3	0	2.456048	0	0
7533	2510	3	0	1.228024	0.709	0
7534	2510	3	0	1.228024	2.127	0
7535	2510	3	0	2.456048	2.836	0
7536	2510	3	0	4.912096	0	0
7537	2510	3	0	3.684072	0.709	0
7538	2510	3	0	3.684072	2.127	0
7539	2510	3	0	4.912096	2.836	0
7540	2510	3	0	7.368144	0	0
7541	2510	3	0	6.14012	0.709	0
7542	2510	3	0	6.14012	2.127	0
7543	2510	3	0	7.368144	2.836	0
7544	2510	3	0	9.824192	0	0
7545	2510	3	0	8.596169	0.709	0
7546	2510	3	0	8.596169	2.127	0
7547	2510	3	0	9.824192	2.836	0
7548	2510	3	0	12.28024	0	0
7549	2510	3	0	11.052217	0.709	0
7550	2510	3	0	11.052217	2.127	0
7551	2510	3	0	12.28024	2.836	0
7552	2510	3	0	14.736288	0	0
7553	2510	3	0	13.508265	0.709	0
7554	2510	3	0	13.508265	2.127	0
7555	2510	3	0	14.736288	2.836	0
7556	2510	3	0	17.192337	0	0
7557	2510	3	0	15.964313	0.709	0
7558	2510	3	0	15.964313	2.127	0
7559	2510	3	0	17.192337	2.836	0
7560	2510	3	0	19.648384	0	0
7561	2510	3	0	18.420361	0.709	0
7562	2510	3	0	18.420361	2.127	0
7563	2510	3	0	19.648384	2.836	0
7564	2510	3	0	22.104433	0	0
7565	2510	3	0	20.876408	0.709	0
7566	2510	3	0	20.876408	2.127	0
7567	2510	3	0	22.104433	2.836	0
7568	2510	3	0	24.56048	0	0
7569	2510	3	0	23.332457	0.709	0
7570	2510	3	0	23.332457	2.127	0
7571	2510	3	0	24.56048	2.836	0
7572	2510	3	0	27.016529	0	0
7573	2510	3	0	25.788504	0.709	0
7574	2510	3	0	25.788504	2.127	0
7575	2510	3	0	27.016529	2.836	0
7576	2510	3	0	29.472576	0	0
7577	2510	3	0	28.244553	0.709	0
7578	2510	3	0	28.244553	2.127	0
7579	2510	3	0	29.472576	2.836	0
7580	2510	3	0	31.928625	0	0
7581	2510	3	0	30.7006	0.709	0
7582	2510	3	0	30.7006	2.127	0
7583	2510	3	0	31.928625	2.836	0
7584	2510	3	0	34.384674	0	0
7585	2510	3	0	33.156647	0.709	0
7586	2510	3	0	33.156647	2.127	0
7587	2510	3	0	34.384674	2.836	0
7588	2510	3	0	36.840721	0	0
7589	2510	3	0	35.612698	0.709	0
7590	2510	3	0	35.612698	2.127	0
7591	2510	3	0	36.840721	2.836	0
7592	2510	3	0	39.296768	0	0
7593	2510	3	0	38.068745	0.709	0
7594	2510	3	0	38.068745	2.127	0
7595	2510	3	0	39.296768	2.836	0
7596	2510	3	0	41.752815	0	0
7597	2510	3	0	40.524792	0.709	0
7598	2510	3	0	40.524792	2.127	0
7599	2510	3	0	41.752815	2.836	0
7600	2510	3	0	44.208866	0	0
7601	2510	3	0	42.980843	0.709	0
7602	2510	3	0	42.980843	2.127	0
7603	2510	3	0	44.208866	2.836	0
7604	2510	3	0	46.664913	0	0
7605	2510	3	0	45.43689	0.709	0
7606	2510	3	0	45.43689	2.127	0
7607	2510	3	0	46.664913	2.836	0
7608	2510	3	0	49.12096	0	0
7609	2510	3	0	47.892937	0.709	0
7610	2510	3	0	47.892937	2.127	0
7611	2510	3	0	49.12096	2.836	0
7612	2510	3	0	51.577007	0	0
7613	2510	3	0	50.348984	0.709	0
7614	2510	3	0	50.348984	2.127	0
7615	2510	3	0	51.577007	2.836	0
7616	2510	3	0	54.033058	0	0
7617	2510	3	0	52.805035	0.709	0
7618	2510	3	0	52.805035	2.127	0
7619	2510	3	0	54.033058	2.836	0
7620	2510	3	0	56.489105	0	0
7621	2510	3	0	55.261082	0.709	0
7622	2510	3	0	55.261082	2.127	0
7623	2510	3	0	56.489105	2.836	0
7624	2510	3	0	58.945152	0	0
7625	2510	3	0	57.717129	0.709	0
7626	2510	3	0	57.717129	2.127	0
7627	2510	3	0	58.945152	2.836	0
7628	2510	3	0	0	4.254	0
7629	2510	3	0	-1.228024	4.963	0
7630	2510	3	0	-1.228024	6.381	0
7631	2510	3	0	0	7.09	0
7632	2510	3	0	2.456048	4.254	0
7633	2510	3	0	1.228024	4.963	0
7634	2510	3	0	1.228024	6.381	0
7635	2510	3	0	2.456048	7.09	0
7636	2510	3	0	4.912096	4.254	0
7637	2510	3	0	3.684072	4.963	0
7638	2510	3	0	3.684072	6.381	0
7639	2510	3	0	4.912096	7.09	0
7640	2510	3	0	7.368144	4.254	0
7641	2510	3	0	6.14012	4.963	0
7642	2510	3	0	6.14012	6.381	0
7643	2510	3	0	7.368144	7.09	0
7644	2510	3	0	9.824192	4.254	0
7645	2510	3	0	8.596169	4.963	0
7646	2510	3	0	8.596169	6.381	0
7647	2510	3	0	9.824192	7.09	0
7648	2510	3	0	12.28024	4.254	0
7649	2510	3	0	11.052217	4.963	0
7650	2510	3	0	11.052217	6.381	0
7651	2510	3	0	12.28024	7.09	0
7652	2510	3	0	14.736288	4.254	0
7653	2510	3	0	13.508265	4.963	0
7654	2510	3	0	13.508265	6.381	0
7655	2510	3	0	14.736288	7.09	0
7656	2510	3	0	17.192337	4.254	0
7657	2510	3	0	15.964313	4.963	0
7658	2510	3	0	15.964313	6.381	0
7659	2510	3	0	17.192337	7.09	0
7660	2510	3	0	19.648384	4.254	0
7661	2510	3	0	18.420361	4.963	0
7662	2510	3	0	18.420361	6.381	0
7663	2510	3	0	19.648384	7.09	0
7664	2510	3	0	22.104433	4.254	0
7665	2510	3	0	20.876408	4.963	0
7666	2510	3	0	20.876408	6.381	0
7667	2510	3	0	22.104433	7.09	0
7668	2510	3	0	24.56048	4.254	0
7669	2510	3	0	23.332457	4.963	0
7670	2510	3	0	23.332457	6.381	0
7671	2510	3	0	24.56048	7.09	0
7672	2510	3	0	27.016529	4.254	0
7673	2510	3	0	25.788504	4.963	0
7674	2510	3	0	25.788504	6.381	0
7675	2510	3	0	27.016529	7.09	0
7676	2510	3	0	29.472576	4.254	0
7677	2510	3	0	28.244553	4.963	0
7678	2510	3	0	28.244553	6.381	0
7679	2510	3	0	29.472576	7.09	0
7680	2510	3	0	31.928625	4.254	0
7681	2510	3	0	30.7006	4.963	0
7682	2510	3	0	30.7006	6.381	0
7683	2510	3	0	31.928625	7.09	0
7684	2510	3	0	34.384674	4.254	0
7685	2510	3	0	33.156647	4.963	0
7686	2510	3	0	33.156647	6.381	0
7687	2510	3	0	34.384674	7.09	0
7688	2510	3	0	36.840721	4.254	0
7689	2510	3	0	35.612698	4.963	0
7690	2510	3	0	35.612698	6.381	0
7691	2510	3	0	36.840721	7.09	0
7692	2510	3	0	39.296768	4.254	0
7693	2510	3	0	38.068745	4.963	0
7694	2510	3	0	38.068745	6.381	0
7695	2510	3	0	39.296768	7.09	0
7696	2510	3	0	41.752815	4.254	0
7697	2510	3	0	40.524792	4.963	0
7698	2510	3	0	40.524792	6.381	0
7699	2510	3	0	41.752815	7.09	0
7700	2510	3	0	44.208866	4.254	0
7701	2510	3	0	42.980843	4.963	0
7702	2510	3	0	42.980843	6.381	0
7703	2510	3	0	44.208866	7.09	0
7704	2510	3	0	46.664913	4.254	0
7705	2510	3	0	45.43689	4.963	0
7706	2510	3	0	45.43689	6.381	0
7707	2510	3	0	46.664913	7.09	0
7708	2510	3	0	49.12096	4.254	0
7709	2510	3	0	47.892937	4.963	0
7710	2510	3	0	47.892937	6.381	0
7711	2510	3	0	49.12096	7.09	0
7712	2510	3	0	51.577007	4.254	0
7713	2510	3	0	50.348984	4.963	0
7714	2510	3	0	50.348984	6.381	0
7715	2510	3	0	51.577007	7.09	0
7716	2510	3	0	54.033058	4.254	0
7717	2510	3	0	52.805035	4.963	0
7718	2510	3	0	52.805035	6.381	0
7719	2510	3	0	54.033058	7.09	0
7720	2510	3	0	56.489105	4.254	0
7721	2510	3	0	55.261082	4.963	0
7722	2510	3	0	55.261082	6.381	0
7723	2510	3	0	56.489105	7.09	0
7724	2510	3	0	58.945152	4.254	0
7725	2510	3	0	57.717129	4.963	0
7726	2510	3	0	57.717129	6.381	0
7727	2510	3	0	58.945152	7.09	0
7728	2510	3	0	0	8.508	0
7729	2510	3	0	-1.228024	9.217	0
7730	2510	3	0	-1.228024	10.635	0
7731	2510	3	0	0	11.344	0
7732	2510	3	0	2.456048	8.508	0
7733	2510	3	0	1.228024	9.217	0
7734	2510	3	0	1.228024	10.635	0
7735	2510	3	0	2.456048	11.344	0
7736	2510	3	0	4.912096	8.508	0
7737	2510	3	0	3.684072	9.217	0
7738	2510	3	0	3.684072	10.635	0
7739	2510	3	0	4.912096	11.344	0
7740	2510	3	0	7.368144	8.508	0
7741	2510	3	0	6.14012	9.217	0
7742	2510	3	0	6.14012	10.635	0
7743	2510	3	0	7.368144	11.344	0
7744	2510	3	0	9.824192	8.508	0
7745	2510	3	0	8.596169	9.217	0
7746	2510	3	0	8.596169	10.635	0
7747	2510	3	0	9.824192	11.344	0
7748	2510	3	0	12.28024	8.508	0
7749	2510	3	0	11.052217	9.217	0
7750	2510	3	0	11.052217	10.635	0
7751	2510	3	0	12.28024	11.344	0
7752	2510	3	0	14.736288	8.508	0
7753	2510	3	0	13.508265	9.217	0
7754	2510	3	0	13.508265	10.635	0
7755	2510	3	0	14.736288	11.344	0
7756	2510	3	0	17.192337	8.508	0
7757	2510	3	0	15.964313	9.217	0
7758	2510	3	0	15.964313	10.635	0
7759	2510	3	0	17.192337	11.344	0
7760	2510	3	0	19.648384	8.508	0
7761	2510	3	0	18.420361	9.217	0
7762	2510	3	0	18.420361	10.635	0
7763	2510	3	0	19.648384	11.344	0
7764	2510	3	0	22.104433	8.508	0
7765	2510	3	0	20.876408	9.217	0
7766	2510	3	0	20.876408	10.635	0
7767	2510	3	0	22.104433	11.344	0
7768	2510	3	0	24.56048	8.508	0
7769	2510	3	0	23.332457	9.217	0
7770	2510	3	0	23.332457	10.635	0
7771	2510	3	0	24.56048	11.344	0
7772	2510	3	0	27.016529	8.508	0
7773	2510	3	0	25.788504	9.217	0
7774	2510	3	0	25.788504	10.635	0
7775	2510	3	0	27.016529	11.344	0
7776	2510	3	0	29.472576	8.508	0
7777	2510	3	0	28.244553	9.217	0
7778	2510	3	0	28.244553	10.635	0
7779	2510	3	0	29.472576	11.344	0
7780	2510	3	0	31.928625	8.508	0
7781	2510	3	0	30.7006	9.217	0
7782	2510	3	0	30.7006	10.635	0
7783	2510	3	0	31.928625	11.344	0
7784	2510	3	0	34.384674	8.508	0
7785	2510	3	0	33.156647	9.217	0
7786	2510	3	0	33.156647	10.635	0
7787	2510	3	0	34.384674	11.344	0
7788	2510	3	0	36.840721	8.508	0
7789	2510	3	0	35.612698	9.217	0
7790	2510	3	0	35.612698	10.635	0
7791	2510	3	0	36.840721	11.344	0
7792	2510	3	0	39.296768	8.508	0
7793	2510	3	0	38.068745	9.217	0
7794	2510	3	0	38.068745	10.635	0
7795	2510	3	0	39.296768	11.344	0
7796	2510	3	0	41.752815	8.508	0
7797	2510	3	0	40.524792	9.217	0
7798	2510	3	0	40.524792	10.635	0
7799	2510	3	0	41.752815	11.344	0
7800	2510	3	0	44.208866	8.508	0
7801	2510	3	0	42.980843	9.217	0
7802	2510	3	0	42.980843	10.635	0
7803	2510	3	0	44.208866	11.344	0
7804	2510	3	0	46.664913	8.508	0
7805	2510	3	0	45.43689	9.217	0
7806	2510	3	0	45.43689	10.635	0
7807	2510	3	0	46.664913	11.344	0
7808	2510	3	0	49.12096	8.508	0
7809	2510	3	0	47.892937	9.217	0
7810	2510	3	0	47.892937	10.635	0
7811	2510	3	0	49.12096	11.344	0
7812	2510	3	0	51.577007	8.508	0
7813	2510	3	0	50.348984	9.217	0
7814	2510	3	0	50.348984	10.635	0
7815	2510	3	0	51.577007	11.344	0
7816	2510	3	0	54.033058	8.508	0
7817	2510	3	0	52.805035	9.217	0
7818	2510	3	0	52.805035	10.635	0
7819	2510	3	0	54.033058	11.344	0
7820	2510	3	0	56.489105	8.508	0
7821	2510	3	0	55.261082	9.217	0
7822	2510	3	0	55.261082	10.635	0
7823	2510	3	0	56.489105	11.344	0
7824	2510	3	0	58.945152	8.508	0
7825	2510	3	0	57.717129	9.217	0
7826	2510	3	0	57.717129	10.635	0
7827	2510	3	0	58.945152	11.344	0
7828	2510	3	0	0	12.762	0
7829	2510	3	0	-1.228024	13.471	0
7830	2510	3	0	-1.228024	14.889	0
7831	2510	3	0	0	15.598	0
7832	2510	3	0	2.456048	12.762	0
7833	2510	3	0	1.228024	13.471	0
7834	2510	3	0	1.228024	14.889	0
7835	2510	3	0	2.456048	15.598	0
7836	2510	3	0	4.912096	12.762	0
7837	2510	3	0	3.684072	13.471	0
7838	2510	3	0	3.684072	14.889	0
7839	2510	3	0	4.912096	15.598	0
7840	2510	3	0	7.368144	12.762	0
7841	2510	3	0	6.14012	13.471	0
7842	2510	3	0	6.14012	14.889	0
7843	2510	3	0	7.368144	15.598	0
7844	2510	3	0	9.824192	12.762	0
7845	2510	3	0	8.596169	13.471	0
7846	2510	3	0	8.596169	14.889	0
7847	2510	3	0	9.824192	15.598	0
7848	2510	3	0	12.28024	12.762	0
7849	2510	3	0	11.052217	13.471	0
7850	2510	3	0	11.052217	14.889	0
7851	2510	3	0	12.28024	15.598	0
7852	2510	3	0	14.736288	12.762	0
7853	2510	3	0	13.508265	13.471	0
7854	2510	3	0	13.508265	14.889	0
7855	2510	3	0	14.736288	15.598	0
7856	2510	3	0	17.192337	12.762	0
7857	2510	3	0	15.964313	13.471	0
7858	2510	3	0	15.964313	14.889	0
7859	2510	3	0	17.192337	15.598	0
7860	2510	3	0	19.648384	12.762	0
7861	2510	3	0	18.420361	13.471	0
7862	2510	3	0	18.420361	14.889	0
7863	2510	3	0	19.648384	15.598	0
7864	2510	3	0	22.104433	12.762	0
7865	2510	3	0	20.876408	13.471	0
7866	2510	3	0	20.876408	14.889	0
7867	2510	3	0	22.104433	15.598	0
7868	2510	3	0	24.56048	12.762	0
7869	2510	3	0	23.332457	13.471	0
7870	2510	3	0	23.332457	14.889	0
7871	2510	3	0	24.56048	15.598	0
7872	2510	3	0	27.016529	12.762	0
7873	2510	3	0	25.788504	13.471	0
7874	2510	3	0	25.788504	14.889	0
7875	2510	3	0	27.016529	15.598	0
7876	2510	3	0	29.472576	12.762	0
7877	2510	3	0	28.244553	13.471	0
7878	2510	3	0	28.244553	14.889	0
7879	2510	3	0	29.472576	15.598	0
7880	2510	3	0	31.928625	12.762	0
7881	2510	3	0	30.7006	13.471	0
7882	2510	3	0	30.7006	14.889	0
7883	2510	3	0	31.928625	15.598	0
7884	2510	3	0	34.384674	12.762	0
7885	2510	3	0	33.156647	13.471	0
7886	2510	3	0	33.156647	14.889	0
7887	2510	3	0	34.384674	15.598	0
7888	2510	3	0	36.840721	12.762	0
7889	2510	3	0	35.612698	13.471	0
7890	2510	3	0	35.612698	14.889	0
7891	2510	3	0	36.840721	15.598	0
7892	2510	3	0	39.296768	12.762	0
7893	2510	3	0	38.068745	13.471	0
7894	2510	3	0	38.068745	14.889	0
7895	2510	3	0	39.296768	15.598	0
7896	2510	3	0	41.752815	12.762	0
7897	2510	3	0	40.524792	13.471	0
7898	2510	3	0	40.524792	14.889	0
7899	2510	3	0	41.752815	15.598	0
7900	2510	3	0	44.208866	12.762	0
7901	2510	3	0	42.980843	13.471	0
7902	2510	3	0	42.980843	14.889	0
7903	2510	3	0	44.208866	15.598	0
7904	2510	3	0	46.664913	12.762	0
7905	2510	3	0	45.43689	13.471	0
7906	2510	3	0	45.43689	14.889	0
7907	2510	3	0	46.664913	15.598	0
7908	2510	3	0	49.12096	12.762	0
7909	2510	3	0	47.892937	13.471	0
7910	2510	3	0	47.892937	14.889	0
7911	2510	3	0	49.12096	15.598	0
7912	2510	3	0	51.577007	12.762	0
7913	2510	3	0	50.348984	13.471	0
7914	2510	3	0	50.348984	14.889	0
7915	2510	3	0	51.577007	15.598	0
7916	2510	3	0	54.033058	12.762	0
7917	2510	3	0	52.805035	13.471	0
7918	2510	3	0	52.805035	14.889	0
7919	2510	3	0	54.033058	15.598	0
7920	2510	3	0	56.489105	12.762	0
7921	2510	3	0	55.261082	13.471	0
7922	2510	3	0	55.261082	14.889	0
7923	2510	3	0	56.489105	15.598	0
7924	2510	3	0	58.945152	12.762	0
7925	2510	3	0	57.717129	13.471	0
7926	2510	3	0	57.717129	14.889	0
7927	2510	3	0	58.945152	15.598	0
7928	2510	3	0	0	17.016001	0
7929	2510	3	0	-1.228024	17.725	0
7930	2510	3	0	-1.228024	19.143	0
7931	2510	3	0	0	19.851999	0
7932	2510	3	0	2.456048	17.016001	0
7933	2510	3	0	1.228024	17.725	0
7934	2510	3	0	1.228024	19.143	0
7935	2510	3	0	2.456048	19.851999	0
7936	2510	3	0	4.912096	17.016001	0
7937	2510	3	0	3.684072	17.725	0
7938	2510	3	0	3.684072	19.143	0
7939	2510	3	0	4.912096	19.851999	0
7940	2510	3	0	7.368144	17.016001	0
7941	2510	3	0	6.14012	17.725	0
7942	2510	3	0	6.14012	19.143	0
7943	2510	3	0	7.368144	19.851999	0
7944	2510	3	0	9.824192	17.016001	0
7945	2510	3	0	8.596169	17.725	0
7946	2510	3	0	8.596169	19.143	0
7947	2510	3	0	9.824192	19.851999	0
7948	2510	3	0	12.28024	17.016001	0
7949	2510	3	0	11.052217	17.725	0
7950	2510	3	0	11.052217	19.143	0
7951	2510	3	0	12.28024	19.851999	0
7952	2510	3	0	14.736288	17.016001	0
7953	2510	3	0	13.508265	17.725	0
7954	2510	3	0	13.508265	19.143	0
7955	2510	3	0	14.736288	19.851999	0
7956	2510	3	0	17.192337	17.016001	0
7957	2510	3	0	15.964313	17.725	0
7958	2510	3	0	15.964313	19.143	0
7959	2510	3	0	17.192337	19.851999	0
7960	2510	3	0	19.648384	17.016001	0
7961	2510	3	0	18.420361	17.725	0
7962	2510	3	0	18.420361	19.143	0
7963	2510	3	0	19.648384	19.851999	0
7964	2510	3	0	22.104433	17.016001	0
7965	2510	3	0	20.876408	17.725	0
7966	2510	3	0	20.876408	19.143	0
7967	2510	3	0	22.104433	19.851999	0
7968	2510	3	0	24.56048	17.016001	0
7969	2510	3	0	23.332457	17.725	0
7970	2510	3	0	23.332457	19.143	0
7971	2510	3	0	24.56048	19.851999	0
7972	2510	3	0	27.016529	17.016001	0
7973	2510	3	0	25.788504	17.725	0
7974	2510	3	0	25.788504	19.143	0
7975	2510	3	0	27.016529	19.851999	0
7976	2510	3	0	29.472576	17.016001	0
7977	2510	3	0	28.244553	17.725	0
7978	2510	3	0	28.244553	19.143	0
7979	2510	3	0	29.472576	19.851999	0
7980	2510	3	0	31.928625	17.016001	0
7981	2510	3	0	30.7006	17.725	0
7982	2510	3	0	30.7006	19.143	0
7983	2510	3	0	31.928625	19.851999	0
7984	2510	3	0	34.384674	17.016001	0
7985	2510	3	0	33.156647	17.725	0
7986	2510	3	0	33.156647	19.143	0
7987	2510	3	0	34.384674	19.851999	0
7988	2510	3	0	36.840721	17.016001	0
7989	2510	3	0	35.612698	17.725	0
7990	2510	3	0	35.612698	19.143	0
7991	2510	3	0	36.840721	19.851999	0
7992	2510	3	0	39.296768	17.016001	0
7993	2510	3	0	38.068745	17.725	0
7994	2510	3	0	38.068745	19.143	0
7995	2510	3	0	39.296768	19.851999	0
7996	2510	3	0	41.752815	17.016001	0
7997	2510	3	0	40.524792	17.725	0
7998	2510	3	0	40.524792	19.143	0
7999	2510	3	0	41.752815	19.851999	0
8000	2510	3	0	44.208866	17.016001	0
8001	2510	3	0	42.980843	17.725	0
8002	2510	3	0	42.980843	19.143	0
8003	2510	3	0	44.208866	19.851999	0
8004	2510	3	0	46.664913	17.016001	0
8005	2510	3	0	45.43689	17.725	0
8006	2510	3	0	45.43689	19.143	0
8007	2510	3	0	46.664913	19.851999	0
8008	2510	3	0	49.12096	17.016001	0
8009	2510	3	0	47.892937	17.725	0
8010	2510	3	0	47.892937	19.143	0
8011	2510	3	0	49.12096	19.851999	0
8012	2510	3	0	51.577007	17.016001	0
8013	2510	3	0	50.348984	17.725	0
8014	2510	3	0	50.348984	19.143	0
8015	2510	3	0	51.577007	19.851999	0
8016	2510	3	0	54.033058	17.016001	0
8017	2510	3	0	52.805035	17.725	0
8018	2510	3	0	52.805035	19.143	0
8019	2510	3	0	54.033058	19.851999	0
8020	2510	3	0	56.489105	17.016001	0
8021	2510	3	0	55.261082	17.725	0
8022	2510	3	0	55.261082	19.143	0
8023	2510	3	0	56.489105	19.851999	0
8024	2510	3	0	58.945152	17.016001	0
8025	2510	3	0	57.717129	17.725	0
8026	2510	3	0	57.717129	19.143	0
8027	2510	3	0	58.945152	19.851999	0
8028	2510	3	0	0	21.27	0
8029	2510	3	0	-1.228024	21.979	0
8030	2510	3	0	-1.228024	23.396999	0
8031	2510	3	0	0	24.106001	0
8032	2510	3	0	2.456048	21.27	0
8033	2510	3	0	1.228024	21.979	0
8034	2510	3	0	1.228024	23.396999	0
8035	2510	3	0	2.456048	24.106001	0
8036	2510	3	0	4.912096	21.27	0
8037	2510	3	0	3.684072	21.979	0
8038	2510	3	0	3.684072	23.396999	0
8039	2510	3	0	4.912096	24.106001	0
8040	2510	3	0	7.368144	21.27	0
8041	2510	3	0	6.14012	21.979	0
8042	2510	3	0	6.14012	23.396999	0
8043	2510	3	0	7.368144	24.106001	0
8044	2510	3	0	9.824192	21.27	0
8045	2510	3	0	8.596169	21.979	0
8046	2510	3	0	8.596169	23.396999	0
8047	2510	3	0	9.824192	24.106001	0
8048	2510	3	0	12.28024	21.27	0
8049	2510	3	0	11.052217	21.979	0
8050	2510	3	0	11.052217	23.396999	0
8051	2510	3	0	12.28024	24.106001	0
8052	2510	3	0	14.736288	21.27	0
8053	2510	3	0	13.508265	21.979	0
8054	2510	3	0	13.508265	23.396999	0
8055	2510	3	0	14.736288	24.106001	0
8056	2510	3	0	17.192337	21.27	0
8057	2510	3	0	15.964313	21.979	0
8058	2510	3	0	15.964313	23.396999	0
8059	2510	3	0	17.192337	24.106001	0
8060	2510	3	0	19.648384	21.27	0
8061	2510	3	0	18.420361	21.979	0
8062	2510	3	0	18.420361	23.396999	0
8063	2510	3	0	19.648384	24.106001	0
8064	2510	3	0	22.104433	21.27	0
8065	2510	3	0	20.876408	21.979	0
8066	2510	3	0	20.876408	23.396999	0
8067	2510	3	0	22.104433	24.106001	0
8068	2510	3	0	24.56048	21.27	0
8069	2510	3	0	23.332457	21.979	0
8070	2510	3	0	23.332457	23.396999	0
8071	2510	3	0	24.56048	24.106001	0
8072	2510	3	0	27.016529	21.27	0
8073	2510	3	0	25.788504	21.979	0
8074	2510	3	0	25.788504	23.396999	0
8075	2510	3	0	27.016529	24.106001	0
8076	2510	3	0	29.472576	21.27	0
8077	2510	3	0	28.244553	21.979	0
8078	2510	3	0	28.244553	23.396999	0
8079	2510	3	0	29.472576	24.106001	0
8080	2510	3	0	31.928625	21.27	0
8081	2510	3	0	30.7006	21.979	0
8082	2510	3	0	30.7006	23.396999	0
8083	2510	3	0	31.928625	24.106001	0
8084	2510	3	0	34.384674	21.27	0
8085	2510	3	0	33.156647	21.979	0
8086	2510	3	0	33.156647	23.396999	0
8087	2510	3	0	34.384674	24.106001	0
8088	2510	3	0	36.840721	21.27	0
8089	2510	3	0	35.612698	21.979	0
8090	2510	3	0	35.612698	23.396999	0
8091	2510	3	0	36.840721	24.106001	0
8092	2510	3	0	39.296768	21.27	0
8093	2510	3	0	38.068745	21.979	0
8094	2510	3	0	38.068745	23.396999	0
8095	2510	3	0	39.296768	24.106001	0
8096	2510	3	0	41.752815	21.27	0
8097	2510	3	0	40.524792	21.979	0
8098	2510	3	0	40.524792	23.396999	0
8099	2510	3	0	41.752815	24.106001	0
8100	2510	3	0	44.208866	21.27	0
8101	2510	3	0	42.980843	21.979	0
8102	2510	3	0	42.980843	23.396999	0
8103	2510	3	0	44.208866	24.106001	0
8104	2510	3	0	46.664913	21.27	0
8105	2510	3	0	45.43689	21.979	0
8106	2510	3	0	45.43689	23.396999	0
8107	2510	3	0	46.664913	24.106001	0
8108	2510	3	0	49.12096	21.27	0
8109	2510	3	0	47.892937	21.979	0
8110	2510	3	0	47.892937	23.396999	0
8111	2510	3	0	49.12096	24.106001	0
8112	2510	3	0	51.577007	21.27	0
8113	2510	3	0	50.348984	21.979	0
8114	2510	3	0	50.348984	23.396999	0
8115	2510	3	0	51.577007	24.106001	0
8116	2510	3	0	54.033058	21.27	0
8117	2510	3	0	52.805035	21.979	0
8118	2510	3	0	52.805035	23.396999	0
8119	2510	3	0	54.033058	24.106001	0
8120	2510	3	0	56.489105	21.27	0
8121	2510	3	0	55.261082	21.979	0
8122	2510	3	0	55.261082	23.396999	0
8123	2510	3	0	56.489105	24.106001	0
8124	2510	3	0	58.945152	21.27	0
8125	2510	3	0	57.717129	21.979	0
8126	2510	3	0	57.717129	23.396999	0
8127	2510	3	0	58.945152	24.106001	0
8128	2510	3	0	0	25.524	0
8129	2510	3	0	-1.228024	26.233	0
8130	2510	3	0	-1.228024	27.650999	0
8131	2510	3	0	0	28.360001	0
8132	2510	3	0	2.456048	25.524	0
8133	2510	3	0	1.228024	26.233	0
8134	2510	3	0	1.228024	27.650999	0
8135	2510	3	0	2.456048	28.360001	0
8136	2510	3	0	4.912096	25.524	0
8137	2510	3	0	3.684072	26.233	0
8138	2510	3	0	3.684072	27.650999	0
8139	2510	3	0	4.912096	28.360001	0
8140	2510	3	0	7.368144	25.524	0
8141	2510	3	0	6.14012	26.233	0
8142	2510	3	0	6.14012	27.650999	0
8143	2510	3	0	7.368144	28.360001	0
8144	2510	3	0	9.824192	25.524	0
8145	2510	3	0	8.596169	26.233	0
8146	2510	3	0	8.596169	27.650999	0
8147	2510	3	0	9.824192	28.360001	0
8148	2510	3	0	12.28024	25.524	0
8149	2510	3	0	11.052217	26.233	0
8150	2510	3	0	11.052217	27.650999	0
8151	2510	3	0	12.28024	28.360001	0
8152	2510	3	0	14.736288	25.524	0
8153	2510	3	0	13.508265	26.233	0
8154	2510	3	0	13.508265	27.650999	0
8155	2510	3	0	14.736288	28.360001	0
8156	2510	3	0	17.192337	25.524	0
8157	2510	3	0	15.964313	26.233	0
8158	2510	3	0	15.964313	27.650999	0
8159	2510	3	0	17.192337	28.360001	0
8160	2510	3	0	19.648384	25.524	0
8161	2510	3	0	18.420361	26.233	0
8162	2510	3	0	18.420361	27.650999	0
8163	2510	3	0	19.648384	28.360001	0
8164	2510	3	0	22.104433	25.524	0
8165	2510	3	0	20.876408	26.233	0
8166	2510	3	0	20.876408	27.650999	0
8167	2510	3	0	22.104433	28.360001	0
8168	2510	3	0	24.56048	25.524	0
8169	2510	3	0	23.332457	26.233	0
8170	2510	3	0	23.332457	27.650999	0
8171	2510	3	0	24.56048	28.360001	0
8172	2510	3	0	27.016529	25.524	0
8173	2510	3	0	25.788504	26.233	0
8174	2510	3	0	25.788504	27.650999	0
8175	2510	3	0	27.016529	28.360001	0
8176	2510	3	0	29.472576	25.524	0
8177	2510	3	0	28.244553	26.233	0
8178	2510	3	0	28.244553	27.650999	0
8179	2510	3	0	29.472576	28.360001	0
8180	2510	3	0	31.928625	25.524	0
8181	2510	3	0	30.7006	26.233	0
8182	2510	3	0	30.7006	27.650999	0
8183	2510	3	0	31.928625	28.360001	0
8184	2510	3	0	34.384674	25.524	0
8185	2510	3	0	33.156647	26.233	0
8186	2510	3	0	33.156647	27.650999	0
8187	2510	3	0	34.384674	28.360001	0
8188	2510	3	0	36.840721	25.524	0
8189	2510	3	0	35.612698	26.233	0
8190	2510	3	0	35.612698	27.650999	0
8191	2510	3	0	36.840721	28.360001	0
8192	2510	3	0	39.296768	25.524	0
8193	2510	3	0	38.068745	26.233	0
8194	2510	3	0	38.068745	27.650999	0
8195	2510	3	0	39.296768	28.360001	0
8196	2510	3	0	41.752815	25.524	0
8197	2510	3	0	40.524792	26.233	0
8198	2510	3	0	40.524792	27.650999	0
8199	2510	3	0	41.752815	28.360001	0
8200	2510	3	0	44.208866	25.524	0
8201	2510	3	0	42.980843	26.233	0
8202	2510	3	0	42.980843	27.650999	0
8203	2510	3	0	44.208866	28.360001	0
8204	2510	3	0	46.664913	25.524	0
8205	2510	3	0	45.43689	26.233	0
8206	2510	3	0	45.43689	27.650999	0
8207	2510	3	0	46.664913	28.360001	0
8208	2510	3	0	49.12096	25.524	0
8209	2510	3	0	47.892937	26.233	0
8210	2510	3	0	47.892937	27.650999	0
8211	2510	3	0	49.12096	28.360001	0
8212	2510	3	0	51.577007	25.524	0
8213	2510	3	0	50.348984	26.233	0
8214	2510	3	0	50.348984	27.650999	0
8215	2510	3	0	51.577007	28.360001	0
8216	2510	3	0	54.033058	25.524	0
8217	2510	3	0	52.805035	26.233	0
8218	2510	3	0	52.805035	27.650999	0
8219	2510	3	0	54.033058	28.360001	0
8220	2510	3	0	56.489105	25.524	0
8221	2510	3	0	55.261082	26.233	0
8222	2510	3	0	55.261082	27.650999	0
8223	2510	3	0	56.489105	28.360001	0
8224	2510	3	0	58.945152	25.524	0
8225	2510	3	0	57.717129	26.233	0
8226	2510	3	0	57.717129	27.650999	0
8227	2510	3	0	58.945152	28.360001	0
8228	2510	3	0	0	29.778	0
8229	2510	3	0	-1.228024	30.487	0
8230	2510	3	0	-1.228024	31.905001	0
8231	2510	3	0	0	32.613998	0
8232	2510	3	0	2.456048	29.778	0
8233	2510	3	0	1.228024	30.487	0
8234	2510	3	0	1.228024	31.905001	0
8235	2510	3	0	2.456048	32.613998	0
8236	2510	3	0	4.912096	29.778	0
8237	2510	3	0	3.684072	30.487	0
8238	2510	3	0	3.684072	31.905001	0
8239	2510	3	0	4.912096	32.613998	0
8240	2510	3	0	7.368144	29.778	0
8241	2510	3	0	6.14012	30.487	0
8242	2510	3	0	6.14012	31.905001	0
8243	2510	3	0	7.368144	32.613998	0
8244	2510	3	0	9.824192	29.778	0
8245	2510	3	0	8.596169	30.487	0
8246	2510	3	0	8.596169	31.905001	0
8247	2510	3	0	9.824192	32.613998	0
8248	2510	3	0	12.28024	29.778	0
8249	2510	3	0	11.052217	30.487	0
8250	2510	3	0	11.052217	31.905001	0
8251	2510	3	0	12.28024	32.613998	0
8252	2510	3	0	14.736288	29.778	0
8253	2510	3	0	13.508265	30.487	0
8254	2510	3	0	13.508265	31.905001	0
8255	2510	3	0	14.736288	32.613998	0
8256	2510	3	0	17.192337	29.778	0
8257	2510	3	0	15.964313	30.487	0
8258	2510	3	0	15.964313	31.905001	0
8259	2510	3	0	17.192337	32.613998	0
8260	2510	3	0	19.648384	29.778	0
8261	2510	3	0	18.420361	30.487	0
8262	2510	3	0	18.420361	31.905001	0
8263	2510	3	0	19.648384	32.613998	0
8264	2510	3	0	22.104433	29.778	0
8265	2510	3	0	20.876408	30.487	0
8266	2510	3	0	20.876408	31.905001	0
8267	2510	3	0	22.104433	32.613998	0
8268	2510	3	0	24.56048	29.778	0
8269	2510	3	0	23.332457	30.487	0
8270	2510	3	0	23.332457	31.905001	0
8271	2510	3	0	24.56048	32.613998	0
8272	2510	3	0	27.016529	29.778	0
8273	2510	3	0	25.788504	30.487	0
8274	2510	3	0	25.788504	31.905001	0
8275	2510	3	0	27.016529	32.613998	0
8276	2510	3	0	29.472576	29.778	0
8277	2510	3	0	28.244553	30.487	0
8278	2510	3	0	28.244553	31.905001	0
8279	2510	3	0	29.472576	32.613998	0
8280	2510	3	0	31.928625	29.778	0
8281	2510	3	0	30.7006	30.487	0
8282	2510	3	0	30.7006	31.905001	0
8283	2510	3	0	31.928625	32.613998	0
8284	2510	3	0	34.384674	29.778	0
8285	2510	3	0	33.156647	30.487	0
8286	2510	3	0	33.156647	31.905001	0
8287	2510	3	0	34.384674	32.613998	0
8288	2510	3	0	36.840721	29.778	0
8289	2510	3	0	35.612698	30.487	0
8290	2510	3	0	35.612698	31.905001	0
8291	2510	3	0	36.840721	32.613998	0
8292	2510	3	0	39.296768	29.778	0
8293	2510	3	0	38.068745	30.487	0
8294	2510	3	0	38.068745	31.905001	0
8295	2510	3	0	39.296768	32.613998	0
8296	2510	3	0	41.752815	29.778	0
8297	2510	3	0	40.524792	30.487	0
8298	2510	3	0	40.524792	31.905001	0
8299	2510	3	0	41.752815	32.613998	0
8300	2510	3	0	44.208866	29.778	0
8301	2510	3	0	42.980843	30.487	0
8302	2510	3	0	42.980843	31.905001	0
8303	2510	3	0	44.208866	32.613998	0
8304	2510	3	0	46.664913	29.778	0
8305	2510	3	0	45.43689	30.487	0
8306	2510	3	0	45.43689	31.905001	0
8307	2510	3	0	46.664913	32.613998	0
8308	2510	3	0	49.12096	29.778	0
8309	2510	3	0	47.892937	30.487	0
8310	2510	3	0	47.892937	31.905001	0
8311	2510	3	0	49.12096	32.613998	0
8312	2510	3	0	51.577007	29.778	0
8313	2510	3	0	50.348984	30.487	0
8314	2510	3	0	50.348984	31.905001	0
8315	2510	3	0	51.577007	32.613998	0
8316	2510	3	0	54.033058	29.778	0
8317	2510	3	0	52.805035	30.487	0
8318	2510	3	0	52.805035	31.905001	0
8319	2510	3	0	54.033058	32.613998	0
8320	2510	3	0	56.489105	29.778	0
8321	2510	3	0	55.261082	30.487	0
8322	2510	3	0	55.261082	31.905001	0
8323	2510	3	0	56.489105	32.613998	0
8324	2510	3	0	58.945152	29.778	0
8325	2510	3	0	57.717129	30.487	0
8326	2510	3	0	57.717129	31.905001	0
8327	2510	3	0	58.945152	32.613998	0
8328	2510	3	0	0	34.032001	0
8329	2510	3	0	-1.228024	34.741001	0
8330	2510	3	0	-1.228024	36.159	0
8331	2510	3	0	0	36.868	0
8332	2510	3	0	2.456048	34.032001	0
8333	2510	3	0	1.228024	34.741001	0
8334	2510	3	0	1.228024	36.159	0
8335	2510	3	0	2.456048	36.868	0
8336	2510	3	0	4.912096	34.032001	0
8337	2510	3	0	3.684072	34.741001	0
8338	2510	3	0	3.684072	36.159	0
8339	2510	3	0	4.912096	36.868	0
8340	2510	3	0	7.368144	34.032001	0
8341	2510	3	0	6.14012	34.741001	0
8342	2510	3	0	6.14012	36.159	0
8343	2510	3	0	7.368144	36.868	0
8344	2510	3	0	9.824192	34.032001	0
8345	2510	3	0	8.596169	34.741001	0
8346	2510	3	0	8.596169	36.159	0
8347	2510	3	0	9.824192	36.868	0
8348	2510	3	0	12.28024	34.032001	0
8349	2510	3	0	11.052217	34.741001	0
8350	2510	3	0	11.052217	36.159	0
8351	2510	3	0	12.28024	36.868	0
8352	2510	3	0	14.736288	34.032001	0
8353	2510	3	0	13.508265	34.741001	0
8354	2510	3	0	13.508265	36.159	0
8355	2510	3	0	14.736288	36.868	0
8356	2510	3	0	17.192337	34.032001	0
8357	2510	3	0	15.964313	34.741001	0
8358	2510	3	0	15.964313	36.159	0
8359	2510	3	0	17.192337	36.868	0
8360	2510	3	0	19.648384	34.032001	0
8361	2510	3	0	18.420361	34.741001	0
8362	2510	3	0	18.420361	36.159	0
8363	2510	3	0	19.648384	36.868	0
8364	2510	3	0	22.104433	34.032001	0
8365	2510	3	0	20.876408	34.741001	0
8366	2510	3	0	20.876408	36.159	0
8367	2510	3	0	22.104433	36.868	0
8368	2510	3	0	24.56048	34.032001	0
8369	2510	3	0	23.332457	34.741001	0
8370	2510	3	0	23.332457	36.159	0
8371	2510	3	0	24.56048	36.868	0
8372	2510	3	0	27.016529	34.032001	0
8373	2510	3	0	25.788504	34.741001	0
8374	2510	3	0	25.788504	36.159	0
8375	2510	3	0	27.016529	36.868	0
8376	2510	3	0	29.472576	34.032001	0
8377	2510	3	0	28.244553	34.741001	0
8378	2510	3	0	28.244553	36.159	0
8379	2510	3	0	29.472576	36.868	0
8380	2510	3	0	31.928625	34.032001	0
8381	2510	3	0	30.7006	34.741001	0
8382	2510	3	0	30.7006	36.159	0
8383	2510	3	0	31.928625	36.868	0
8384	2510	3	0	34.384674	34.032001	0
8385	2510	3	0	33.156647	34.741001	0
8386	2510	3	0	33.156647	36.159	0
8387	2510	3	0	34.384674	36.868	0
8388	2510	3	0	36.840721	34.032001	0
8389	2510	3	0	35.612698	34.741001	0
8390	2510	3	0	35.612698	36.159	0
8391	2510	3	0	36.840721	36.868	0
8392	2510	3	0	39.296768	34.032001	0
8393	2510	3	0	38.068745	34.741001	0
8394	2510	3	0	38.068745	36.159	0
8395	2510	3	0	39.296768	36.868	0
8396	2510	3	0	41.752815	34.032001	0
8397	2510	3	0	40.524792	34.741001	0
8398	2510	3	0	40.524792	36.159	0
8399	2510	3	0	41.752815	36.868	0
8400	2510	3	0	44.208866	34.032001	0
8401	2510	3	0	42.980843	34.741001	0
8402	2510	3	0	42.980843	36.159	0
8403	2510	3	0	44.208866	36.868	0
8404	2510	3	0	46.664913	34.032001	0
8405	2510	3	0	45.43689	34.741001	0
8406	2510	3	0	45.43689	36.159	0
8407	2510	3	0	46.664913	36.868	0
8408	2510	3	0	49.12096	34.032001	0
8409	2510	3	0	47.892937	34.741001	0
8410	2510	3	0	47.892937	36.159	0
8411	2510	3	0	49.12096	36.868	0
8412	2510	3	0	51.577007	34.032001	0
8413	2510	3	0	50.348984	34.741001	0
8414	2510	3	0	50.348984	36.159	0
8415	2510	3	0	51.577007	36.868	0
8416	2510	3	0	54.033058	34.032001	0
8417	2510	3	0	52.805035	34.741001	0
8418	2510	3	0	52.805035	36.159	0
8419	2510	3	0	54.033058	36.868	0
8420	2510	3	0	56.489105	34.032001	0
8421	2510	3	0	55.261082	34.741001	0
8422	2510	3	0	55.261082	36.159	0
8423	2510	3	0	56.489105	36.868	0
8424	2510	3	0	58.945152	34.032001	0
8425	2510	3	0	57.717129	34.741001	0
8426	2510	3	0	57.717129	36.159	0
8427	2510	3	0	58.945152	36.868	0
8428	2510	3	0	0	38.285999	0
8429	2510	3	0	-1.228024	38.994999	0
8430	2510	3	0	-1.228024	40.412998	0
8431	2510	3	0	0	41.122002	0
8432	2510	3	0	2.456048	38.285999	0
8433	2510	3	0	1.228024	38.994999	0
8434	2510	3	0	1.228024	40.412998	0
8435	2510	3	0	2.456048	41.122002	0
8436	2510	3	0	4.912096	38.285999	0
8437	2510	3	0	3.684072	38.994999	0
8438	2510	3	0	3.684072	40.412998	0
8439	2510	3	0	4.912096	41.122002	0
8440	2510	3	0	7.368144	38.285999	0
8441	2510	3	0	6.14012	38.994999	0
8442	2510	3	0	6.14012	40.412998	0
8443	2510	3	0	7.368144	41.122002	0
8444	2510	3	0	9.824192	38.285999	0
8445	2510	3	0	8.596169	38.994999	0
8446	2510	3	0	8.596169	40.412998	0
8447	2510	3	0	9.824192	41.122002	0
8448	2510	3	0	12.28024	38.285999	0
8449	2510	3	0	11.052217	38.994999	0
8450	2510	3	0	11.052217	40.412998	0
8451	2510	3	0	12.28024	41.122002	0
8452	2510	3	0	14.736288	38.285999	0
8453	2510	3	0	13.508265	38.994999	0
8454	2510	3	0	13.508265	40.412998	0
8455	2510	3	0	14.736288	41.122002	0
8456	2510	3	0	17.192337	38.285999	0
8457	2510	3	0	15.964313	38.994999	0
8458	2510	3	0	15.964313	40.412998	0
8459	2510	3	0	17.192337	41.122002	0
8460	2510	3	0	19.648384	38.285999	0
8461	2510	3	0	18.420361	38.994999	0
8462	2510	3	0	18.420361	40.412998	0
8463	2510	3	0	19.648384	41.122002	0
8464	2510	3	0	22.104433	38.285999	0
8465	2510	3	0	20.876408	38.994999	0
8466	2510	3	0	20.876408	40.412998	0
8467	2510	3	0	22.104433	41.122002	0
8468	2510	3	0	24.56048	38.285999	0
8469	2510	3	0	23.332457	38.994999	0
8470	2510	3	0	23.332457	40.412998	0
8471	2510	3	0	24.56048	41.122002	0
8472	2510	3	0	27.016529	38.285999	0
8473	2510	3	0	25.788504	38.994999	0
8474	2510	3	0	25.788504	40.412998	0
8475	2510	3	0	27.016529	41.122002	0
8476	2510	3	0	29.472576	38.285999	0
8477	2510	3	0	28.244553	38.994999	0
8478	2510	3	0	28.244553	40.412998	0
8479	2510	3	0	29.472576	41.122002	0
8480	2510	3	0	31.928625	38.285999	0
8481	2510	3	0	30.7006	38.994999	0
8482	2510	3	0	30.7006	40.412998	0
8483	2510	3	0	31.928625	41.122002	0
8484	2510	3	0	34.384674	38.285999	0
8485	2510	3	0	33.156647	38.994999	0
8486	2510	3	0	33.156647	40.412998	0
8487	2510	3	0	34.384674	41.122002	0
8488	2510	3	0	36.840721	38.285999	0
8489	2510	3	0	35.612698	38.994999	0
8490	2510	3	0	35.612698	40.412998	0
8491	2510	3	0	36.840721	41.122002	0
8492	2510	3	0	39.296768	38.285999	0
8493	2510	3	0	38.068745	38.994999	0
8494	2510	3	0	38.068745	40.412998	0
8495	2510	3	0	39.296768	41.122002	0
8496	2510	3	0	41.752815	38.285999	0
8497	2510	3	0	40.524792	38.994999	0
8498	2510	3	0	40.524792	40.412998	0
8499	2510	3	0	41.752815	41.122002	0
8500	2510	3	0	44.208866	38.285999	0
8501	2510	3	0	42.980843	38.994999	0
8502	2510	3	0	42.980843	40.412998	0
8503	2510	3	0	44.208866	41.122002	0
8504	2510	3	0	46.664913	38.285999	0
8505	2510	3	0	45.43689	38.994999	0
8506	2510	3	0	45.43689	40.412998	0
8507	2510	3	0	46.664913	41.122002	0
8508	2510	3	0	49.12096	38.285999	0
8509	2510	3	0	47.892937	38.994999	0
8510	2510	3	0	47.892937	40.412998	0
8511	2510	3	0	49.12096	41.122002	0
8512	2510	3	0	51.577007	38.285999	0
8513	2510	3	0	50.348984	38.994999	0
8514	2510	3	0	50.348984	40.412998	0
8515	2510	3	0	51.577007	41.122002	0
8516	2510	3	0	54.033058	38.285999	0
8517	2510	3	0	52.805035	38.994999	0
8518	2510	3	0	52.805035	40.412998	0
8519	2510	3	0	54.033058	41.122002	0
8520	2510	3	0	56.489105	38.285999	0
8521	2510	3	0	55.261082	38.994999	0
8522	2510	3	0	55.261082	40.412998	0
8523	2510	3	0	56.489105	41.122002	0
8524	2510	3	0	58.945152	38.285999	0
8525	2510	3	0	57.717129	38.994999	0
8526	2510	3	0	57.717129	40.412998	0
8527	2510	3	0	58.945152	41.122002	0
8528	2510	3	0	0	42.540001	0
8529	2510	3	0	-1.228024	43.249001	0
8530	2510	3	0	-1.228024	44.667	0
8531	2510	3	0	0	45.375999	0
8532	2510	3	0	2.456048	42.540001	0
8533	2510	3	0	1.228024	43.249001	0
8534	2510	3	0	1.228024	44.667	0
8535	2510	3	0	2.456048	45.375999	0
8536	2510	3	0	4.912096	42.540001	0
8537	2510	3	0	3.684072	43.249001	0
8538	2510	3	0	3.684072	44.667	0
8539	2510	3	0	4.912096	45.375999	0
8540	2510	3	0	7.368144	42.540001	0
8541	2510	3	0	6.14012	43.249001	0
8542	2510	3	0	6.14012	44.667	0
8543	2510	3	0	7.368144	45.375999	0
8544	2510	3	0	9.824192	42.540001	0
8545	2510	3	0	8.596169	43.249001	0
8546	2510	3	0	8.596169	44.667	0
8547	2510	3	0	9.824192	45.375999	0
8548	2510	3	0	12.28024	42.540001	0
8549	2510	3	0	11.052217	43.249001	0
8550	2510	3	0	11.052217	44.667	0
8551	2510	3	0	12.28024	45.375999	0
8552	2510	3	0	14.736288	42.540001	0
8553	2510	3	0	13.508265	43.249001	0
8554	2510	3	0	13.508265	44.667	0
8555	2510	3	0	14.736288	45.375999	0
8556	2510	3	0	17.192337	42.540001	0
8557	2510	3	0	15.964313	43.249001	0
8558	2510	3	0	15.964313	44.667	0
8559	2510	3	0	17.192337	45.375999	0
8560	2510	3	0	19.648384	42.540001	0
8561	2510	3	0	18.420361	43.249001	0
8562	2510	3	0	18.420361	44.667	0
8563	2510	3	0	19.648384	45.375999	0
8564	2510	3	0	22.104433	42.540001	0
8565	2510	3	0	20.876408	43.249001	0
8566	2510	3	0	20.876408	44.667	0
8567	2510	3	0	22.104433	45.375999	0
8568	2510	3	0	24.56048	42.540001	0
8569	2510	3	0	23.332457	43.249001	0
8570	2510	3	0	23.332457	44.667	0
8571	2510	3	0	24.56048	45.375999	0
8572	2510	3	0	27.016529	42.540001	0
8573	2510	3	0	25.788504	43.249001	0
8574	2510	3	0	25.788504	44.667	0
8575	2510	3	0	27.016529	45.375999	0
8576	2510	3	0	29.472576	42.540001	0
8577	2510	3	0	28.244553	43.249001	0
8578	2510	3	0	28.244553	44.667	0
8579	2510	3	0	29.472576	45.375999	0
8580	2510	3	0	31.928625	42.540001	0
8581	2510	3	0	30.7006	43.249001	0
8582	2510	3	0	30.7006	44.667	0
8583	2510	3	0	31.928625	45.375999	0
8584	2510	3	0	34.384674	42.540001	0
8585	2510	3	0	33.156647	43.249001	0
8586	2510	3	0	33.156647	44.667	0
8587	2510	3	0	34.384674	45.375999	0
8588	2510	3	0	36.840721	42.540001	0
8589	2510	3	0	35.612698	43.249001	0
8590	2510	3	0	35.612698	44.667	0
8591	2510	3	0	36.840721	45.375999	0
8592	2510	3	0	39.296768	42.540001	0
8593	2510	3	0	38.068745	43.249001	0
8594	2510	3	0	38.068745	44.667	0
8595	2510	3	0	39.296768	45.375999	0
8596	2510	3	0	41.752815	42.540001	0
8597	2510	3	0	40.524792	43.249001	0
8598	2510	3	0	40.524792	44.667	0
8599	2510	3	0	41.752815	45.375999	0
8600	2510	3	0	44.208866	42.540001	0
8601	2510	3	0	42.980843	43.249001	0
8602	2510	3	0	42.980843	44.667	0
8603	2510	3	0	44.208866	45.375999	0
8604	2510	3	0	46.664913	42.540001	0
8605	2510	3	0	45.43689	43.249001	0
8606	2510	3	0	45.43689	44.667	0
8607	2510	3	0	46.664913	45.375999	0
8608	2510	3	0	49.12096	42.540001	0
8609	2510	3	0	47.892937	43.249001	0
8610	2510	3	0	47.892937	44.667	0
8611	2510	3	0	49.12096	45.375999	0
8612	2510	3	0	51.577007	42.540001	0
8613	2510	3	0	50.348984	43.249001	0
8614	2510	3	0	50.348984	44.667	0
8615	2510	3	0	51.577007	45.375999	0
8616	2510	3	0	54.033058	42.540001	0
8617	2510	3	0	52.805035	43.249001	0
8618	2510	3	0	52.805035	44.667	0
8619	2510	3	0	54.033058	45.375999	0
8620	2510	3	0	56.489105	42.540001	0
8621	2510	3	0	55.261082	43.249001	0
8622	2510	3	0	55.261082	44.667	0
8623	2510	3	0	56.489105	45.375999	0
8624	2510	3	0	58.945152	42.540001	0
8625	2510	3	0	57.717129	43.249001	0
8626	2510	3	0	57.717129	44.667	0
8627	2510	3	0	58.945152	45.375999	0
8628	2510	3	0	0	46.793999	0
8629	2510	3	0	-1.228024	47.502998	0
8630	2510	3	0	-1.228024	48.921001	0
8631	2510	3	0	0	49.630001	0
8632	2510	3	0	2.456048	46.793999	0
8633	2510	3	0	1.228024	47.502998	0
8634	2510	3	0	1.228024	48.921001	0
8635	2510	3	0	2.456048	49.630001	0
8636	2510	3	0	4.912096	46.793999	0
8637	2510	3	0	3.684072	47.502998	0
8638	2510	3	0	3.684072	48.921001	0
8639	2510	3	0	4.912096	49.630001	0
8640	2510	3	0	7.368144	46.793999	0
8641	2510	3	0	6.14012	47.502998	0
8642	2510	3	0	6.14012	48.921001	0
8643	2510	3	0	7.368144	49.630001	0
8644	2510	3	0	9.824192	46.793999	0
8645	2510	3	0	8.596169	47.502998	0
8646	2510	3	0	8.596169	48.921001	0
8647	2510	3	0	9.824192	49.630001	0
8648	2510	3	0	12.28024	46.793999	0
8649	2510	3	0	11.052217	47.502998	0
8650	2510	3	0	11.052217	48.921001	0
8651	2510	3	0	12.28024	49.630001	0
8652	2510	3	0	14.736288	46.793999	0
8653	2510	3	0	13.508265	47.502998	0
8654	2510	3	0	13.508265	48.921001	0
8655	2510	3	0	14.736288	49.630001	0
8656	2510	3	0	17.192337	46.793999	0
8657	2510	3	0	15.964313	47.502998	0
8658	2510	3	0	15.964313	48.921001	0
8659	2510	3	0	17.192337	49.630001	0
8660	2510	3	0	19.648384	46.793999	0
8661	2510	3	0	18.420361	47.502998	0
8662	2510	3	0	18.420361	48.921001	0
8663	2510	3	0	19.648384	49.630001	0
8664	2510	3	0	22.104433	46.793999	0
8665	2510	3	0	20.876408	47.502998	0
8666	2510	3	0	20.876408	48.921001	0
8667	2510	3	0	22.104433	49.630001	0
8668	2510	3	0	24.56048	46.793999	0
8669	2510	3	0	23.332457	47.502998	0
8670	2510	3	0	23.332457	48.921001	0
8671	2510	3	0	24.56048	49.630001	0
8672	2510	3	0	27.016529	46.793999	0
8673	2510	3	0	25.788504	47.502998	0
8674	2510	3	0	25.788504	48.921001	0
8675	2510	3	0	27.016529	49.630001	0
8676	2510	3	0	29.472576	46.793999	0
8677	2510	3	0	28.244553	47.502998	0
8678	2510	3	0	28.244553	48.921001	0
8679	2510	3	0	29.472576	49.630001	0
8680	2510	3	0	31.928625	46.793999	0
8681	2510	3	0	30.7006	47.502998	0
8682	2510	3	0	30.7006	48.921001	0
8683	2510	3	0	31.928625	49.630001	0
8684	2510	3	0	34.384674	46.793999	0
8685	2510	3	0	33.156647	47.502998	0
8686	2510	3	0	33.156647	48.921001	0
8687	2510	3	0	34.384674	49.630001	0
8688	2510	3	0	36.840721	46.793999	0
8689	2510	3	0	35.612698	47.502998	0
8690	2510	3	0	35.612698	48.921001	0
8691	2510	3	0	36.840721	49.630001	0
8692	2510	3	0	39.296768	46.793999	0
8693	2510	3	0	38.068745	47.502998	0
8694	2510	3	0	38.068745	48.921001	0
8695	2510	3	0	39.296768	49.630001	0
8696	2510	3	0	41.752815	46.793999	0
8697	2510	3	0	40.524792	47.502998	0
8698	2510	3	0	40.524792	48.921001	0
8699	2510	3	0	41.752815	49.630001	0
8700	2510	3	0	44.208866	46.793999	0
8701	2510	3	0	42.980843	47.502998	0
8702	2510	3	0	42.980843	48.921001	0
8703	2510	3	0	44.208866	49.630001	0
8704	2510	3	0	46.664913	46.793999	0
8705	2510	3	0	45.43689	47.502998	0
8706	2510	3	0	45.43689	48.921001	0
8707	2510	3	0	46.664913	49.630001	0
8708	2510	3	0	49.12096	46.793999	0
8709	2510	3	0	47.892937	47.502998	0
8710	2510	3	0	47.892937	48.921001	0
8711	2510	3	0	49.12096	49.630001	0
8712	2510	3	0	51.577007	46.793999	0
8713	2510	3	0	50.348984	47.502998	0
8714	2510	3	0	50.348984	48.921001	0
8715	2510	3	0	51.577007	49.630001	0
8716	2510	3	0	54.033058	46.793999	0
8717	2510	3	0	52.805035	47.502998	0
8718	2510	3	0	52.805035	48.921001	0
8719	2510	3	0	54.033058	49.630001	0
8720	2510	3	0	56.489105	46.793999	0
8721	2510	3	0	55.261082	47.502998	0
8722	2510	3	0	55.261082	48.921001	0
8723	2510	3	0	56.489105	49.630001	0
8724	2510	3	0	58.945152	46.793999	0
8725	2510	3	0	57.717129	47.502998	0
8726	2510	3	0	57.717129	48.921001	0
8727	2510	3	0	58.945152	49.630001	0
8728	2510	3	0	0	51.048	0
8729	2510	3	0	-1.228024	51.757	0
8730	2510	3	0	-1.228024	53.174999	0
8731	2510	3	0	0	53.883999	0
8732	2510	3	0	2.456048	51.048	0
8733	2510	3	0	1.228024	51.757	0
8734	2510	3	0	1.228024	53.174999	0
8735	2510	3	0	2.456048	53.883999	0
8736	2510	3	0	4.912096	51.048	0
8737	2510	3	0	3.684072	51.757	0
8738	2510	3	0	3.684072	53.174999	0
8739	2510	3	0	4.912096	53.883999	0
8740	2510	3	0	7.368144	51.048	0
8741	2510	3	0	6.14012	51.757	0
8742	2510	3	0	6.14012	53.174999	0
8743	2510	3	0	7.368144	53.883999	0
8744	2510	3	0	9.824192	51.048	0
8745	2510	3	0	8.596169	51.757	0
8746	2510	3	0	8.596169	53.174999	0
8747	2510	3	0	9.824192	53.883999	0
8748	2510	3	0	12.28024	51.048	0
8749	2510	3	0	11.052217	51.757	0
8750	2510	3	0	11.052217	53.174999	0
8751	2510	3	0	12.28024	53.883999	0
8752	2510	3	0	14.736288	51.048	0
8753	2510	3	0	13.508265	51.757	0
8754	2510	3	0	13.508265	53.174999	0
8755	2510	3	0	14.736288	53.883999	0
8756	2510	3	0	17.192337	51.048	0
8757	2510	3	0	15.964313	51.757	0
8758	2510	3	0	15.964313	53.174999	0
8759	2510	3	0	17.192337	53.883999	0
8760	2510	3	0	19.648384	51.048	0
8761	2510	3	0	18.420361	51.757	0
8762	2510	3	0	18.420361	53.174999	0
8763	2510	3	0	19.648384	53.883999	0
8764	2510	3	0	22.104433	51.048	0
8765	2510	3	0	20.876408	51.757	0
8766	2510	3	0	20.876408	53.174999	0
8767	2510	3	0	22.104433	53.883999	0
8768	2510	3	0	24.56048	51.048	0
8769	2510	3	0	23.332457	51.757	0
8770	2510	3	0	23.332457	53.174999	0
8771	2510	3	0	24.56048	53.883999	0
8772	2510	3	0	27.016529	51.048	0
8773	2510	3	0	25.788504	51.757	0
8774	2510	3	0	25.788504	53.174999	0
8775	2510	3	0	27.016529	53.883999	0
8776	2510	3	0	29.472576	51.048	0
8777	2510	3	0	28.244553	51.757	0
8778	2510	3	0	28.244553	53.174999	0
8779	2510	3	0	29.472576	53.883999	0
8780	2510	3	0	31.928625	51.048	0
8781	2510	3	0	30.7006	51.757	0
8782	2510	3	0	30.7006	53.174999	0
8783	2510	3	0	31.928625	53.883999	0
8784	2510	3	0	34.384674	51.048	0
8785	2510	3	0	33.156647	51.757	0
8786	2510	3	0	33.156647	53.174999	0
8787	2510	3	0	34.384674	53.883999	0
8788	2510	3	0	36.840721	51.048	0
8789	2510	3	0	35.612698	51.757	0
8790	2510	3	0	35.612698	53.174999	0
8791	2510	3	0	36.840721	53.883999	0
8792	2510	3	0	39.296768	51.048	0
8793	2510	3	0	38.068745	51.757	0
8794	2510	3	0	38.068745	53.174999	0
8795	2510	3	0	39.296768	53.883999	0
8796	2510	3	0	41.752815	51.048	0
8797	2510	3	0	40.524792	51.757	0
8798	2510	3	0	40.524792	53.174999	0
8799	2510	3	0	41.752815	53.883999	0
8800	2510	3	0	44.208866	51.048	0
8801	2510	3	0	42.980843	51.757	0
8802	2510	3	0	42.980843	53.174999	0
8803	2510	3	0	44.208866	53.883999	0
8804	2510	3	0	46.664913	51.048	0
8805	2510	3	0	45.43689	51.757	0
8806	2510	3	0	45.43689	53.174999	0
8807	2510	3	0	46.664913	53.883999	0
8808	2510	3	0	49.12096	51.048	0
8809	2510	3	0	47.892937	51.757	0
8810	2510	3	0	47.892937	53.174999	0
8811	2510	3	0	49.12096	53.883999	0
8812	2510	3	0	51.577007	51.048	0
8813	2510	3	0	50.348984	51.757	0
8814	2510	3	0	50.348984	53.174999	0
8815	2510	3	0	51.577007	53.883999	0
8816	2510	3	0	54.033058	51.048	0
8817	2510	3	0	52.805035	51.757	0
8818	2510	3	0	52.805035	53.174999	0
8819	2510	3	0	54.033058	53.883999	0
8820	2510	3	0	56.489105	51.048	0
8821	2510	3	0	55.261082	51.757	0
8822	2510	3	0	55.261082	53.174999	0
8823	2510	3	0	56.489105	53.883999	0
8824	2510	3	0	58.945152	51.048	0
8825	2510	3	0	57.717129	51.757	0
8826	2510	3	0	57.717129	53.174999	0
8827	2510	3	0	58.945152	53.883999	0
8828	2510	3	0	0	55.301998	0
8829	2510	3	0	-1.228024	56.011002	0
8830	2510	3	0	-1.228024	57.429001	0
8831	2510	3	0	0	58.138	0
8832	2510	3	0	2.456048	55.301998	0
8833	2510	3	0	1.228024	56.011002	0
8834	2510	3	0	1.228024	57.429001	0
8835	2510	3	0	2.456048	58.138	0
8836	2510	3	0	4.912096	55.301998	0
8837	2510	3	0	3.684072	56.011002	0
8838	2510	3	0	3.684072	57.429001	0
8839	2510	3	0	4.912096	58.138	0
8840	2510	3	0	7.368144	55.301998	0
8841	2510	3	0	6.14012	56.011002	0
8842	2510	3	0	6.14012	57.429001	0
8843	2510	3	0	7.368144	58.138	0
8844	2510	3	0	9.824192	55.301998	0
8845	2510	3	0	8.596169	56.011002	0
8846	2510	3	0	8.596169	57.429001	0
8847	2510	3	0	9.824192	58.138	0
8848	2510	3	0	12.28024	55.301998	0
8849	2510	3	0	11.052217	56.011002	0
8850	2510	3	0	11.052217	57.429001	0
8851	2510	3	0	12.28024	58.138	0
8852	2510	3	0	14.736288	55.301998	0
8853	2510	3	0	13.508265	56.011002	0
8854	2510	3	0	13.508265	57.429001	0
8855	2510	3	0	14.736288	58.138	0
8856	2510	3	0	17.192337	55.301998	0
8857	2510	3	0	15.964313	56.011002	0
8858	2510	3	0	15.964313	57.429001	0
8859	2510	3	0	17.192337	58.138	0
8860	2510	3	0	19.648384	55.301998	0
8861	2510	3	0	18.420361	56.011002	0
8862	2510	3	0	18.420361	57.429001	0
8863	2510	3	0	19.648384	58.138	0
8864	2510	3	0	22.104433	55.301998	0
8865	2510	3	0	20.876408	56.011002	0
8866	2510	3	0	20.876408	57.429001	0
8867	2510	3	0	22.104433	58.138	0
8868	2510	3	0	24.56048	55.301998	0
8869	2510	3	0	23.332457	56.011002	0
8870	2510	3	0	23.332457	57.429001	0
8871	2510	3	0	24.56048	58.138	0
8872	2510	3	0	27.016529	55.301998	0
8873	2510	3	0	25.788504	56.011002	0
8874	2510	3	0	25.788504	57.429001	0
8875	2510	3	0	27.016529	58.138	0
8876	2510	3	0	29.472576	55.301998	0
8877	2510	3	0	28.244553	56.011002	0
8878	2510	3	0	28.244553	57.429001	0
8879	2510	3	0	29.472576	58.138	0
8880	2510	3	0	31.928625	55.301998	0
8881	2510	3	0	30.7006	56.011002	0
8882	2510	3	0	30.7006	57.429001	0
8883	2510	3	0	31.928625	58.138	0
8884	2510	3	0	34.384674	55.301998	0
8885	2510	3	0	33.156647	56.011002	0
8886	2510	3	0	33.156647	57.429001	0
8887	2510	3	0	34.384674	58.138	0
8888	2510	3	0	36.840721	55.301998	0
8889	2510	3	0	35.612698	56.011002	0
8890	2510	3	0	35.612698	57.429001	0
8891	2510	3	0	36.840721	58.138	0
8892	2510	3	0	39.296768	55.301998	0
8893	2510	3	0	38.068745	56.011002	0
8894	2510	3	0	38.068745	57.429001	0
8895	2510	3	0	39.296768	58.138	0
8896	2510	3	0	41.752815	55.301998	0
8897	2510	3	0	40.524792	56.011002	0
8898	2510	3	0	40.524792	57.429001	0
8899	2510	3	0	41.752815	58.138	0
8900	2510	3	0	44.208866	55.301998	0
8901	2510	3	0	42.980843	56.011002	0
8902	2510	3	0	42.980843	57.429001	0
8903	2510	3	0	44.208866	58.138	0
8904	2510	3	0	46.664913	55.301998	0
8905	2510	3	0	45.43689	56.011002	0
8906	2510	3	0	45.43689	57.429001	0
8907	2510	3	0	46.664913	58.138	0
8908	2510	3	0	49.12096	55.301998	0
8909	2510	3	0	47.892937	56.011002	0
8910	2510	3	0	47.892937	57.429001	0
8911	2510	3	0	49.12096	58.138	0
8912	2510	3	0	51.577007	55.301998	0
8913	2510	3	0	50.348984	56.011002	0
8914	2510	3	0	50.348984	57.429001	0
8915	2510	3	0	51.577007	58.138	0
8916	2510	3	0	54.033058	55.301998	0
8917	2510	3	0	52.805035	56.011002	0
8918	2510	3	0	52.805035	57.429001	0
8919	2510	3	0	54.033058	58.138	0
8920	2510	3	0	56.489105	55.301998	0
8921	2510	3	0	55.261082	56.011002	0
8922	2510	3	0	55.261082	57.429001	0
8923	2510	3	0	56.489105	58.138	0
8924	2510	3	0	58.945152	55.301998	0
8925	2510	3	0	57.717129	56.011002	0
8926	2510	3	0	57.717129	57.429001	0
8927	2510	3	0	58.945152	58.138	0
8928	2510	3	0	0	59.556	0
8929	2510	3	0	-1.228024	60.264999	0
8930	2510	3	0	-1.228024	61.682999	0
8931	2510	3	0	0	62.391998	0
8932	2510	3	0	2.456048	59.556	0
8933	2510	3	0	1.228024	60.264999	0
8934	2510	3	0	1.228024	61.682999	0
8935	2510	3	0	2.456048	62.391998	0
8936	2510	3	0	4.912096	59.556	0
8937	2510	3	0	3.684072	60.264999	0
8938	2510	3	0	3.684072	61.682999	0
8939	2510	3	0	4.912096	62.391998	0
8940	2510	3	0	7.368144	59.556	0
8941	2510	3	0	6.14012	60.264999	0
8942	2510	3	0	6.14012	61.682999	0
8943	2510	3	0	7.368144	62.391998	0
8944	2510	3	0	9.824192	59.556	0
8945	2510	3	0	8.596169	60.264999	0
8946	2510	3	0	8.596169	61.682999	0
8947	2510	3	0	9.824192	62.391998	0
8948	2510	3	0	12.28024	59.556	0
8949	2510	3	0	11.052217	60.264999	0
8950	2510	3	0	11.052217	61.682999	0
8951	2510	3	0	12.28024	62.391998	0
8952	2510	3	0	14.736288	59.556	0
8953	2510	3	0	13.508265	60.264999	0
8954	2510	3	0	13.508265	61.682999	0
8955	2510	3	0	14.736288	62.391998	0
8956	2510	3	0	17.192337	59.556	0
8957	2510	3	0	15.964313	60.264999	0
8958	2510	3	0	15.964313	61.682999	0
8959	2510	3	0	17.192337	62.391998	0
8960	2510	3	0	19.648384	59.556	0
8961	2510	3	0	18.420361	60.264999	0
8962	2510	3	0	18.420361	61.682999	0
8963	2510	3	0	19.648384	62.391998	0
8964	2510	3	0	22.104433	59.556	0
8965	2510	3	0	20.876408	60.264999	0
8966	2510	3	0	20.876408	61.682999	0
8967	2510	3	0	22.104433	62.391998	0
8968	2510	3	0	24.56048	59.556	0
8969	2510	3	0	23.332457	60.264999	0
8970	2510	3	0	23.332457	61.682999	0
8971	2510	3	0	24.56048	62.391998	0
8972	2510	3	0	27.016529	59.556	0
8973	2510	3	0	25.788504	60.264999	0
8974	2510	3	0	25.788504	61.682999	0
8975	2510	3	0	27.016529	62.391998	0
8976	2510	3	0	29.472576	59.556	0
8977	2510	3	0	28.244553	60.264999	0
8978	2510	3	0	28.244553	61.682999	0
8979	2510	3	0	29.472576	62.391998	0
8980	2510	3	0	31.928625	59.556	0
8981	2510	3	0	30.7006	60.264999	0
8982	2510	3	0	30.7006	61.682999	0
8983	2510	3	0	31.928625	62.391998	0
8984	2510	3	0	34.384674	59.556	0
8985	2510	3	0	33.156647	60.264999	0
8986	2510	3	0	33.156647	61.682999	0
8987	2510	3	0	34.384674	62.391998	0
8988	2510	3	0	36.840721	59.556	0
8989	2510	3	0	35.612698	60.264999	0
8990	2510	3	0	35.612698	61.682999	0
8991	2510	3	0	36.840721	62.391998	0
8992	2510	3	0	39.296768	59.556	0
8993	2510	3	0	38.068745	60.264999	0
8994	2510	3	0	38.068745	61.682999	0
8995	2510	3	0	39.296768	62.391998	0
8996	2510	3	0	41.752815	59.556	0
8997	2510	3	0	40.524792	60.264999	0
8998	2510	3	0	40.524792	61.682999	0
8999	2510	3	0	41.752815	62.391998	0
9000	2510	3	0	44.208866	59.556	0
9001	2510	3	0	42.980843	60.264999	0
9002	2510	3	0	42.980843	61.682999	0
9003	2510	3	0	44.208866	62.391998	0
9004	2510	3	0	46.664913	59.556	0
9005	2510	3	0	45.43689	60.264999	0
9006	2510	3	0	45.43689	61.682999	0
9007	2510	3	0	46.664913	62.391998	0
9008	2510	3	0	49.12096	59.556	0
9009	2510	3	0	47.892937	60.264999	0
9010	2510	3	0	47.892937	61.682999	0
9011	2510	3	0	49.12096	62.391998	0
9012	2510	3	0	51.577007	59.556	0
9013	2510	3	0	50.348984	60.264999	0
9014	2510	3	0	50.348984	61.682999	0
9015	2510	3	0	51.577007	62.391998	0
9016	2510	3	0	54.033058	59.556	0
9017	2510	3	0	52.805035	60.264999	0
9018	2510	3	0	52.805035	61.682999	0
9019	2510	3	0	54.033058	62.391998	0
9020	2510	3	0	56.489105	59.556	0
9021	2510	3	0	55.261082	60.264999	0
9022	2510	3	0	55.261082	61.682999	0
9023	2510	3	0	56.489105	62.391998	0
9024	2510	3	0	58.945152	59.556	0
9025	2510	3	0	57.717129	60.264999	0
9026	2510	3	0	57.717129	61.682999	0
9027	2510	3	0	58.945152	62.391998	0
