4159 1076 3 0 0.1472944 2.157 10
4160 1076 4 0 0.8527056 2.157 12.13122
4161 1076 4 0 2.3352944 3.814 12.13122
4162 1076 3 0 3.0407056 3.814 10
4163 1076 3 0 0.1472944 5.471 10
4164 1076 4 0 0.8527056 5.471 12.13122
4165 1076 4 0 2.3352944 7.128 12.13122
4166 1076 3 0 3.0407056 7.128 10
4167 1076 3 0 0.1472944 8.785 10
4168 1076 4 0 0.8527056 8.785 12.13122
4169 1076 4 0 2.3352944 10.442 12.13122
4170 1076 3 0 3.0407056 10.442 10
4171 1076 3 0 0.1472944 12.099 10
4172 1076 4 0 0.8527056 12.099 12.13122
4173 1076 4 0 2.3352944 13.756 12.13122
4174 1076 3 0 3.0407056 13.756 10
4175 1076 3 0 0.1472944 15.413 10
4176 1076 4 0 0.8527056 15.413 12.13122
4177 1076 4 0 2.3352944 17.07 12.13122
4178 1076 3 0 3.0407056 17.07 10
4179 1076 3 0 0.1472944 18.727 10
4180 1076 4 0 0.8527056 18.727 12.13122
4181 1076 4 0 2.3352944 20.384 12.13122
4182 1076 3 0 3.0407056 20.384 10
4183 1076 3 0 0.1472944 22.041 10
4184 1076 4 0 0.8527056 22.041 12.13122
4185 1076 4 0 2.3352944 23.698 12.13122
4186 1076 3 0 3.0407056 23.698 10
4187 1076 3 0 0.1472944 25.355 10
4188 1076 4 0 0.8527056 25.355 12.13122
4189 1076 4 0 2.3352944 27.012 12.13122
4190 1076 3 0 3.0407056 27.012 10
4191 1076 3 0 0.1472944 28.669 10
4192 1076 4 0 0.8527056 28.669 12.13122
4193 1076 4 0 2.3352944 30.326 12.13122
4194 1076 3 0 3.0407056 30.326 10
4195 1076 3 0 0.1472944 31.983 10
4196 1076 4 0 0.8527056 31.983 12.13122
4197 1076 4 0 2.3352944 33.64 12.13122
4198 1076 3 0 3.0407056 33.64 10
4199 1076 3 0 0.1472944 35.297 10
4200 1076 4 0 0.8527056 35.297 12.13122
4201 1076 4 0 2.3352944 36.954 12.13122
4202 1076 3 0 3.0407056 36.954 10
4203 1076 3 0 0.1472944 38.611 10
4204 1076 4 0 0.8527056 38.611 12.13122
4205 1076 4 0 2.3352944 40.268 12.13122
4206 1076 3 0 3.0407056 40.268 10
4207 1076 3 0 0.1472944 41.925 10
4208 1076 4 0 0.8527056 41.925 12.13122
4209 1076 4 0 2.3352944 43.582 12.13122
4210 1076 3 0 3.0407056 43.582 10
4211 1076 3 0 0.1472944 45.239 10
4212 1076 4 0 0.8527056 45.239 12.13122
4213 1076 4 0 2.3352944 46.896 12.13122
4214 1076 3 0 3.0407056 46.896 10
4215 1076 3 0 0.1472944 48.553 10
4216 1076 4 0 0.8527056 48.553 12.13122
4217 1076 4 0 2.3352944 50.21 12.13122
4218 1076 3 0 3.0407056 50.21 10
4219 1076 3 0 0.1472944 51.867 10
4220 1076 4 0 0.8527056 51.867 12.13122
4221 1076 4 0 2.3352944 53.524 12.13122
4222 1076 3 0 3.0407056 53.524 10
4223 1076 3 0 0.1472944 55.181 10
4224 1076 4 0 0.8527056 55.181 12.13122
4225 1076 4 0 2.3352944 56.838 12.13122
4226 1076 3 0 3.0407056 56.838 10
4227 1076 3 0 0.1472944 58.495 10
4228 1076 4 0 0.8527056 58.495 12.13122
4229 1076 4 0 2.3352944 60.152 12.13122
4230 1076 3 0 3.0407056 60.152 10
4231 1076 3 0 4.5232944 2.157 10
4232 1076 4 0 5.2287056 2.157 12.13122
4233 1076 4 0 6.7112944 3.814 12.13122
4234 1076 3 0 7.4167056 3.814 10
4235 1076 3 0 4.5232944 5.471 10
4236 1076 4 0 5.2287056 5.471 12.13122
4237 1076 4 0 6.7112944 7.128 12.13122
4238 1076 3 0 7.4167056 7.128 10
4239 1076 3 0 4.5232944 8.785 10
4240 1076 4 0 5.2287056 8.785 12.13122
4241 1076 4 0 6.7112944 10.442 12.13122
4242 1076 3 0 7.4167056 10.442 10
4243 1076 3 0 4.5232944 12.099 10
4244 1076 4 0 5.2287056 12.099 12.13122
4245 1076 4 0 6.7112944 13.756 12.13122
4246 1076 3 0 7.4167056 13.756 10
4247 1076 3 0 4.5232944 15.413 10
4248 1076 4 0 5.2287056 15.413 12.13122
4249 1076 4 0 6.7112944 17.07 12.13122
4250 1076 3 0 7.4167056 17.07 10
4251 1076 3 0 4.5232944 18.727 10
4252 1076 4 0 5.2287056 18.727 12.13122
4253 1076 4 0 6.7112944 20.384 12.13122
4254 1076 3 0 7.4167056 20.384 10
4255 1076 3 0 4.5232944 22.041 10
4256 1076 4 0 5.2287056 22.041 12.13122
4257 1076 4 0 6.7112944 23.698 12.13122
4258 1076 3 0 7.4167056 23.698 10
4259 1076 3 0 4.5232944 25.355 10
4260 1076 4 0 5.2287056 25.355 12.13122
4261 1076 4 0 6.7112944 27.012 12.13122
4262 1076 3 0 7.4167056 27.012 10
4263 1076 3 0 4.5232944 28.669 10
4264 1076 4 0 5.2287056 28.669 12.13122
4265 1076 4 0 6.7112944 30.326 12.13122
4266 1076 3 0 7.4167056 30.326 10
4267 1076 3 0 4.5232944 31.983 10
4268 1076 4 0 5.2287056 31.983 12.13122
4269 1076 4 0 6.7112944 33.64 12.13122
4270 1076 3 0 7.4167056 33.64 10
4271 1076 3 0 4.5232944 35.297 10
4272 1076 4 0 5.2287056 35.297 12.13122
4273 1076 4 0 6.7112944 36.954 12.13122
4274 1076 3 0 7.4167056 36.954 10
4275 1076 3 0 4.5232944 38.611 10
4276 1076 4 0 5.2287056 38.611 12.13122
4277 1076 4 0 6.7112944 40.268 12.13122
4278 1076 3 0 7.4167056 40.268 10
4279 1076 3 0 4.5232944 41.925 10
4280 1076 4 0 5.2287056 41.925 12.13122
4281 1076 4 0 6.7112944 43.582 12.13122
4282 1076 3 0 7.4167056 43.582 10
4283 1076 3 0 4.5232944 45.239 10
4284 1076 4 0 5.2287056 45.239 12.13122
4285 1076 4 0 6.7112944 46.896 12.13122
4286 1076 3 0 7.4167056 46.896 10
4287 1076 3 0 4.5232944 48.553 10
4288 1076 4 0 5.2287056 48.553 12.13122
4289 1076 4 0 6.7112944 50.21 12.13122
4290 1076 3 0 7.4167056 50.21 10
4291 1076 3 0 4.5232944 51.867 10
4292 1076 4 0 5.2287056 51.867 12.13122
4293 1076 4 0 6.7112944 53.524 12.13122
4294 1076 3 0 7.4167056 53.524 10
4295 1076 3 0 4.5232944 55.181 10
4296 1076 4 0 5.2287056 55.181 12.13122
4297 1076 4 0 6.7112944 56.838 12.13122
4298 1076 3 0 7.4167056 56.838 10
4299 1076 3 0 4.5232944 58.495 10
4300 1076 4 0 5.2287056 58.495 12.13122
4301 1076 4 0 6.7112944 60.152 12.13122
4302 1076 3 0 7.4167056 60.152 10
4303 1076 3 0 8.8992944 2.157 10
4304 1076 4 0 9.6047056 2.157 12.13122
4305 1076 4 0 11.0872944 3.814 12.13122
4306 1076 3 0 11.7927056 3.814 10
4307 1076 3 0 8.8992944 5.471 10
4308 1076 4 0 9.6047056 5.471 12.13122
4309 1076 4 0 11.0872944 7.128 12.13122
4310 1076 3 0 11.7927056 7.128 10
4311 1076 3 0 8.8992944 8.785 10
4312 1076 4 0 9.6047056 8.785 12.13122
4313 1076 4 0 11.0872944 10.442 12.13122
4314 1076 3 0 11.7927056 10.442 10
4315 1076 3 0 8.8992944 12.099 10
4316 1076 4 0 9.6047056 12.099 12.13122
4317 1076 4 0 11.0872944 13.756 12.13122
4318 1076 3 0 11.7927056 13.756 10
4319 1076 3 0 8.8992944 15.413 10
4320 1076 4 0 9.6047056 15.413 12.13122
4321 1076 4 0 11.0872944 17.07 12.13122
4322 1076 3 0 11.7927056 17.07 10
4323 1076 3 0 8.8992944 18.727 10
4324 1076 4 0 9.6047056 18.727 12.13122
4325 1076 4 0 11.0872944 20.384 12.13122
4326 1076 3 0 11.7927056 20.384 10
4327 1076 3 0 8.8992944 22.041 10
4328 1076 4 0 9.6047056 22.041 12.13122
4329 1076 4 0 11.0872944 23.698 12.13122
4330 1076 3 0 11.7927056 23.698 10
4331 1076 3 0 8.8992944 25.355 10
4332 1076 4 0 9.6047056 25.355 12.13122
4333 1076 4 0 11.0872944 27.012 12.13122
4334 1076 3 0 11.7927056 27.012 10
4335 1076 3 0 8.8992944 28.669 10
4336 1076 4 0 9.6047056 28.669 12.13122
4337 1076 4 0 11.0872944 30.326 12.13122
4338 1076 3 0 11.7927056 30.326 10
4339 1076 3 0 8.8992944 31.983 10
4340 1076 4 0 9.6047056 31.983 12.13122
4341 1076 4 0 11.0872944 33.64 12.13122
4342 1076 3 0 11.7927056 33.64 10
4343 1076 3 0 8.8992944 35.297 10
4344 1076 4 0 9.6047056 35.297 12.13122
4345 1076 4 0 11.0872944 36.954 12.13122
4346 1076 3 0 11.7927056 36.954 10
4347 1076 3 0 8.8992944 38.611 10
4348 1076 4 0 9.6047056 38.611 12.13122
4349 1076 4 0 11.0872944 40.268 12.13122
4350 1076 3 0 11.7927056 40.268 10
4351 1076 3 0 8.8992944 41.925 10
4352 1076 4 0 9.6047056 41.925 12.13122
4353 1076 4 0 11.0872944 43.582 12.13122
4354 1076 3 0 11.7927056 43.582 10
4355 1076 3 0 8.8992944 45.239 10
4356 1076 4 0 9.6047056 45.239 12.13122
4357 1076 4 0 11.0872944 46.896 12.13122
4358 1076 3 0 11.7927056 46.896 10
4359 1076 3 0 8.8992944 48.553 10
4360 1076 4 0 9.6047056 48.553 12.13122
4361 1076 4 0 11.0872944 50.21 12.13122
4362 1076 3 0 11.7927056 50.21 10
4363 1076 3 0 8.8992944 51.867 10
4364 1076 4 0 9.6047056 51.867 12.13122
4365 1076 4 0 11.0872944 53.524 12.13122
4366 1076 3 0 11.7927056 53.524 10
4367 1076 3 0 8.8992944 55.181 10
4368 1076 4 0 9.6047056 55.181 12.13122
4369 1076 4 0 11.0872944 56.838 12.13122
4370 1076 3 0 11.7927056 56.838 10
4371 1076 3 0 8.8992944 58.495 10
4372 1076 4 0 9.6047056 58.495 12.13122
4373 1076 4 0 11.0872944 60.152 12.13122
4374 1076 3 0 11.7927056 60.152 10
4375 1076 3 0 13.2752944 2.157 10
4376 1076 4 0 13.9807056 2.157 12.13122
4377 1076 4 0 15.4632944 3.814 12.13122
4378 1076 3 0 16.1687056 3.814 10
4379 1076 3 0 13.2752944 5.471 10
4380 1076 4 0 13.9807056 5.471 12.13122
4381 1076 4 0 15.4632944 7.128 12.13122
4382 1076 3 0 16.1687056 7.128 10
4383 1076 3 0 13.2752944 8.785 10
4384 1076 4 0 13.9807056 8.785 12.13122
4385 1076 4 0 15.4632944 10.442 12.13122
4386 1076 3 0 16.1687056 10.442 10
4387 1076 3 0 13.2752944 12.099 10
4388 1076 4 0 13.9807056 12.099 12.13122
4389 1076 4 0 15.4632944 13.756 12.13122
4390 1076 3 0 16.1687056 13.756 10
4391 1076 3 0 13.2752944 15.413 10
4392 1076 4 0 13.9807056 15.413 12.13122
4393 1076 4 0 15.4632944 17.07 12.13122
4394 1076 3 0 16.1687056 17.07 10
4395 1076 3 0 13.2752944 18.727 10
4396 1076 4 0 13.9807056 18.727 12.13122
4397 1076 4 0 15.4632944 20.384 12.13122
4398 1076 3 0 16.1687056 20.384 10
4399 1076 3 0 13.2752944 22.041 10
4400 1076 4 0 13.9807056 22.041 12.13122
4401 1076 4 0 15.4632944 23.698 12.13122
4402 1076 3 0 16.1687056 23.698 10
4403 1076 3 0 13.2752944 25.355 10
4404 1076 4 0 13.9807056 25.355 12.13122
4405 1076 4 0 15.4632944 27.012 12.13122
4406 1076 3 0 16.1687056 27.012 10
4407 1076 3 0 13.2752944 28.669 10
4408 1076 4 0 13.9807056 28.669 12.13122
4409 1076 4 0 15.4632944 30.326 12.13122
4410 1076 3 0 16.1687056 30.326 10
4411 1076 3 0 13.2752944 31.983 10
4412 1076 4 0 13.9807056 31.983 12.13122
4413 1076 4 0 15.4632944 33.64 12.13122
4414 1076 3 0 16.1687056 33.64 10
4415 1076 3 0 13.2752944 35.297 10
4416 1076 4 0 13.9807056 35.297 12.13122
4417 1076 4 0 15.4632944 36.954 12.13122
4418 1076 3 0 16.1687056 36.954 10
4419 1076 3 0 13.2752944 38.611 10
4420 1076 4 0 13.9807056 38.611 12.13122
4421 1076 4 0 15.4632944 40.268 12.13122
4422 1076 3 0 16.1687056 40.268 10
4423 1076 3 0 13.2752944 41.925 10
4424 1076 4 0 13.9807056 41.925 12.13122
4425 1076 4 0 15.4632944 43.582 12.13122
4426 1076 3 0 16.1687056 43.582 10
4427 1076 3 0 13.2752944 45.239 10
4428 1076 4 0 13.9807056 45.239 12.13122
4429 1076 4 0 15.4632944 46.896 12.13122
4430 1076 3 0 16.1687056 46.896 10
4431 1076 3 0 13.2752944 48.553 10
4432 1076 4 0 13.9807056 48.553 12.13122
4433 1076 4 0 15.4632944 50.21 12.13122
4434 1076 3 0 16.1687056 50.21 10
4435 1076 3 0 13.2752944 51.867 10
4436 1076 4 0 13.9807056 51.867 12.13122
4437 1076 4 0 15.4632944 53.524 12.13122
4438 1076 3 0 16.1687056 53.524 10
4439 1076 3 0 13.2752944 55.181 10
4440 1076 4 0 13.9807056 55.181 12.13122
4441 1076 4 0 15.4632944 56.838 12.13122
4442 1076 3 0 16.1687056 56.838 10
4443 1076 3 0 13.2752944 58.495 10
4444 1076 4 0 13.9807056 58.495 12.13122
4445 1076 4 0 15.4632944 60.152 12.13122
4446 1076 3 0 16.1687056 60.152 10
4447 1076 3 0 17.6512944 2.157 10
4448 1076 4 0 18.3567056 2.157 12.13122
4449 1076 4 0 19.8392944 3.814 12.13122
4450 1076 3 0 20.5447056 3.814 10
4451 1076 3 0 17.6512944 5.471 10
4452 1076 4 0 18.3567056 5.471 12.13122
4453 1076 4 0 19.8392944 7.128 12.13122
4454 1076 3 0 20.5447056 7.128 10
4455 1076 3 0 17.6512944 8.785 10
4456 1076 4 0 18.3567056 8.785 12.13122
4457 1076 4 0 19.8392944 10.442 12.13122
4458 1076 3 0 20.5447056 10.442 10
4459 1076 3 0 17.6512944 12.099 10
4460 1076 4 0 18.3567056 12.099 12.13122
4461 1076 4 0 19.8392944 13.756 12.13122
4462 1076 3 0 20.5447056 13.756 10
4463 1076 3 0 17.6512944 15.413 10
4464 1076 4 0 18.3567056 15.413 12.13122
4465 1076 4 0 19.8392944 17.07 12.13122
4466 1076 3 0 20.5447056 17.07 10
4467 1076 3 0 17.6512944 18.727 10
4468 1076 4 0 18.3567056 18.727 12.13122
4469 1076 4 0 19.8392944 20.384 12.13122
4470 1076 3 0 20.5447056 20.384 10
4471 1076 3 0 17.6512944 22.041 10
4472 1076 4 0 18.3567056 22.041 12.13122
4473 1076 4 0 19.8392944 23.698 12.13122
4474 1076 3 0 20.5447056 23.698 10
4475 1076 3 0 17.6512944 25.355 10
4476 1076 4 0 18.3567056 25.355 12.13122
4477 1076 4 0 19.8392944 27.012 12.13122
4478 1076 3 0 20.5447056 27.012 10
4479 1076 3 0 17.6512944 28.669 10
4480 1076 4 0 18.3567056 28.669 12.13122
4481 1076 4 0 19.8392944 30.326 12.13122
4482 1076 3 0 20.5447056 30.326 10
4483 1076 3 0 17.6512944 31.983 10
4484 1076 4 0 18.3567056 31.983 12.13122
4485 1076 4 0 19.8392944 33.64 12.13122
4486 1076 3 0 20.5447056 33.64 10
4487 1076 3 0 17.6512944 35.297 10
4488 1076 4 0 18.3567056 35.297 12.13122
4489 1076 4 0 19.8392944 36.954 12.13122
4490 1076 3 0 20.5447056 36.954 10
4491 1076 3 0 17.6512944 38.611 10
4492 1076 4 0 18.3567056 38.611 12.13122
4493 1076 4 0 19.8392944 40.268 12.13122
4494 1076 3 0 20.5447056 40.268 10
4495 1076 3 0 17.6512944 41.925 10
4496 1076 4 0 18.3567056 41.925 12.13122
4497 1076 4 0 19.8392944 43.582 12.13122
4498 1076 3 0 20.5447056 43.582 10
4499 1076 3 0 17.6512944 45.239 10
4500 1076 4 0 18.3567056 45.239 12.13122
4501 1076 4 0 19.8392944 46.896 12.13122
4502 1076 3 0 20.5447056 46.896 10
4503 1076 3 0 17.6512944 48.553 10
4504 1076 4 0 18.3567056 48.553 12.13122
4505 1076 4 0 19.8392944 50.21 12.13122
4506 1076 3 0 20.5447056 50.21 10
4507 1076 3 0 17.6512944 51.867 10
4508 1076 4 0 18.3567056 51.867 12.13122
4509 1076 4 0 19.8392944 53.524 12.13122
4510 1076 3 0 20.5447056 53.524 10
4511 1076 3 0 17.6512944 55.181 10
4512 1076 4 0 18.3567056 55.181 12.13122
4513 1076 4 0 19.8392944 56.838 12.13122
4514 1076 3 0 20.5447056 56.838 10
4515 1076 3 0 17.6512944 58.495 10
4516 1076 4 0 18.3567056 58.495 12.13122
4517 1076 4 0 19.8392944 60.152 12.13122
4518 1076 3 0 20.5447056 60.152 10
4519 1076 3 0 22.0272944 2.157 10
4520 1076 4 0 22.7327056 2.157 12.13122
4521 1076 4 0 24.2152944 3.814 12.13122
4522 1076 3 0 24.9207056 3.814 10
4523 1076 3 0 22.0272944 5.471 10
4524 1076 4 0 22.7327056 5.471 12.13122
4525 1076 4 0 24.2152944 7.128 12.13122
4526 1076 3 0 24.9207056 7.128 10
4527 1076 3 0 22.0272944 8.785 10
4528 1076 4 0 22.7327056 8.785 12.13122
4529 1076 4 0 24.2152944 10.442 12.13122
4530 1076 3 0 24.9207056 10.442 10
4531 1076 3 0 22.0272944 12.099 10
4532 1076 4 0 22.7327056 12.099 12.13122
4533 1076 4 0 24.2152944 13.756 12.13122
4534 1076 3 0 24.9207056 13.756 10
4535 1076 3 0 22.0272944 15.413 10
4536 1076 4 0 22.7327056 15.413 12.13122
4537 1076 4 0 24.2152944 17.07 12.13122
4538 1076 3 0 24.9207056 17.07 10
4539 1076 3 0 22.0272944 18.727 10
4540 1076 4 0 22.7327056 18.727 12.13122
4541 1076 4 0 24.2152944 20.384 12.13122
4542 1076 3 0 24.9207056 20.384 10
4543 1076 3 0 22.0272944 22.041 10
4544 1076 4 0 22.7327056 22.041 12.13122
4545 1076 4 0 24.2152944 23.698 12.13122
4546 1076 3 0 24.9207056 23.698 10
4547 1076 3 0 22.0272944 25.355 10
4548 1076 4 0 22.7327056 25.355 12.13122
4549 1076 4 0 24.2152944 27.012 12.13122
4550 1076 3 0 24.9207056 27.012 10
4551 1076 3 0 22.0272944 28.669 10
4552 1076 4 0 22.7327056 28.669 12.13122
4553 1076 4 0 24.2152944 30.326 12.13122
4554 1076 3 0 24.9207056 30.326 10
4555 1076 3 0 22.0272944 31.983 10
4556 1076 4 0 22.7327056 31.983 12.13122
4557 1076 4 0 24.2152944 33.64 12.13122
4558 1076 3 0 24.9207056 33.64 10
4559 1076 3 0 22.0272944 35.297 10
4560 1076 4 0 22.7327056 35.297 12.13122
4561 1076 4 0 24.2152944 36.954 12.13122
4562 1076 3 0 24.9207056 36.954 10
4563 1076 3 0 22.0272944 38.611 10
4564 1076 4 0 22.7327056 38.611 12.13122
4565 1076 4 0 24.2152944 40.268 12.13122
4566 1076 3 0 24.9207056 40.268 10
4567 1076 3 0 22.0272944 41.925 10
4568 1076 4 0 22.7327056 41.925 12.13122
4569 1076 4 0 24.2152944 43.582 12.13122
4570 1076 3 0 24.9207056 43.582 10
4571 1076 3 0 22.0272944 45.239 10
4572 1076 4 0 22.7327056 45.239 12.13122
4573 1076 4 0 24.2152944 46.896 12.13122
4574 1076 3 0 24.9207056 46.896 10
4575 1076 3 0 22.0272944 48.553 10
4576 1076 4 0 22.7327056 48.553 12.13122
4577 1076 4 0 24.2152944 50.21 12.13122
4578 1076 3 0 24.9207056 50.21 10
4579 1076 3 0 22.0272944 51.867 10
4580 1076 4 0 22.7327056 51.867 12.13122
4581 1076 4 0 24.2152944 53.524 12.13122
4582 1076 3 0 24.9207056 53.524 10
4583 1076 3 0 22.0272944 55.181 10
4584 1076 4 0 22.7327056 55.181 12.13122
4585 1076 4 0 24.2152944 56.838 12.13122
4586 1076 3 0 24.9207056 56.838 10
4587 1076 3 0 22.0272944 58.495 10
4588 1076 4 0 22.7327056 58.495 12.13122
4589 1076 4 0 24.2152944 60.152 12.13122
4590 1076 3 0 24.9207056 60.152 10
4591 1076 3 0 26.4032944 2.157 10
4592 1076 4 0 27.1087056 2.157 12.13122
4593 1076 4 0 28.5912944 3.814 12.13122
4594 1076 3 0 29.2967056 3.814 10
4595 1076 3 0 26.4032944 5.471 10
4596 1076 4 0 27.1087056 5.471 12.13122
4597 1076 4 0 28.5912944 7.128 12.13122
4598 1076 3 0 29.2967056 7.128 10
4599 1076 3 0 26.4032944 8.785 10
4600 1076 4 0 27.1087056 8.785 12.13122
4601 1076 4 0 28.5912944 10.442 12.13122
4602 1076 3 0 29.2967056 10.442 10
4603 1076 3 0 26.4032944 12.099 10
4604 1076 4 0 27.1087056 12.099 12.13122
4605 1076 4 0 28.5912944 13.756 12.13122
4606 1076 3 0 29.2967056 13.756 10
4607 1076 3 0 26.4032944 15.413 10
4608 1076 4 0 27.1087056 15.413 12.13122
4609 1076 4 0 28.5912944 17.07 12.13122
4610 1076 3 0 29.2967056 17.07 10
4611 1076 3 0 26.4032944 18.727 10
4612 1076 4 0 27.1087056 18.727 12.13122
4613 1076 4 0 28.5912944 20.384 12.13122
4614 1076 3 0 29.2967056 20.384 10
4615 1076 3 0 26.4032944 22.041 10
4616 1076 4 0 27.1087056 22.041 12.13122
4617 1076 4 0 28.5912944 23.698 12.13122
4618 1076 3 0 29.2967056 23.698 10
4619 1076 3 0 26.4032944 25.355 10
4620 1076 4 0 27.1087056 25.355 12.13122
4621 1076 4 0 28.5912944 27.012 12.13122
4622 1076 3 0 29.2967056 27.012 10
4623 1076 3 0 26.4032944 28.669 10
4624 1076 4 0 27.1087056 28.669 12.13122
4625 1076 4 0 28.5912944 30.326 12.13122
4626 1076 3 0 29.2967056 30.326 10
4627 1076 3 0 26.4032944 31.983 10
4628 1076 4 0 27.1087056 31.983 12.13122
4629 1076 4 0 28.5912944 33.64 12.13122
4630 1076 3 0 29.2967056 33.64 10
4631 1076 3 0 26.4032944 35.297 10
4632 1076 4 0 27.1087056 35.297 12.13122
4633 1076 4 0 28.5912944 36.954 12.13122
4634 1076 3 0 29.2967056 36.954 10
4635 1076 3 0 26.4032944 38.611 10
4636 1076 4 0 27.1087056 38.611 12.13122
4637 1076 4 0 28.5912944 40.268 12.13122
4638 1076 3 0 29.2967056 40.268 10
4639 1076 3 0 26.4032944 41.925 10
4640 1076 4 0 27.1087056 41.925 12.13122
4641 1076 4 0 28.5912944 43.582 12.13122
4642 1076 3 0 29.2967056 43.582 10
4643 1076 3 0 26.4032944 45.239 10
4644 1076 4 0 27.1087056 45.239 12.13122
4645 1076 4 0 28.5912944 46.896 12.13122
4646 1076 3 0 29.2967056 46.896 10
4647 1076 3 0 26.4032944 48.553 10
4648 1076 4 0 27.1087056 48.553 12.13122
4649 1076 4 0 28.5912944 50.21 12.13122
4650 1076 3 0 29.2967056 50.21 10
4651 1076 3 0 26.4032944 51.867 10
4652 1076 4 0 27.1087056 51.867 12.13122
4653 1076 4 0 28.5912944 53.524 12.13122
4654 1076 3 0 29.2967056 53.524 10
4655 1076 3 0 26.4032944 55.181 10
4656 1076 4 0 27.1087056 55.181 12.13122
4657 1076 4 0 28.5912944 56.838 12.13122
4658 1076 3 0 29.2967056 56.838 10
4659 1076 3 0 26.4032944 58.495 10
4660 1076 4 0 27.1087056 58.495 12.13122
4661 1076 4 0 28.5912944 60.152 12.13122
4662 1076 3 0 29.2967056 60.152 10
4663 1076 3 0 30.7792944 2.157 10
4664 1076 4 0 31.4847056 2.157 12.13122
4665 1076 4 0 32.9672944 3.814 12.13122
4666 1076 3 0 33.6727056 3.814 10
4667 1076 3 0 30.7792944 5.471 10
4668 1076 4 0 31.4847056 5.471 12.13122
4669 1076 4 0 32.9672944 7.128 12.13122
4670 1076 3 0 33.6727056 7.128 10
4671 1076 3 0 30.7792944 8.785 10
4672 1076 4 0 31.4847056 8.785 12.13122
4673 1076 4 0 32.9672944 10.442 12.13122
4674 1076 3 0 33.6727056 10.442 10
4675 1076 3 0 30.7792944 12.099 10
4676 1076 4 0 31.4847056 12.099 12.13122
4677 1076 4 0 32.9672944 13.756 12.13122
4678 1076 3 0 33.6727056 13.756 10
4679 1076 3 0 30.7792944 15.413 10
4680 1076 4 0 31.4847056 15.413 12.13122
4681 1076 4 0 32.9672944 17.07 12.13122
4682 1076 3 0 33.6727056 17.07 10
4683 1076 3 0 30.7792944 18.727 10
4684 1076 4 0 31.4847056 18.727 12.13122
4685 1076 4 0 32.9672944 20.384 12.13122
4686 1076 3 0 33.6727056 20.384 10
4687 1076 3 0 30.7792944 22.041 10
4688 1076 4 0 31.4847056 22.041 12.13122
4689 1076 4 0 32.9672944 23.698 12.13122
4690 1076 3 0 33.6727056 23.698 10
4691 1076 3 0 30.7792944 25.355 10
4692 1076 4 0 31.4847056 25.355 12.13122
4693 1076 4 0 32.9672944 27.012 12.13122
4694 1076 3 0 33.6727056 27.012 10
4695 1076 3 0 30.7792944 28.669 10
4696 1076 4 0 31.4847056 28.669 12.13122
4697 1076 4 0 32.9672944 30.326 12.13122
4698 1076 3 0 33.6727056 30.326 10
4699 1076 3 0 30.7792944 31.983 10
4700 1076 4 0 31.4847056 31.983 12.13122
4701 1076 4 0 32.9672944 33.64 12.13122
4702 1076 3 0 33.6727056 33.64 10
4703 1076 3 0 30.7792944 35.297 10
4704 1076 4 0 31.4847056 35.297 12.13122
4705 1076 4 0 32.9672944 36.954 12.13122
4706 1076 3 0 33.6727056 36.954 10
4707 1076 3 0 30.7792944 38.611 10
4708 1076 4 0 31.4847056 38.611 12.13122
4709 1076 4 0 32.9672944 40.268 12.13122
4710 1076 3 0 33.6727056 40.268 10
4711 1076 3 0 30.7792944 41.925 10
4712 1076 4 0 31.4847056 41.925 12.13122
4713 1076 4 0 32.9672944 43.582 12.13122
4714 1076 3 0 33.6727056 43.582 10
4715 1076 3 0 30.7792944 45.239 10
4716 1076 4 0 31.4847056 45.239 12.13122
4717 1076 4 0 32.9672944 46.896 12.13122
4718 1076 3 0 33.6727056 46.896 10
4719 1076 3 0 30.7792944 48.553 10
4720 1076 4 0 31.4847056 48.553 12.13122
4721 1076 4 0 32.9672944 50.21 12.13122
4722 1076 3 0 33.6727056 50.21 10
4723 1076 3 0 30.7792944 51.867 10
4724 1076 4 0 31.4847056 51.867 12.13122
4725 1076 4 0 32.9672944 53.524 12.13122
4726 1076 3 0 33.6727056 53.524 10
4727 1076 3 0 30.7792944 55.181 10
4728 1076 4 0 31.4847056 55.181 12.13122
4729 1076 4 0 32.9672944 56.838 12.13122
4730 1076 3 0 33.6727056 56.838 10
4731 1076 3 0 30.7792944 58.495 10
4732 1076 4 0 31.4847056 58.495 12.13122
4733 1076 4 0 32.9672944 60.152 12.13122
4734 1076 3 0 33.6727056 60.152 10
4735 1076 3 0 35.1552944 2.157 10
4736 1076 4 0 35.8607056 2.157 12.13122
4737 1076 4 0 37.3432944 3.814 12.13122
4738 1076 3 0 38.0487056 3.814 10
4739 1076 3 0 35.1552944 5.471 10
4740 1076 4 0 35.8607056 5.471 12.13122
4741 1076 4 0 37.3432944 7.128 12.13122
4742 1076 3 0 38.0487056 7.128 10
4743 1076 3 0 35.1552944 8.785 10
4744 1076 4 0 35.8607056 8.785 12.13122
4745 1076 4 0 37.3432944 10.442 12.13122
4746 1076 3 0 38.0487056 10.442 10
4747 1076 3 0 35.1552944 12.099 10
4748 1076 4 0 35.8607056 12.099 12.13122
4749 1076 4 0 37.3432944 13.756 12.13122
4750 1076 3 0 38.0487056 13.756 10
4751 1076 3 0 35.1552944 15.413 10
4752 1076 4 0 35.8607056 15.413 12.13122
4753 1076 4 0 37.3432944 17.07 12.13122
4754 1076 3 0 38.0487056 17.07 10
4755 1076 3 0 35.1552944 18.727 10
4756 1076 4 0 35.8607056 18.727 12.13122
4757 1076 4 0 37.3432944 20.384 12.13122
4758 1076 3 0 38.0487056 20.384 10
4759 1076 3 0 35.1552944 22.041 10
4760 1076 4 0 35.8607056 22.041 12.13122
4761 1076 4 0 37.3432944 23.698 12.13122
4762 1076 3 0 38.0487056 23.698 10
4763 1076 3 0 35.1552944 25.355 10
4764 1076 4 0 35.8607056 25.355 12.13122
4765 1076 4 0 37.3432944 27.012 12.13122
4766 1076 3 0 38.0487056 27.012 10
4767 1076 3 0 35.1552944 28.669 10
4768 1076 4 0 35.8607056 28.669 12.13122
4769 1076 4 0 37.3432944 30.326 12.13122
4770 1076 3 0 38.0487056 30.326 10
4771 1076 3 0 35.1552944 31.983 10
4772 1076 4 0 35.8607056 31.983 12.13122
4773 1076 4 0 37.3432944 33.64 12.13122
4774 1076 3 0 38.0487056 33.64 10
4775 1076 3 0 35.1552944 35.297 10
4776 1076 4 0 35.8607056 35.297 12.13122
4777 1076 4 0 37.3432944 36.954 12.13122
4778 1076 3 0 38.0487056 36.954 10
4779 1076 3 0 35.1552944 38.611 10
4780 1076 4 0 35.8607056 38.611 12.13122
4781 1076 4 0 37.3432944 40.268 12.13122
4782 1076 3 0 38.0487056 40.268 10
4783 1076 3 0 35.1552944 41.925 10
4784 1076 4 0 35.8607056 41.925 12.13122
4785 1076 4 0 37.3432944 43.582 12.13122
4786 1076 3 0 38.0487056 43.582 10
4787 1076 3 0 35.1552944 45.239 10
4788 1076 4 0 35.8607056 45.239 12.13122
4789 1076 4 0 37.3432944 46.896 12.13122
4790 1076 3 0 38.0487056 46.896 10
4791 1076 3 0 35.1552944 48.553 10
4792 1076 4 0 35.8607056 48.553 12.13122
4793 1076 4 0 37.3432944 50.21 12.13122
4794 1076 3 0 38.0487056 50.21 10
4795 1076 3 0 35.1552944 51.867 10
4796 1076 4 0 35.8607056 51.867 12.13122
4797 1076 4 0 37.3432944 53.524 12.13122
4798 1076 3 0 38.0487056 53.524 10
4799 1076 3 0 35.1552944 55.181 10
4800 1076 4 0 35.8607056 55.181 12.13122
4801 1076 4 0 37.3432944 56.838 12.13122
4802 1076 3 0 38.0487056 56.838 10
4803 1076 3 0 35.1552944 58.495 10
4804 1076 4 0 35.8607056 58.495 12.13122
4805 1076 4 0 37.3432944 60.152 12.13122
4806 1076 3 0 38.0487056 60.152 10
4807 1076 3 0 39.5312944 2.157 10
4808 1076 4 0 40.2367056 2.157 12.13122
4809 1076 4 0 41.7192944 3.814 12.13122
4810 1076 3 0 42.4247056 3.814 10
4811 1076 3 0 39.5312944 5.471 10
4812 1076 4 0 40.2367056 5.471 12.13122
4813 1076 4 0 41.7192944 7.128 12.13122
4814 1076 3 0 42.4247056 7.128 10
4815 1076 3 0 39.5312944 8.785 10
4816 1076 4 0 40.2367056 8.785 12.13122
4817 1076 4 0 41.7192944 10.442 12.13122
4818 1076 3 0 42.4247056 10.442 10
4819 1076 3 0 39.5312944 12.099 10
4820 1076 4 0 40.2367056 12.099 12.13122
4821 1076 4 0 41.7192944 13.756 12.13122
4822 1076 3 0 42.4247056 13.756 10
4823 1076 3 0 39.5312944 15.413 10
4824 1076 4 0 40.2367056 15.413 12.13122
4825 1076 4 0 41.7192944 17.07 12.13122
4826 1076 3 0 42.4247056 17.07 10
4827 1076 3 0 39.5312944 18.727 10
4828 1076 4 0 40.2367056 18.727 12.13122
4829 1076 4 0 41.7192944 20.384 12.13122
4830 1076 3 0 42.4247056 20.384 10
4831 1076 3 0 39.5312944 22.041 10
4832 1076 4 0 40.2367056 22.041 12.13122
4833 1076 4 0 41.7192944 23.698 12.13122
4834 1076 3 0 42.4247056 23.698 10
4835 1076 3 0 39.5312944 25.355 10
4836 1076 4 0 40.2367056 25.355 12.13122
4837 1076 4 0 41.7192944 27.012 12.13122
4838 1076 3 0 42.4247056 27.012 10
4839 1076 3 0 39.5312944 28.669 10
4840 1076 4 0 40.2367056 28.669 12.13122
4841 1076 4 0 41.7192944 30.326 12.13122
4842 1076 3 0 42.4247056 30.326 10
4843 1076 3 0 39.5312944 31.983 10
4844 1076 4 0 40.2367056 31.983 12.13122
4845 1076 4 0 41.7192944 33.64 12.13122
4846 1076 3 0 42.4247056 33.64 10
4847 1076 3 0 39.5312944 35.297 10
4848 1076 4 0 40.2367056 35.297 12.13122
4849 1076 4 0 41.7192944 36.954 12.13122
4850 1076 3 0 42.4247056 36.954 10
4851 1076 3 0 39.5312944 38.611 10
4852 1076 4 0 40.2367056 38.611 12.13122
4853 1076 4 0 41.7192944 40.268 12.13122
4854 1076 3 0 42.4247056 40.268 10
4855 1076 3 0 39.5312944 41.925 10
4856 1076 4 0 40.2367056 41.925 12.13122
4857 1076 4 0 41.7192944 43.582 12.13122
4858 1076 3 0 42.4247056 43.582 10
4859 1076 3 0 39.5312944 45.239 10
4860 1076 4 0 40.2367056 45.239 12.13122
4861 1076 4 0 41.7192944 46.896 12.13122
4862 1076 3 0 42.4247056 46.896 10
4863 1076 3 0 39.5312944 48.553 10
4864 1076 4 0 40.2367056 48.553 12.13122
4865 1076 4 0 41.7192944 50.21 12.13122
4866 1076 3 0 42.4247056 50.21 10
4867 1076 3 0 39.5312944 51.867 10
4868 1076 4 0 40.2367056 51.867 12.13122
4869 1076 4 0 41.7192944 53.524 12.13122
4870 1076 3 0 42.4247056 53.524 10
4871 1076 3 0 39.5312944 55.181 10
4872 1076 4 0 40.2367056 55.181 12.13122
4873 1076 4 0 41.7192944 56.838 12.13122
4874 1076 3 0 42.4247056 56.838 10
4875 1076 3 0 39.5312944 58.495 10
4876 1076 4 0 40.2367056 58.495 12.13122
4877 1076 4 0 41.7192944 60.152 12.13122
4878 1076 3 0 42.4247056 60.152 10
4879 1076 3 0 43.9072944 2.157 10
4880 1076 4 0 44.6127056 2.157 12.13122
4881 1076 4 0 46.0952944 3.814 12.13122
4882 1076 3 0 46.8007056 3.814 10
4883 1076 3 0 43.9072944 5.471 10
4884 1076 4 0 44.6127056 5.471 12.13122
4885 1076 4 0 46.0952944 7.128 12.13122
4886 1076 3 0 46.8007056 7.128 10
4887 1076 3 0 43.9072944 8.785 10
4888 1076 4 0 44.6127056 8.785 12.13122
4889 1076 4 0 46.0952944 10.442 12.13122
4890 1076 3 0 46.8007056 10.442 10
4891 1076 3 0 43.9072944 12.099 10
4892 1076 4 0 44.6127056 12.099 12.13122
4893 1076 4 0 46.0952944 13.756 12.13122
4894 1076 3 0 46.8007056 13.756 10
4895 1076 3 0 43.9072944 15.413 10
4896 1076 4 0 44.6127056 15.413 12.13122
4897 1076 4 0 46.0952944 17.07 12.13122
4898 1076 3 0 46.8007056 17.07 10
4899 1076 3 0 43.9072944 18.727 10
4900 1076 4 0 44.6127056 18.727 12.13122
4901 1076 4 0 46.0952944 20.384 12.13122
4902 1076 3 0 46.8007056 20.384 10
4903 1076 3 0 43.9072944 22.041 10
4904 1076 4 0 44.6127056 22.041 12.13122
4905 1076 4 0 46.0952944 23.698 12.13122
4906 1076 3 0 46.8007056 23.698 10
4907 1076 3 0 43.9072944 25.355 10
4908 1076 4 0 44.6127056 25.355 12.13122
4909 1076 4 0 46.0952944 27.012 12.13122
4910 1076 3 0 46.8007056 27.012 10
4911 1076 3 0 43.9072944 28.669 10
4912 1076 4 0 44.6127056 28.669 12.13122
4913 1076 4 0 46.0952944 30.326 12.13122
4914 1076 3 0 46.8007056 30.326 10
4915 1076 3 0 43.9072944 31.983 10
4916 1076 4 0 44.6127056 31.983 12.13122
4917 1076 4 0 46.0952944 33.64 12.13122
4918 1076 3 0 46.8007056 33.64 10
4919 1076 3 0 43.9072944 35.297 10
4920 1076 4 0 44.6127056 35.297 12.13122
4921 1076 4 0 46.0952944 36.954 12.13122
4922 1076 3 0 46.8007056 36.954 10
4923 1076 3 0 43.9072944 38.611 10
4924 1076 4 0 44.6127056 38.611 12.13122
4925 1076 4 0 46.0952944 40.268 12.13122
4926 1076 3 0 46.8007056 40.268 10
4927 1076 3 0 43.9072944 41.925 10
4928 1076 4 0 44.6127056 41.925 12.13122
4929 1076 4 0 46.0952944 43.582 12.13122
4930 1076 3 0 46.8007056 43.582 10
4931 1076 3 0 43.9072944 45.239 10
4932 1076 4 0 44.6127056 45.239 12.13122
4933 1076 4 0 46.0952944 46.896 12.13122
4934 1076 3 0 46.8007056 46.896 10
4935 1076 3 0 43.9072944 48.553 10
4936 1076 4 0 44.6127056 48.553 12.13122
4937 1076 4 0 46.0952944 50.21 12.13122
4938 1076 3 0 46.8007056 50.21 10
4939 1076 3 0 43.9072944 51.867 10
4940 1076 4 0 44.6127056 51.867 12.13122
4941 1076 4 0 46.0952944 53.524 12.13122
4942 1076 3 0 46.8007056 53.524 10
4943 1076 3 0 43.9072944 55.181 10
4944 1076 4 0 44.6127056 55.181 12.13122
4945 1076 4 0 46.0952944 56.838 12.13122
4946 1076 3 0 46.8007056 56.838 10
4947 1076 3 0 43.9072944 58.495 10
4948 1076 4 0 44.6127056 58.495 12.13122
4949 1076 4 0 46.0952944 60.152 12.13122
4950 1076 3 0 46.8007056 60.152 10
4951 1076 3 0 48.2832944 2.157 10
4952 1076 4 0 48.9887056 2.157 12.13122
4953 1076 4 0 50.4712944 3.814 12.13122
4954 1076 3 0 51.1767056 3.814 10
4955 1076 3 0 48.2832944 5.471 10
4956 1076 4 0 48.9887056 5.471 12.13122
4957 1076 4 0 50.4712944 7.128 12.13122
4958 1076 3 0 51.1767056 7.128 10
4959 1076 3 0 48.2832944 8.785 10
4960 1076 4 0 48.9887056 8.785 12.13122
4961 1076 4 0 50.4712944 10.442 12.13122
4962 1076 3 0 51.1767056 10.442 10
4963 1076 3 0 48.2832944 12.099 10
4964 1076 4 0 48.9887056 12.099 12.13122
4965 1076 4 0 50.4712944 13.756 12.13122
4966 1076 3 0 51.1767056 13.756 10
4967 1076 3 0 48.2832944 15.413 10
4968 1076 4 0 48.9887056 15.413 12.13122
4969 1076 4 0 50.4712944 17.07 12.13122
4970 1076 3 0 51.1767056 17.07 10
4971 1076 3 0 48.2832944 18.727 10
4972 1076 4 0 48.9887056 18.727 12.13122
4973 1076 4 0 50.4712944 20.384 12.13122
4974 1076 3 0 51.1767056 20.384 10
4975 1076 3 0 48.2832944 22.041 10
4976 1076 4 0 48.9887056 22.041 12.13122
4977 1076 4 0 50.4712944 23.698 12.13122
4978 1076 3 0 51.1767056 23.698 10
4979 1076 3 0 48.2832944 25.355 10
4980 1076 4 0 48.9887056 25.355 12.13122
4981 1076 4 0 50.4712944 27.012 12.13122
4982 1076 3 0 51.1767056 27.012 10
4983 1076 3 0 48.2832944 28.669 10
4984 1076 4 0 48.9887056 28.669 12.13122
4985 1076 4 0 50.4712944 30.326 12.13122
4986 1076 3 0 51.1767056 30.326 10
4987 1076 3 0 48.2832944 31.983 10
4988 1076 4 0 48.9887056 31.983 12.13122
4989 1076 4 0 50.4712944 33.64 12.13122
4990 1076 3 0 51.1767056 33.64 10
4991 1076 3 0 48.2832944 35.297 10
4992 1076 4 0 48.9887056 35.297 12.13122
4993 1076 4 0 50.4712944 36.954 12.13122
4994 1076 3 0 51.1767056 36.954 10
4995 1076 3 0 48.2832944 38.611 10
4996 1076 4 0 48.9887056 38.611 12.13122
4997 1076 4 0 50.4712944 40.268 12.13122
4998 1076 3 0 51.1767056 40.268 10
4999 1076 3 0 48.2832944 41.925 10
5000 1076 4 0 48.9887056 41.925 12.13122
5001 1076 4 0 50.4712944 43.582 12.13122
5002 1076 3 0 51.1767056 43.582 10
5003 1076 3 0 48.2832944 45.239 10
5004 1076 4 0 48.9887056 45.239 12.13122
5005 1076 4 0 50.4712944 46.896 12.13122
5006 1076 3 0 51.1767056 46.896 10
5007 1076 3 0 48.2832944 48.553 10
5008 1076 4 0 48.9887056 48.553 12.13122
5009 1076 4 0 50.4712944 50.21 12.13122
5010 1076 3 0 51.1767056 50.21 10
5011 1076 3 0 48.2832944 51.867 10
5012 1076 4 0 48.9887056 51.867 12.13122
5013 1076 4 0 50.4712944 53.524 12.13122
5014 1076 3 0 51.1767056 53.524 10
5015 1076 3 0 48.2832944 55.181 10
5016 1076 4 0 48.9887056 55.181 12.13122
5017 1076 4 0 50.4712944 56.838 12.13122
5018 1076 3 0 51.1767056 56.838 10
5019 1076 3 0 48.2832944 58.495 10
5020 1076 4 0 48.9887056 58.495 12.13122
5021 1076 4 0 50.4712944 60.152 12.13122
5022 1076 3 0 51.1767056 60.152 10
5023 1076 3 0 52.6592944 2.157 10
5024 1076 4 0 53.3647056 2.157 12.13122
5025 1076 4 0 54.8472944 3.814 12.13122
5026 1076 3 0 55.5527056 3.814 10
5027 1076 3 0 52.6592944 5.471 10
5028 1076 4 0 53.3647056 5.471 12.13122
5029 1076 4 0 54.8472944 7.128 12.13122
5030 1076 3 0 55.5527056 7.128 10
5031 1076 3 0 52.6592944 8.785 10
5032 1076 4 0 53.3647056 8.785 12.13122
5033 1076 4 0 54.8472944 10.442 12.13122
5034 1076 3 0 55.5527056 10.442 10
5035 1076 3 0 52.6592944 12.099 10
5036 1076 4 0 53.3647056 12.099 12.13122
5037 1076 4 0 54.8472944 13.756 12.13122
5038 1076 3 0 55.5527056 13.756 10
5039 1076 3 0 52.6592944 15.413 10
5040 1076 4 0 53.3647056 15.413 12.13122
5041 1076 4 0 54.8472944 17.07 12.13122
5042 1076 3 0 55.5527056 17.07 10
5043 1076 3 0 52.6592944 18.727 10
5044 1076 4 0 53.3647056 18.727 12.13122
5045 1076 4 0 54.8472944 20.384 12.13122
5046 1076 3 0 55.5527056 20.384 10
5047 1076 3 0 52.6592944 22.041 10
5048 1076 4 0 53.3647056 22.041 12.13122
5049 1076 4 0 54.8472944 23.698 12.13122
5050 1076 3 0 55.5527056 23.698 10
5051 1076 3 0 52.6592944 25.355 10
5052 1076 4 0 53.3647056 25.355 12.13122
5053 1076 4 0 54.8472944 27.012 12.13122
5054 1076 3 0 55.5527056 27.012 10
5055 1076 3 0 52.6592944 28.669 10
5056 1076 4 0 53.3647056 28.669 12.13122
5057 1076 4 0 54.8472944 30.326 12.13122
5058 1076 3 0 55.5527056 30.326 10
5059 1076 3 0 52.6592944 31.983 10
5060 1076 4 0 53.3647056 31.983 12.13122
5061 1076 4 0 54.8472944 33.64 12.13122
5062 1076 3 0 55.5527056 33.64 10
5063 1076 3 0 52.6592944 35.297 10
5064 1076 4 0 53.3647056 35.297 12.13122
5065 1076 4 0 54.8472944 36.954 12.13122
5066 1076 3 0 55.5527056 36.954 10
5067 1076 3 0 52.6592944 38.611 10
5068 1076 4 0 53.3647056 38.611 12.13122
5069 1076 4 0 54.8472944 40.268 12.13122
5070 1076 3 0 55.5527056 40.268 10
5071 1076 3 0 52.6592944 41.925 10
5072 1076 4 0 53.3647056 41.925 12.13122
5073 1076 4 0 54.8472944 43.582 12.13122
5074 1076 3 0 55.5527056 43.582 10
5075 1076 3 0 52.6592944 45.239 10
5076 1076 4 0 53.3647056 45.239 12.13122
5077 1076 4 0 54.8472944 46.896 12.13122
5078 1076 3 0 55.5527056 46.896 10
5079 1076 3 0 52.6592944 48.553 10
5080 1076 4 0 53.3647056 48.553 12.13122
5081 1076 4 0 54.8472944 50.21 12.13122
5082 1076 3 0 55.5527056 50.21 10
5083 1076 3 0 52.6592944 51.867 10
5084 1076 4 0 53.3647056 51.867 12.13122
5085 1076 4 0 54.8472944 53.524 12.13122
5086 1076 3 0 55.5527056 53.524 10
5087 1076 3 0 52.6592944 55.181 10
5088 1076 4 0 53.3647056 55.181 12.13122
5089 1076 4 0 54.8472944 56.838 12.13122
5090 1076 3 0 55.5527056 56.838 10
5091 1076 3 0 52.6592944 58.495 10
5092 1076 4 0 53.3647056 58.495 12.13122
5093 1076 4 0 54.8472944 60.152 12.13122
5094 1076 3 0 55.5527056 60.152 10
