0
-1.228024
-1.228024
0
2.456048
1.228024
1.228024
2.456048
4.912096
3.684072
3.684072
4.912096
7.368144
6.14012
6.14012
7.368144
9.824192
8.596169
8.596169
9.824192
12.28024
11.052217
11.052217
12.28024
14.736288
13.508265
13.508265
14.736288
17.192337
15.964313
15.964313
17.192337
19.648384
18.420361
18.420361
19.648384
22.104433
20.876408
20.876408
22.104433
24.56048
23.332457
23.332457
24.56048
27.016529
25.788504
25.788504
27.016529
29.472576
28.244553
28.244553
29.472576
31.928625
30.7006
30.7006
31.928625
34.384674
33.156647
33.156647
34.384674
36.840721
35.612698
35.612698
36.840721
39.296768
38.068745
38.068745
39.296768
41.752815
40.524792
40.524792
41.752815
44.208866
42.980843
42.980843
44.208866
46.664913
45.43689
45.43689
46.664913
49.12096
47.892937
47.892937
49.12096
51.577007
50.348984
50.348984
51.577007
54.033058
52.805035
52.805035
54.033058
56.489105
55.261082
55.261082
56.489105
58.945152
57.717129
57.717129
58.945152
0
-1.228024
-1.228024
0
2.456048
1.228024
1.228024
2.456048
4.912096
3.684072
3.684072
4.912096
7.368144
6.14012
6.14012
7.368144
9.824192
8.596169
8.596169
9.824192
12.28024
11.052217
11.052217
12.28024
14.736288
13.508265
13.508265
14.736288
17.192337
15.964313
15.964313
17.192337
19.648384
18.420361
18.420361
19.648384
22.104433
20.876408
20.876408
22.104433
24.56048
23.332457
23.332457
24.56048
27.016529
25.788504
25.788504
27.016529
29.472576
28.244553
28.244553
29.472576
31.928625
30.7006
30.7006
31.928625
34.384674
33.156647
33.156647
34.384674
36.840721
35.612698
35.612698
36.840721
39.296768
38.068745
38.068745
39.296768
41.752815
40.524792
40.524792
41.752815
44.208866
42.980843
42.980843
44.208866
46.664913
45.43689
45.43689
46.664913
49.12096
47.892937
47.892937
49.12096
51.577007
50.348984
50.348984
51.577007
54.033058
52.805035
52.805035
54.033058
56.489105
55.261082
55.261082
56.489105
58.945152
57.717129
57.717129
58.945152
0
-1.228024
-1.228024
0
2.456048
1.228024
1.228024
2.456048
4.912096
3.684072
3.684072
4.912096
7.368144
6.14012
6.14012
7.368144
9.824192
8.596169
8.596169
9.824192
12.28024
11.052217
11.052217
12.28024
14.736288
13.508265
13.508265
14.736288
17.192337
15.964313
15.964313
17.192337
19.648384
18.420361
18.420361
19.648384
22.104433
20.876408
20.876408
22.104433
24.56048
23.332457
23.332457
24.56048
27.016529
25.788504
25.788504
27.016529
29.472576
28.244553
28.244553
29.472576
31.928625
30.7006
30.7006
31.928625
34.384674
33.156647
33.156647
34.384674
36.840721
35.612698
35.612698
36.840721
39.296768
38.068745
38.068745
39.296768
41.752815
40.524792
40.524792
41.752815
44.208866
42.980843
42.980843
44.208866
46.664913
45.43689
45.43689
46.664913
49.12096
47.892937
47.892937
49.12096
51.577007
50.348984
50.348984
51.577007
54.033058
52.805035
52.805035
54.033058
56.489105
55.261082
55.261082
56.489105
58.945152
57.717129
57.717129
58.945152
0
-1.228024
-1.228024
0
2.456048
1.228024
1.228024
2.456048
4.912096
3.684072
3.684072
4.912096
7.368144
6.14012
6.14012
7.368144
9.824192
8.596169
8.596169
9.824192
12.28024
11.052217
11.052217
12.28024
14.736288
13.508265
13.508265
14.736288
17.192337
15.964313
15.964313
17.192337
19.648384
18.420361
18.420361
19.648384
22.104433
20.876408
20.876408
22.104433
24.56048
23.332457
23.332457
24.56048
27.016529
25.788504
25.788504
27.016529
29.472576
28.244553
28.244553
29.472576
31.928625
30.7006
30.7006
31.928625
34.384674
33.156647
33.156647
34.384674
36.840721
35.612698
35.612698
36.840721
39.296768
38.068745
38.068745
39.296768
41.752815
40.524792
40.524792
41.752815
44.208866
42.980843
42.980843
44.208866
46.664913
45.43689
45.43689
46.664913
49.12096
47.892937
47.892937
49.12096
51.577007
50.348984
50.348984
51.577007
54.033058
52.805035
52.805035
54.033058
56.489105
55.261082
55.261082
56.489105
58.945152
57.717129
57.717129
58.945152
0
-1.228024
-1.228024
0
2.456048
1.228024
1.228024
2.456048
4.912096
3.684072
3.684072
4.912096
7.368144
6.14012
6.14012
7.368144
9.824192
8.596169
8.596169
9.824192
12.28024
11.052217
11.052217
12.28024
14.736288
13.508265
13.508265
14.736288
17.192337
15.964313
15.964313
17.192337
19.648384
18.420361
18.420361
19.648384
22.104433
20.876408
20.876408
22.104433
24.56048
23.332457
23.332457
24.56048
27.016529
25.788504
25.788504
27.016529
29.472576
28.244553
28.244553
29.472576
31.928625
30.7006
30.7006
31.928625
34.384674
33.156647
33.156647
34.384674
36.840721
35.612698
35.612698
36.840721
39.296768
38.068745
38.068745
39.296768
41.752815
40.524792
40.524792
41.752815
44.208866
42.980843
42.980843
44.208866
46.664913
45.43689
45.43689
46.664913
49.12096
47.892937
47.892937
49.12096
51.577007
50.348984
50.348984
51.577007
54.033058
52.805035
52.805035
54.033058
56.489105
55.261082
55.261082
56.489105
58.945152
57.717129
57.717129
58.945152
0
-1.228024
-1.228024
0
2.456048
1.228024
1.228024
2.456048
4.912096
3.684072
3.684072
4.912096
7.368144
6.14012
6.14012
7.368144
9.824192
8.596169
8.596169
9.824192
12.28024
11.052217
11.052217
12.28024
14.736288
13.508265
13.508265
14.736288
17.192337
15.964313
15.964313
17.192337
19.648384
18.420361
18.420361
19.648384
22.104433
20.876408
20.876408
22.104433
24.56048
23.332457
23.332457
24.56048
27.016529
25.788504
25.788504
27.016529
29.472576
28.244553
28.244553
29.472576
31.928625
30.7006
30.7006
31.928625
34.384674
33.156647
33.156647
34.384674
36.840721
35.612698
35.612698
36.840721
39.296768
38.068745
38.068745
39.296768
41.752815
40.524792
40.524792
41.752815
44.208866
42.980843
42.980843
44.208866
46.664913
45.43689
45.43689
46.664913
49.12096
47.892937
47.892937
49.12096
51.577007
50.348984
50.348984
51.577007
54.033058
52.805035
52.805035
54.033058
56.489105
55.261082
55.261082
56.489105
58.945152
57.717129
57.717129
58.945152
0
-1.228024
-1.228024
0
2.456048
1.228024
1.228024
2.456048
4.912096
3.684072
3.684072
4.912096
7.368144
6.14012
6.14012
7.368144
9.824192
8.596169
8.596169
9.824192
12.28024
11.052217
11.052217
12.28024
14.736288
13.508265
13.508265
14.736288
17.192337
15.964313
15.964313
17.192337
19.648384
18.420361
18.420361
19.648384
22.104433
20.876408
20.876408
22.104433
24.56048
23.332457
23.332457
24.56048
27.016529
25.788504
25.788504
27.016529
29.472576
28.244553
28.244553
29.472576
31.928625
30.7006
30.7006
31.928625
34.384674
33.156647
33.156647
34.384674
36.840721
35.612698
35.612698
36.840721
39.296768
38.068745
38.068745
39.296768
41.752815
40.524792
40.524792
41.752815
44.208866
42.980843
42.980843
44.208866
46.664913
45.43689
45.43689
46.664913
49.12096
47.892937
47.892937
49.12096
51.577007
50.348984
50.348984
51.577007
54.033058
52.805035
52.805035
54.033058
56.489105
55.261082
55.261082
56.489105
58.945152
57.717129
57.717129
58.945152
0
-1.228024
-1.228024
0
2.456048
1.228024
1.228024
2.456048
4.912096
3.684072
3.684072
4.912096
7.368144
6.14012
6.14012
7.368144
9.824192
8.596169
8.596169
9.824192
12.28024
11.052217
11.052217
12.28024
14.736288
13.508265
13.508265
14.736288
17.192337
15.964313
15.964313
17.192337
19.648384
18.420361
18.420361
19.648384
22.104433
20.876408
20.876408
22.104433
24.56048
23.332457
23.332457
24.56048
27.016529
25.788504
25.788504
27.016529
29.472576
28.244553
28.244553
29.472576
31.928625
30.7006
30.7006
31.928625
34.384674
33.156647
33.156647
34.384674
36.840721
35.612698
35.612698
36.840721
39.296768
38.068745
38.068745
39.296768
41.752815
40.524792
40.524792
41.752815
44.208866
42.980843
42.980843
44.208866
46.664913
45.43689
45.43689
46.664913
49.12096
47.892937
47.892937
49.12096
51.577007
50.348984
50.348984
51.577007
54.033058
52.805035
52.805035
54.033058
56.489105
55.261082
55.261082
56.489105
58.945152
57.717129
57.717129
58.945152
0
-1.228024
-1.228024
0
2.456048
1.228024
1.228024
2.456048
4.912096
3.684072
3.684072
4.912096
7.368144
6.14012
6.14012
7.368144
9.824192
8.596169
8.596169
9.824192
12.28024
11.052217
11.052217
12.28024
14.736288
13.508265
13.508265
14.736288
17.192337
15.964313
15.964313
17.192337
19.648384
18.420361
18.420361
19.648384
22.104433
20.876408
20.876408
22.104433
24.56048
23.332457
23.332457
24.56048
27.016529
25.788504
25.788504
27.016529
29.472576
28.244553
28.244553
29.472576
31.928625
30.7006
30.7006
31.928625
34.384674
33.156647
33.156647
34.384674
36.840721
35.612698
35.612698
36.840721
39.296768
38.068745
38.068745
39.296768
41.752815
40.524792
40.524792
41.752815
44.208866
42.980843
42.980843
44.208866
46.664913
45.43689
45.43689
46.664913
49.12096
47.892937
47.892937
49.12096
51.577007
50.348984
50.348984
51.577007
54.033058
52.805035
52.805035
54.033058
56.489105
55.261082
55.261082
56.489105
58.945152
57.717129
57.717129
58.945152
0
-1.228024
-1.228024
0
2.456048
1.228024
1.228024
2.456048
4.912096
3.684072
3.684072
4.912096
7.368144
6.14012
6.14012
7.368144
9.824192
8.596169
8.596169
9.824192
12.28024
11.052217
11.052217
12.28024
14.736288
13.508265
13.508265
14.736288
17.192337
15.964313
15.964313
17.192337
19.648384
18.420361
18.420361
19.648384
22.104433
20.876408
20.876408
22.104433
24.56048
23.332457
23.332457
24.56048
27.016529
25.788504
25.788504
27.016529
29.472576
28.244553
28.244553
29.472576
31.928625
30.7006
30.7006
31.928625
34.384674
33.156647
33.156647
34.384674
36.840721
35.612698
35.612698
36.840721
39.296768
38.068745
38.068745
39.296768
41.752815
40.524792
40.524792
41.752815
44.208866
42.980843
42.980843
44.208866
46.664913
45.43689
45.43689
46.664913
49.12096
47.892937
47.892937
49.12096
51.577007
50.348984
50.348984
51.577007
54.033058
52.805035
52.805035
54.033058
56.489105
55.261082
55.261082
56.489105
58.945152
57.717129
57.717129
58.945152
0
-1.228024
-1.228024
0
2.456048
1.228024
1.228024
2.456048
4.912096
3.684072
3.684072
4.912096
7.368144
6.14012
6.14012
7.368144
9.824192
8.596169
8.596169
9.824192
12.28024
11.052217
11.052217
12.28024
14.736288
13.508265
13.508265
14.736288
17.192337
15.964313
15.964313
17.192337
19.648384
18.420361
18.420361
19.648384
22.104433
20.876408
20.876408
22.104433
24.56048
23.332457
23.332457
24.56048
27.016529
25.788504
25.788504
27.016529
29.472576
28.244553
28.244553
29.472576
31.928625
30.7006
30.7006
31.928625
34.384674
33.156647
33.156647
34.384674
36.840721
35.612698
35.612698
36.840721
39.296768
38.068745
38.068745
39.296768
41.752815
40.524792
40.524792
41.752815
44.208866
42.980843
42.980843
44.208866
46.664913
45.43689
45.43689
46.664913
49.12096
47.892937
47.892937
49.12096
51.577007
50.348984
50.348984
51.577007
54.033058
52.805035
52.805035
54.033058
56.489105
55.261082
55.261082
56.489105
58.945152
57.717129
57.717129
58.945152
0
-1.228024
-1.228024
0
2.456048
1.228024
1.228024
2.456048
4.912096
3.684072
3.684072
4.912096
7.368144
6.14012
6.14012
7.368144
9.824192
8.596169
8.596169
9.824192
12.28024
11.052217
11.052217
12.28024
14.736288
13.508265
13.508265
14.736288
17.192337
15.964313
15.964313
17.192337
19.648384
18.420361
18.420361
19.648384
22.104433
20.876408
20.876408
22.104433
24.56048
23.332457
23.332457
24.56048
27.016529
25.788504
25.788504
27.016529
29.472576
28.244553
28.244553
29.472576
31.928625
30.7006
30.7006
31.928625
34.384674
33.156647
33.156647
34.384674
36.840721
35.612698
35.612698
36.840721
39.296768
38.068745
38.068745
39.296768
41.752815
40.524792
40.524792
41.752815
44.208866
42.980843
42.980843
44.208866
46.664913
45.43689
45.43689
46.664913
49.12096
47.892937
47.892937
49.12096
51.577007
50.348984
50.348984
51.577007
54.033058
52.805035
52.805035
54.033058
56.489105
55.261082
55.261082
56.489105
58.945152
57.717129
57.717129
58.945152
0
-1.228024
-1.228024
0
2.456048
1.228024
1.228024
2.456048
4.912096
3.684072
3.684072
4.912096
7.368144
6.14012
6.14012
7.368144
9.824192
8.596169
8.596169
9.824192
12.28024
11.052217
11.052217
12.28024
14.736288
13.508265
13.508265
14.736288
17.192337
15.964313
15.964313
17.192337
19.648384
18.420361
18.420361
19.648384
22.104433
20.876408
20.876408
22.104433
24.56048
23.332457
23.332457
24.56048
27.016529
25.788504
25.788504
27.016529
29.472576
28.244553
28.244553
29.472576
31.928625
30.7006
30.7006
31.928625
34.384674
33.156647
33.156647
34.384674
36.840721
35.612698
35.612698
36.840721
39.296768
38.068745
38.068745
39.296768
41.752815
40.524792
40.524792
41.752815
44.208866
42.980843
42.980843
44.208866
46.664913
45.43689
45.43689
46.664913
49.12096
47.892937
47.892937
49.12096
51.577007
50.348984
50.348984
51.577007
54.033058
52.805035
52.805035
54.033058
56.489105
55.261082
55.261082
56.489105
58.945152
57.717129
57.717129
58.945152
0
-1.228024
-1.228024
0
2.456048
1.228024
1.228024
2.456048
4.912096
3.684072
3.684072
4.912096
7.368144
6.14012
6.14012
7.368144
9.824192
8.596169
8.596169
9.824192
12.28024
11.052217
11.052217
12.28024
14.736288
13.508265
13.508265
14.736288
17.192337
15.964313
15.964313
17.192337
19.648384
18.420361
18.420361
19.648384
22.104433
20.876408
20.876408
22.104433
24.56048
23.332457
23.332457
24.56048
27.016529
25.788504
25.788504
27.016529
29.472576
28.244553
28.244553
29.472576
31.928625
30.7006
30.7006
31.928625
34.384674
33.156647
33.156647
34.384674
36.840721
35.612698
35.612698
36.840721
39.296768
38.068745
38.068745
39.296768
41.752815
40.524792
40.524792
41.752815
44.208866
42.980843
42.980843
44.208866
46.664913
45.43689
45.43689
46.664913
49.12096
47.892937
47.892937
49.12096
51.577007
50.348984
50.348984
51.577007
54.033058
52.805035
52.805035
54.033058
56.489105
55.261082
55.261082
56.489105
58.945152
57.717129
57.717129
58.945152
0
-1.228024
-1.228024
0
2.456048
1.228024
1.228024
2.456048
4.912096
3.684072
3.684072
4.912096
7.368144
6.14012
6.14012
7.368144
9.824192
8.596169
8.596169
9.824192
12.28024
11.052217
11.052217
12.28024
14.736288
13.508265
13.508265
14.736288
17.192337
15.964313
15.964313
17.192337
19.648384
18.420361
18.420361
19.648384
22.104433
20.876408
20.876408
22.104433
24.56048
23.332457
23.332457
24.56048
27.016529
25.788504
25.788504
27.016529
29.472576
28.244553
28.244553
29.472576
31.928625
30.7006
30.7006
31.928625
34.384674
33.156647
33.156647
34.384674
36.840721
35.612698
35.612698
36.840721
39.296768
38.068745
38.068745
39.296768
41.752815
40.524792
40.524792
41.752815
44.208866
42.980843
42.980843
44.208866
46.664913
45.43689
45.43689
46.664913
49.12096
47.892937
47.892937
49.12096
51.577007
50.348984
50.348984
51.577007
54.033058
52.805035
52.805035
54.033058
56.489105
55.261082
55.261082
56.489105
58.945152
57.717129
57.717129
58.945152
