5266 1257 3 0 0 0 10
5267 1257 3 0 -1.228024 0.709 10
5268 1257 3 0 -1.228024 2.127 10
5269 1257 3 0 0 2.836 10
5270 1257 3 0 2.456048 0 10
5271 1257 3 0 1.228024 0.709 10
5272 1257 3 0 1.228024 2.127 10
5273 1257 3 0 2.456048 2.836 10
5274 1257 3 0 4.912096 0 10
5275 1257 3 0 3.684072 0.709 10
5276 1257 3 0 3.684072 2.127 10
5277 1257 3 0 4.912096 2.836 10
5278 1257 3 0 7.368144 0 10
5279 1257 3 0 6.14012 0.709 10
5280 1257 3 0 6.14012 2.127 10
5281 1257 3 0 7.368144 2.836 10
5282 1257 3 0 9.824192 0 10
5283 1257 3 0 8.596169 0.709 10
5284 1257 3 0 8.596169 2.127 10
5285 1257 3 0 9.824192 2.836 10
5286 1257 3 0 12.28024 0 10
5287 1257 3 0 11.052217 0.709 10
5288 1257 3 0 11.052217 2.127 10
5289 1257 3 0 12.28024 2.836 10
5290 1257 3 0 14.736288 0 10
5291 1257 3 0 13.508265 0.709 10
5292 1257 3 0 13.508265 2.127 10
5293 1257 3 0 14.736288 2.836 10
5294 1257 3 0 17.192337 0 10
5295 1257 3 0 15.964313 0.709 10
5296 1257 3 0 15.964313 2.127 10
5297 1257 3 0 17.192337 2.836 10
5298 1257 3 0 19.648384 0 10
5299 1257 3 0 18.420361 0.709 10
5300 1257 3 0 18.420361 2.127 10
5301 1257 3 0 19.648384 2.836 10
5302 1257 3 0 22.104433 0 10
5303 1257 3 0 20.876408 0.709 10
5304 1257 3 0 20.876408 2.127 10
5305 1257 3 0 22.104433 2.836 10
5306 1257 3 0 24.56048 0 10
5307 1257 3 0 23.332457 0.709 10
5308 1257 3 0 23.332457 2.127 10
5309 1257 3 0 24.56048 2.836 10
5310 1257 3 0 27.016529 0 10
5311 1257 3 0 25.788504 0.709 10
5312 1257 3 0 25.788504 2.127 10
5313 1257 3 0 27.016529 2.836 10
5314 1257 3 0 29.472576 0 10
5315 1257 3 0 28.244553 0.709 10
5316 1257 3 0 28.244553 2.127 10
5317 1257 3 0 29.472576 2.836 10
5318 1257 3 0 31.928625 0 10
5319 1257 3 0 30.7006 0.709 10
5320 1257 3 0 30.7006 2.127 10
5321 1257 3 0 31.928625 2.836 10
5322 1257 3 0 34.384674 0 10
5323 1257 3 0 33.156647 0.709 10
5324 1257 3 0 33.156647 2.127 10
5325 1257 3 0 34.384674 2.836 10
5326 1257 3 0 36.840721 0 10
5327 1257 3 0 35.612698 0.709 10
5328 1257 3 0 35.612698 2.127 10
5329 1257 3 0 36.840721 2.836 10
5330 1257 3 0 39.296768 0 10
5331 1257 3 0 38.068745 0.709 10
5332 1257 3 0 38.068745 2.127 10
5333 1257 3 0 39.296768 2.836 10
5334 1257 3 0 41.752815 0 10
5335 1257 3 0 40.524792 0.709 10
5336 1257 3 0 40.524792 2.127 10
5337 1257 3 0 41.752815 2.836 10
5338 1257 3 0 44.208866 0 10
5339 1257 3 0 42.980843 0.709 10
5340 1257 3 0 42.980843 2.127 10
5341 1257 3 0 44.208866 2.836 10
5342 1257 3 0 46.664913 0 10
5343 1257 3 0 45.43689 0.709 10
5344 1257 3 0 45.43689 2.127 10
5345 1257 3 0 46.664913 2.836 10
5346 1257 3 0 49.12096 0 10
5347 1257 3 0 47.892937 0.709 10
5348 1257 3 0 47.892937 2.127 10
5349 1257 3 0 49.12096 2.836 10
5350 1257 3 0 51.577007 0 10
5351 1257 3 0 50.348984 0.709 10
5352 1257 3 0 50.348984 2.127 10
5353 1257 3 0 51.577007 2.836 10
5354 1257 3 0 54.033058 0 10
5355 1257 3 0 52.805035 0.709 10
5356 1257 3 0 52.805035 2.127 10
5357 1257 3 0 54.033058 2.836 10
5358 1257 3 0 56.489105 0 10
5359 1257 3 0 55.261082 0.709 10
5360 1257 3 0 55.261082 2.127 10
5361 1257 3 0 56.489105 2.836 10
5362 1257 3 0 58.945152 0 10
5363 1257 3 0 57.717129 0.709 10
5364 1257 3 0 57.717129 2.127 10
5365 1257 3 0 58.945152 2.836 10
5366 1257 3 0 0 4.254 10
5367 1257 3 0 -1.228024 4.963 10
5368 1257 3 0 -1.228024 6.381 10
5369 1257 3 0 0 7.09 10
5370 1257 3 0 2.456048 4.254 10
5371 1257 3 0 1.228024 4.963 10
5372 1257 3 0 1.228024 6.381 10
5373 1257 3 0 2.456048 7.09 10
5374 1257 3 0 4.912096 4.254 10
5375 1257 3 0 3.684072 4.963 10
5376 1257 3 0 3.684072 6.381 10
5377 1257 3 0 4.912096 7.09 10
5378 1257 3 0 7.368144 4.254 10
5379 1257 3 0 6.14012 4.963 10
5380 1257 3 0 6.14012 6.381 10
5381 1257 3 0 7.368144 7.09 10
5382 1257 3 0 9.824192 4.254 10
5383 1257 3 0 8.596169 4.963 10
5384 1257 3 0 8.596169 6.381 10
5385 1257 3 0 9.824192 7.09 10
5386 1257 3 0 12.28024 4.254 10
5387 1257 3 0 11.052217 4.963 10
5388 1257 3 0 11.052217 6.381 10
5389 1257 3 0 12.28024 7.09 10
5390 1257 3 0 14.736288 4.254 10
5391 1257 3 0 13.508265 4.963 10
5392 1257 3 0 13.508265 6.381 10
5393 1257 3 0 14.736288 7.09 10
5394 1257 3 0 17.192337 4.254 10
5395 1257 3 0 15.964313 4.963 10
5396 1257 3 0 15.964313 6.381 10
5397 1257 3 0 17.192337 7.09 10
5398 1257 3 0 19.648384 4.254 10
5399 1257 3 0 18.420361 4.963 10
5400 1257 3 0 18.420361 6.381 10
5401 1257 3 0 19.648384 7.09 10
5402 1257 3 0 22.104433 4.254 10
5403 1257 3 0 20.876408 4.963 10
5404 1257 3 0 20.876408 6.381 10
5405 1257 3 0 22.104433 7.09 10
5406 1257 3 0 24.56048 4.254 10
5407 1257 3 0 23.332457 4.963 10
5408 1257 3 0 23.332457 6.381 10
5409 1257 3 0 24.56048 7.09 10
5410 1257 3 0 27.016529 4.254 10
5411 1257 3 0 25.788504 4.963 10
5412 1257 3 0 25.788504 6.381 10
5413 1257 3 0 27.016529 7.09 10
5414 1257 3 0 29.472576 4.254 10
5415 1257 3 0 28.244553 4.963 10
5416 1257 3 0 28.244553 6.381 10
5417 1257 3 0 29.472576 7.09 10
5418 1257 3 0 31.928625 4.254 10
5419 1257 3 0 30.7006 4.963 10
5420 1257 3 0 30.7006 6.381 10
5421 1257 3 0 31.928625 7.09 10
5422 1257 3 0 34.384674 4.254 10
5423 1257 3 0 33.156647 4.963 10
5424 1257 3 0 33.156647 6.381 10
5425 1257 3 0 34.384674 7.09 10
5426 1257 3 0 36.840721 4.254 10
5427 1257 3 0 35.612698 4.963 10
5428 1257 3 0 35.612698 6.381 10
5429 1257 3 0 36.840721 7.09 10
5430 1257 3 0 39.296768 4.254 10
5431 1257 3 0 38.068745 4.963 10
5432 1257 3 0 38.068745 6.381 10
5433 1257 3 0 39.296768 7.09 10
5434 1257 3 0 41.752815 4.254 10
5435 1257 3 0 40.524792 4.963 10
5436 1257 3 0 40.524792 6.381 10
5437 1257 3 0 41.752815 7.09 10
5438 1257 3 0 44.208866 4.254 10
5439 1257 3 0 42.980843 4.963 10
5440 1257 3 0 42.980843 6.381 10
5441 1257 3 0 44.208866 7.09 10
5442 1257 3 0 46.664913 4.254 10
5443 1257 3 0 45.43689 4.963 10
5444 1257 3 0 45.43689 6.381 10
5445 1257 3 0 46.664913 7.09 10
5446 1257 3 0 49.12096 4.254 10
5447 1257 3 0 47.892937 4.963 10
5448 1257 3 0 47.892937 6.381 10
5449 1257 3 0 49.12096 7.09 10
5450 1257 3 0 51.577007 4.254 10
5451 1257 3 0 50.348984 4.963 10
5452 1257 3 0 50.348984 6.381 10
5453 1257 3 0 51.577007 7.09 10
5454 1257 3 0 54.033058 4.254 10
5455 1257 3 0 52.805035 4.963 10
5456 1257 3 0 52.805035 6.381 10
5457 1257 3 0 54.033058 7.09 10
5458 1257 3 0 56.489105 4.254 10
5459 1257 3 0 55.261082 4.963 10
5460 1257 3 0 55.261082 6.381 10
5461 1257 3 0 56.489105 7.09 10
5462 1257 3 0 58.945152 4.254 10
5463 1257 3 0 57.717129 4.963 10
5464 1257 3 0 57.717129 6.381 10
5465 1257 3 0 58.945152 7.09 10
5466 1257 3 0 0 8.508 10
5467 1257 3 0 -1.228024 9.217 10
5468 1257 3 0 -1.228024 10.635 10
5469 1257 3 0 0 11.344 10
5470 1257 3 0 2.456048 8.508 10
5471 1257 3 0 1.228024 9.217 10
5472 1257 3 0 1.228024 10.635 10
5473 1257 3 0 2.456048 11.344 10
5474 1257 3 0 4.912096 8.508 10
5475 1257 3 0 3.684072 9.217 10
5476 1257 3 0 3.684072 10.635 10
5477 1257 3 0 4.912096 11.344 10
5478 1257 3 0 7.368144 8.508 10
5479 1257 3 0 6.14012 9.217 10
5480 1257 3 0 6.14012 10.635 10
5481 1257 3 0 7.368144 11.344 10
5482 1257 3 0 9.824192 8.508 10
5483 1257 3 0 8.596169 9.217 10
5484 1257 3 0 8.596169 10.635 10
5485 1257 3 0 9.824192 11.344 10
5486 1257 3 0 12.28024 8.508 10
5487 1257 3 0 11.052217 9.217 10
5488 1257 3 0 11.052217 10.635 10
5489 1257 3 0 12.28024 11.344 10
5490 1257 3 0 14.736288 8.508 10
5491 1257 3 0 13.508265 9.217 10
5492 1257 3 0 13.508265 10.635 10
5493 1257 3 0 14.736288 11.344 10
5494 1257 3 0 17.192337 8.508 10
5495 1257 3 0 15.964313 9.217 10
5496 1257 3 0 15.964313 10.635 10
5497 1257 3 0 17.192337 11.344 10
5498 1257 3 0 19.648384 8.508 10
5499 1257 3 0 18.420361 9.217 10
5500 1257 3 0 18.420361 10.635 10
5501 1257 3 0 19.648384 11.344 10
5502 1257 3 0 22.104433 8.508 10
5503 1257 3 0 20.876408 9.217 10
5504 1257 3 0 20.876408 10.635 10
5505 1257 3 0 22.104433 11.344 10
5506 1257 3 0 24.56048 8.508 10
5507 1257 3 0 23.332457 9.217 10
5508 1257 3 0 23.332457 10.635 10
5509 1257 3 0 24.56048 11.344 10
5510 1257 3 0 27.016529 8.508 10
5511 1257 3 0 25.788504 9.217 10
5512 1257 3 0 25.788504 10.635 10
5513 1257 3 0 27.016529 11.344 10
5514 1257 3 0 29.472576 8.508 10
5515 1257 3 0 28.244553 9.217 10
5516 1257 3 0 28.244553 10.635 10
5517 1257 3 0 29.472576 11.344 10
5518 1257 3 0 31.928625 8.508 10
5519 1257 3 0 30.7006 9.217 10
5520 1257 3 0 30.7006 10.635 10
5521 1257 3 0 31.928625 11.344 10
5522 1257 3 0 34.384674 8.508 10
5523 1257 3 0 33.156647 9.217 10
5524 1257 3 0 33.156647 10.635 10
5525 1257 3 0 34.384674 11.344 10
5526 1257 3 0 36.840721 8.508 10
5527 1257 3 0 35.612698 9.217 10
5528 1257 3 0 35.612698 10.635 10
5529 1257 3 0 36.840721 11.344 10
5530 1257 3 0 39.296768 8.508 10
5531 1257 3 0 38.068745 9.217 10
5532 1257 3 0 38.068745 10.635 10
5533 1257 3 0 39.296768 11.344 10
5534 1257 3 0 41.752815 8.508 10
5535 1257 3 0 40.524792 9.217 10
5536 1257 3 0 40.524792 10.635 10
5537 1257 3 0 41.752815 11.344 10
5538 1257 3 0 44.208866 8.508 10
5539 1257 3 0 42.980843 9.217 10
5540 1257 3 0 42.980843 10.635 10
5541 1257 3 0 44.208866 11.344 10
5542 1257 3 0 46.664913 8.508 10
5543 1257 3 0 45.43689 9.217 10
5544 1257 3 0 45.43689 10.635 10
5545 1257 3 0 46.664913 11.344 10
5546 1257 3 0 49.12096 8.508 10
5547 1257 3 0 47.892937 9.217 10
5548 1257 3 0 47.892937 10.635 10
5549 1257 3 0 49.12096 11.344 10
5550 1257 3 0 51.577007 8.508 10
5551 1257 3 0 50.348984 9.217 10
5552 1257 3 0 50.348984 10.635 10
5553 1257 3 0 51.577007 11.344 10
5554 1257 3 0 54.033058 8.508 10
5555 1257 3 0 52.805035 9.217 10
5556 1257 3 0 52.805035 10.635 10
5557 1257 3 0 54.033058 11.344 10
5558 1257 3 0 56.489105 8.508 10
5559 1257 3 0 55.261082 9.217 10
5560 1257 3 0 55.261082 10.635 10
5561 1257 3 0 56.489105 11.344 10
5562 1257 3 0 58.945152 8.508 10
5563 1257 3 0 57.717129 9.217 10
5564 1257 3 0 57.717129 10.635 10
5565 1257 3 0 58.945152 11.344 10
5566 1257 3 0 0 12.762 10
5567 1257 3 0 -1.228024 13.471 10
5568 1257 3 0 -1.228024 14.889 10
5569 1257 3 0 0 15.598 10
5570 1257 3 0 2.456048 12.762 10
5571 1257 3 0 1.228024 13.471 10
5572 1257 3 0 1.228024 14.889 10
5573 1257 3 0 2.456048 15.598 10
5574 1257 3 0 4.912096 12.762 10
5575 1257 3 0 3.684072 13.471 10
5576 1257 3 0 3.684072 14.889 10
5577 1257 3 0 4.912096 15.598 10
5578 1257 3 0 7.368144 12.762 10
5579 1257 3 0 6.14012 13.471 10
5580 1257 3 0 6.14012 14.889 10
5581 1257 3 0 7.368144 15.598 10
5582 1257 3 0 9.824192 12.762 10
5583 1257 3 0 8.596169 13.471 10
5584 1257 3 0 8.596169 14.889 10
5585 1257 3 0 9.824192 15.598 10
5586 1257 3 0 12.28024 12.762 10
5587 1257 3 0 11.052217 13.471 10
5588 1257 3 0 11.052217 14.889 10
5589 1257 3 0 12.28024 15.598 10
5590 1257 3 0 14.736288 12.762 10
5591 1257 3 0 13.508265 13.471 10
5592 1257 3 0 13.508265 14.889 10
5593 1257 3 0 14.736288 15.598 10
5594 1257 3 0 17.192337 12.762 10
5595 1257 3 0 15.964313 13.471 10
5596 1257 3 0 15.964313 14.889 10
5597 1257 3 0 17.192337 15.598 10
5598 1257 3 0 19.648384 12.762 10
5599 1257 3 0 18.420361 13.471 10
5600 1257 3 0 18.420361 14.889 10
5601 1257 3 0 19.648384 15.598 10
5602 1257 3 0 22.104433 12.762 10
5603 1257 3 0 20.876408 13.471 10
5604 1257 3 0 20.876408 14.889 10
5605 1257 3 0 22.104433 15.598 10
5606 1257 3 0 24.56048 12.762 10
5607 1257 3 0 23.332457 13.471 10
5608 1257 3 0 23.332457 14.889 10
5609 1257 3 0 24.56048 15.598 10
5610 1257 3 0 27.016529 12.762 10
5611 1257 3 0 25.788504 13.471 10
5612 1257 3 0 25.788504 14.889 10
5613 1257 3 0 27.016529 15.598 10
5614 1257 3 0 29.472576 12.762 10
5615 1257 3 0 28.244553 13.471 10
5616 1257 3 0 28.244553 14.889 10
5617 1257 3 0 29.472576 15.598 10
5618 1257 3 0 31.928625 12.762 10
5619 1257 3 0 30.7006 13.471 10
5620 1257 3 0 30.7006 14.889 10
5621 1257 3 0 31.928625 15.598 10
5622 1257 3 0 34.384674 12.762 10
5623 1257 3 0 33.156647 13.471 10
5624 1257 3 0 33.156647 14.889 10
5625 1257 3 0 34.384674 15.598 10
5626 1257 3 0 36.840721 12.762 10
5627 1257 3 0 35.612698 13.471 10
5628 1257 3 0 35.612698 14.889 10
5629 1257 3 0 36.840721 15.598 10
5630 1257 3 0 39.296768 12.762 10
5631 1257 3 0 38.068745 13.471 10
5632 1257 3 0 38.068745 14.889 10
5633 1257 3 0 39.296768 15.598 10
5634 1257 3 0 41.752815 12.762 10
5635 1257 3 0 40.524792 13.471 10
5636 1257 3 0 40.524792 14.889 10
5637 1257 3 0 41.752815 15.598 10
5638 1257 3 0 44.208866 12.762 10
5639 1257 3 0 42.980843 13.471 10
5640 1257 3 0 42.980843 14.889 10
5641 1257 3 0 44.208866 15.598 10
5642 1257 3 0 46.664913 12.762 10
5643 1257 3 0 45.43689 13.471 10
5644 1257 3 0 45.43689 14.889 10
5645 1257 3 0 46.664913 15.598 10
5646 1257 3 0 49.12096 12.762 10
5647 1257 3 0 47.892937 13.471 10
5648 1257 3 0 47.892937 14.889 10
5649 1257 3 0 49.12096 15.598 10
5650 1257 3 0 51.577007 12.762 10
5651 1257 3 0 50.348984 13.471 10
5652 1257 3 0 50.348984 14.889 10
5653 1257 3 0 51.577007 15.598 10
5654 1257 3 0 54.033058 12.762 10
5655 1257 3 0 52.805035 13.471 10
5656 1257 3 0 52.805035 14.889 10
5657 1257 3 0 54.033058 15.598 10
5658 1257 3 0 56.489105 12.762 10
5659 1257 3 0 55.261082 13.471 10
5660 1257 3 0 55.261082 14.889 10
5661 1257 3 0 56.489105 15.598 10
5662 1257 3 0 58.945152 12.762 10
5663 1257 3 0 57.717129 13.471 10
5664 1257 3 0 57.717129 14.889 10
5665 1257 3 0 58.945152 15.598 10
5666 1257 3 0 0 17.016001 10
5667 1257 3 0 -1.228024 17.725 10
5668 1257 3 0 -1.228024 19.143 10
5669 1257 3 0 0 19.851999 10
5670 1257 3 0 2.456048 17.016001 10
5671 1257 3 0 1.228024 17.725 10
5672 1257 3 0 1.228024 19.143 10
5673 1257 3 0 2.456048 19.851999 10
5674 1257 3 0 4.912096 17.016001 10
5675 1257 3 0 3.684072 17.725 10
5676 1257 3 0 3.684072 19.143 10
5677 1257 3 0 4.912096 19.851999 10
5678 1257 3 0 7.368144 17.016001 10
5679 1257 3 0 6.14012 17.725 10
5680 1257 3 0 6.14012 19.143 10
5681 1257 3 0 7.368144 19.851999 10
5682 1257 3 0 9.824192 17.016001 10
5683 1257 3 0 8.596169 17.725 10
5684 1257 3 0 8.596169 19.143 10
5685 1257 3 0 9.824192 19.851999 10
5686 1257 3 0 12.28024 17.016001 10
5687 1257 3 0 11.052217 17.725 10
5688 1257 3 0 11.052217 19.143 10
5689 1257 3 0 12.28024 19.851999 10
5690 1257 3 0 14.736288 17.016001 10
5691 1257 3 0 13.508265 17.725 10
5692 1257 3 0 13.508265 19.143 10
5693 1257 3 0 14.736288 19.851999 10
5694 1257 3 0 17.192337 17.016001 10
5695 1257 3 0 15.964313 17.725 10
5696 1257 3 0 15.964313 19.143 10
5697 1257 3 0 17.192337 19.851999 10
5698 1257 3 0 19.648384 17.016001 10
5699 1257 3 0 18.420361 17.725 10
5700 1257 3 0 18.420361 19.143 10
5701 1257 3 0 19.648384 19.851999 10
5702 1257 3 0 22.104433 17.016001 10
5703 1257 3 0 20.876408 17.725 10
5704 1257 3 0 20.876408 19.143 10
5705 1257 3 0 22.104433 19.851999 10
5706 1257 3 0 24.56048 17.016001 10
5707 1257 3 0 23.332457 17.725 10
5708 1257 3 0 23.332457 19.143 10
5709 1257 3 0 24.56048 19.851999 10
5710 1257 3 0 27.016529 17.016001 10
5711 1257 3 0 25.788504 17.725 10
5712 1257 3 0 25.788504 19.143 10
5713 1257 3 0 27.016529 19.851999 10
5714 1257 3 0 29.472576 17.016001 10
5715 1257 3 0 28.244553 17.725 10
5716 1257 3 0 28.244553 19.143 10
5717 1257 3 0 29.472576 19.851999 10
5718 1257 3 0 31.928625 17.016001 10
5719 1257 3 0 30.7006 17.725 10
5720 1257 3 0 30.7006 19.143 10
5721 1257 3 0 31.928625 19.851999 10
5722 1257 3 0 34.384674 17.016001 10
5723 1257 3 0 33.156647 17.725 10
5724 1257 3 0 33.156647 19.143 10
5725 1257 3 0 34.384674 19.851999 10
5726 1257 3 0 36.840721 17.016001 10
5727 1257 3 0 35.612698 17.725 10
5728 1257 3 0 35.612698 19.143 10
5729 1257 3 0 36.840721 19.851999 10
5730 1257 3 0 39.296768 17.016001 10
5731 1257 3 0 38.068745 17.725 10
5732 1257 3 0 38.068745 19.143 10
5733 1257 3 0 39.296768 19.851999 10
5734 1257 3 0 41.752815 17.016001 10
5735 1257 3 0 40.524792 17.725 10
5736 1257 3 0 40.524792 19.143 10
5737 1257 3 0 41.752815 19.851999 10
5738 1257 3 0 44.208866 17.016001 10
5739 1257 3 0 42.980843 17.725 10
5740 1257 3 0 42.980843 19.143 10
5741 1257 3 0 44.208866 19.851999 10
5742 1257 3 0 46.664913 17.016001 10
5743 1257 3 0 45.43689 17.725 10
5744 1257 3 0 45.43689 19.143 10
5745 1257 3 0 46.664913 19.851999 10
5746 1257 3 0 49.12096 17.016001 10
5747 1257 3 0 47.892937 17.725 10
5748 1257 3 0 47.892937 19.143 10
5749 1257 3 0 49.12096 19.851999 10
5750 1257 3 0 51.577007 17.016001 10
5751 1257 3 0 50.348984 17.725 10
5752 1257 3 0 50.348984 19.143 10
5753 1257 3 0 51.577007 19.851999 10
5754 1257 3 0 54.033058 17.016001 10
5755 1257 3 0 52.805035 17.725 10
5756 1257 3 0 52.805035 19.143 10
5757 1257 3 0 54.033058 19.851999 10
5758 1257 3 0 56.489105 17.016001 10
5759 1257 3 0 55.261082 17.725 10
5760 1257 3 0 55.261082 19.143 10
5761 1257 3 0 56.489105 19.851999 10
5762 1257 3 0 58.945152 17.016001 10
5763 1257 3 0 57.717129 17.725 10
5764 1257 3 0 57.717129 19.143 10
5765 1257 3 0 58.945152 19.851999 10
5766 1257 3 0 0 21.27 10
5767 1257 3 0 -1.228024 21.979 10
5768 1257 3 0 -1.228024 23.396999 10
5769 1257 3 0 0 24.106001 10
5770 1257 3 0 2.456048 21.27 10
5771 1257 3 0 1.228024 21.979 10
5772 1257 3 0 1.228024 23.396999 10
5773 1257 3 0 2.456048 24.106001 10
5774 1257 3 0 4.912096 21.27 10
5775 1257 3 0 3.684072 21.979 10
5776 1257 3 0 3.684072 23.396999 10
5777 1257 3 0 4.912096 24.106001 10
5778 1257 3 0 7.368144 21.27 10
5779 1257 3 0 6.14012 21.979 10
5780 1257 3 0 6.14012 23.396999 10
5781 1257 3 0 7.368144 24.106001 10
5782 1257 3 0 9.824192 21.27 10
5783 1257 3 0 8.596169 21.979 10
5784 1257 3 0 8.596169 23.396999 10
5785 1257 3 0 9.824192 24.106001 10
5786 1257 3 0 12.28024 21.27 10
5787 1257 3 0 11.052217 21.979 10
5788 1257 3 0 11.052217 23.396999 10
5789 1257 3 0 12.28024 24.106001 10
5790 1257 3 0 14.736288 21.27 10
5791 1257 3 0 13.508265 21.979 10
5792 1257 3 0 13.508265 23.396999 10
5793 1257 3 0 14.736288 24.106001 10
5794 1257 3 0 17.192337 21.27 10
5795 1257 3 0 15.964313 21.979 10
5796 1257 3 0 15.964313 23.396999 10
5797 1257 3 0 17.192337 24.106001 10
5798 1257 3 0 19.648384 21.27 10
5799 1257 3 0 18.420361 21.979 10
5800 1257 3 0 18.420361 23.396999 10
5801 1257 3 0 19.648384 24.106001 10
5802 1257 3 0 22.104433 21.27 10
5803 1257 3 0 20.876408 21.979 10
5804 1257 3 0 20.876408 23.396999 10
5805 1257 3 0 22.104433 24.106001 10
5806 1257 3 0 24.56048 21.27 10
5807 1257 3 0 23.332457 21.979 10
5808 1257 3 0 23.332457 23.396999 10
5809 1257 3 0 24.56048 24.106001 10
5810 1257 3 0 27.016529 21.27 10
5811 1257 3 0 25.788504 21.979 10
5812 1257 3 0 25.788504 23.396999 10
5813 1257 3 0 27.016529 24.106001 10
5814 1257 3 0 29.472576 21.27 10
5815 1257 3 0 28.244553 21.979 10
5816 1257 3 0 28.244553 23.396999 10
5817 1257 3 0 29.472576 24.106001 10
5818 1257 3 0 31.928625 21.27 10
5819 1257 3 0 30.7006 21.979 10
5820 1257 3 0 30.7006 23.396999 10
5821 1257 3 0 31.928625 24.106001 10
5822 1257 3 0 34.384674 21.27 10
5823 1257 3 0 33.156647 21.979 10
5824 1257 3 0 33.156647 23.396999 10
5825 1257 3 0 34.384674 24.106001 10
5826 1257 3 0 36.840721 21.27 10
5827 1257 3 0 35.612698 21.979 10
5828 1257 3 0 35.612698 23.396999 10
5829 1257 3 0 36.840721 24.106001 10
5830 1257 3 0 39.296768 21.27 10
5831 1257 3 0 38.068745 21.979 10
5832 1257 3 0 38.068745 23.396999 10
5833 1257 3 0 39.296768 24.106001 10
5834 1257 3 0 41.752815 21.27 10
5835 1257 3 0 40.524792 21.979 10
5836 1257 3 0 40.524792 23.396999 10
5837 1257 3 0 41.752815 24.106001 10
5838 1257 3 0 44.208866 21.27 10
5839 1257 3 0 42.980843 21.979 10
5840 1257 3 0 42.980843 23.396999 10
5841 1257 3 0 44.208866 24.106001 10
5842 1257 3 0 46.664913 21.27 10
5843 1257 3 0 45.43689 21.979 10
5844 1257 3 0 45.43689 23.396999 10
5845 1257 3 0 46.664913 24.106001 10
5846 1257 3 0 49.12096 21.27 10
5847 1257 3 0 47.892937 21.979 10
5848 1257 3 0 47.892937 23.396999 10
5849 1257 3 0 49.12096 24.106001 10
5850 1257 3 0 51.577007 21.27 10
5851 1257 3 0 50.348984 21.979 10
5852 1257 3 0 50.348984 23.396999 10
5853 1257 3 0 51.577007 24.106001 10
5854 1257 3 0 54.033058 21.27 10
5855 1257 3 0 52.805035 21.979 10
5856 1257 3 0 52.805035 23.396999 10
5857 1257 3 0 54.033058 24.106001 10
5858 1257 3 0 56.489105 21.27 10
5859 1257 3 0 55.261082 21.979 10
5860 1257 3 0 55.261082 23.396999 10
5861 1257 3 0 56.489105 24.106001 10
5862 1257 3 0 58.945152 21.27 10
5863 1257 3 0 57.717129 21.979 10
5864 1257 3 0 57.717129 23.396999 10
5865 1257 3 0 58.945152 24.106001 10
5866 1257 3 0 0 25.524 10
5867 1257 3 0 -1.228024 26.233 10
5868 1257 3 0 -1.228024 27.650999 10
5869 1257 3 0 0 28.360001 10
5870 1257 3 0 2.456048 25.524 10
5871 1257 3 0 1.228024 26.233 10
5872 1257 3 0 1.228024 27.650999 10
5873 1257 3 0 2.456048 28.360001 10
5874 1257 3 0 4.912096 25.524 10
5875 1257 3 0 3.684072 26.233 10
5876 1257 3 0 3.684072 27.650999 10
5877 1257 3 0 4.912096 28.360001 10
5878 1257 3 0 7.368144 25.524 10
5879 1257 3 0 6.14012 26.233 10
5880 1257 3 0 6.14012 27.650999 10
5881 1257 3 0 7.368144 28.360001 10
5882 1257 3 0 9.824192 25.524 10
5883 1257 3 0 8.596169 26.233 10
5884 1257 3 0 8.596169 27.650999 10
5885 1257 3 0 9.824192 28.360001 10
5886 1257 3 0 12.28024 25.524 10
5887 1257 3 0 11.052217 26.233 10
5888 1257 3 0 11.052217 27.650999 10
5889 1257 3 0 12.28024 28.360001 10
5890 1257 3 0 14.736288 25.524 10
5891 1257 3 0 13.508265 26.233 10
5892 1257 3 0 13.508265 27.650999 10
5893 1257 3 0 14.736288 28.360001 10
5894 1257 3 0 17.192337 25.524 10
5895 1257 3 0 15.964313 26.233 10
5896 1257 3 0 15.964313 27.650999 10
5897 1257 3 0 17.192337 28.360001 10
5898 1257 3 0 19.648384 25.524 10
5899 1257 3 0 18.420361 26.233 10
5900 1257 3 0 18.420361 27.650999 10
5901 1257 3 0 19.648384 28.360001 10
5902 1257 3 0 22.104433 25.524 10
5903 1257 3 0 20.876408 26.233 10
5904 1257 3 0 20.876408 27.650999 10
5905 1257 3 0 22.104433 28.360001 10
5906 1257 3 0 24.56048 25.524 10
5907 1257 3 0 23.332457 26.233 10
5908 1257 3 0 23.332457 27.650999 10
5909 1257 3 0 24.56048 28.360001 10
5910 1257 3 0 27.016529 25.524 10
5911 1257 3 0 25.788504 26.233 10
5912 1257 3 0 25.788504 27.650999 10
5913 1257 3 0 27.016529 28.360001 10
5914 1257 3 0 29.472576 25.524 10
5915 1257 3 0 28.244553 26.233 10
5916 1257 3 0 28.244553 27.650999 10
5917 1257 3 0 29.472576 28.360001 10
5918 1257 3 0 31.928625 25.524 10
5919 1257 3 0 30.7006 26.233 10
5920 1257 3 0 30.7006 27.650999 10
5921 1257 3 0 31.928625 28.360001 10
5922 1257 3 0 34.384674 25.524 10
5923 1257 3 0 33.156647 26.233 10
5924 1257 3 0 33.156647 27.650999 10
5925 1257 3 0 34.384674 28.360001 10
5926 1257 3 0 36.840721 25.524 10
5927 1257 3 0 35.612698 26.233 10
5928 1257 3 0 35.612698 27.650999 10
5929 1257 3 0 36.840721 28.360001 10
5930 1257 3 0 39.296768 25.524 10
5931 1257 3 0 38.068745 26.233 10
5932 1257 3 0 38.068745 27.650999 10
5933 1257 3 0 39.296768 28.360001 10
5934 1257 3 0 41.752815 25.524 10
5935 1257 3 0 40.524792 26.233 10
5936 1257 3 0 40.524792 27.650999 10
5937 1257 3 0 41.752815 28.360001 10
5938 1257 3 0 44.208866 25.524 10
5939 1257 3 0 42.980843 26.233 10
5940 1257 3 0 42.980843 27.650999 10
5941 1257 3 0 44.208866 28.360001 10
5942 1257 3 0 46.664913 25.524 10
5943 1257 3 0 45.43689 26.233 10
5944 1257 3 0 45.43689 27.650999 10
5945 1257 3 0 46.664913 28.360001 10
5946 1257 3 0 49.12096 25.524 10
5947 1257 3 0 47.892937 26.233 10
5948 1257 3 0 47.892937 27.650999 10
5949 1257 3 0 49.12096 28.360001 10
5950 1257 3 0 51.577007 25.524 10
5951 1257 3 0 50.348984 26.233 10
5952 1257 3 0 50.348984 27.650999 10
5953 1257 3 0 51.577007 28.360001 10
5954 1257 3 0 54.033058 25.524 10
5955 1257 3 0 52.805035 26.233 10
5956 1257 3 0 52.805035 27.650999 10
5957 1257 3 0 54.033058 28.360001 10
5958 1257 3 0 56.489105 25.524 10
5959 1257 3 0 55.261082 26.233 10
5960 1257 3 0 55.261082 27.650999 10
5961 1257 3 0 56.489105 28.360001 10
5962 1257 3 0 58.945152 25.524 10
5963 1257 3 0 57.717129 26.233 10
5964 1257 3 0 57.717129 27.650999 10
5965 1257 3 0 58.945152 28.360001 10
5966 1257 3 0 0 29.778 10
5967 1257 3 0 -1.228024 30.487 10
5968 1257 3 0 -1.228024 31.905001 10
5969 1257 3 0 0 32.613998 10
5970 1257 3 0 2.456048 29.778 10
5971 1257 3 0 1.228024 30.487 10
5972 1257 3 0 1.228024 31.905001 10
5973 1257 3 0 2.456048 32.613998 10
5974 1257 3 0 4.912096 29.778 10
5975 1257 3 0 3.684072 30.487 10
5976 1257 3 0 3.684072 31.905001 10
5977 1257 3 0 4.912096 32.613998 10
5978 1257 3 0 7.368144 29.778 10
5979 1257 3 0 6.14012 30.487 10
5980 1257 3 0 6.14012 31.905001 10
5981 1257 3 0 7.368144 32.613998 10
5982 1257 3 0 9.824192 29.778 10
5983 1257 3 0 8.596169 30.487 10
5984 1257 3 0 8.596169 31.905001 10
5985 1257 3 0 9.824192 32.613998 10
5986 1257 3 0 12.28024 29.778 10
5987 1257 3 0 11.052217 30.487 10
5988 1257 3 0 11.052217 31.905001 10
5989 1257 3 0 12.28024 32.613998 10
5990 1257 3 0 14.736288 29.778 10
5991 1257 3 0 13.508265 30.487 10
5992 1257 3 0 13.508265 31.905001 10
5993 1257 3 0 14.736288 32.613998 10
5994 1257 3 0 17.192337 29.778 10
5995 1257 3 0 15.964313 30.487 10
5996 1257 3 0 15.964313 31.905001 10
5997 1257 3 0 17.192337 32.613998 10
5998 1257 3 0 19.648384 29.778 10
5999 1257 3 0 18.420361 30.487 10
6000 1257 3 0 18.420361 31.905001 10
6001 1257 3 0 19.648384 32.613998 10
6002 1257 3 0 22.104433 29.778 10
6003 1257 3 0 20.876408 30.487 10
6004 1257 3 0 20.876408 31.905001 10
6005 1257 3 0 22.104433 32.613998 10
6006 1257 3 0 24.56048 29.778 10
6007 1257 3 0 23.332457 30.487 10
6008 1257 3 0 23.332457 31.905001 10
6009 1257 3 0 24.56048 32.613998 10
6010 1257 3 0 27.016529 29.778 10
6011 1257 3 0 25.788504 30.487 10
6012 1257 3 0 25.788504 31.905001 10
6013 1257 3 0 27.016529 32.613998 10
6014 1257 3 0 29.472576 29.778 10
6015 1257 3 0 28.244553 30.487 10
6016 1257 3 0 28.244553 31.905001 10
6017 1257 3 0 29.472576 32.613998 10
6018 1257 3 0 31.928625 29.778 10
6019 1257 3 0 30.7006 30.487 10
6020 1257 3 0 30.7006 31.905001 10
6021 1257 3 0 31.928625 32.613998 10
6022 1257 3 0 34.384674 29.778 10
6023 1257 3 0 33.156647 30.487 10
6024 1257 3 0 33.156647 31.905001 10
6025 1257 3 0 34.384674 32.613998 10
6026 1257 3 0 36.840721 29.778 10
6027 1257 3 0 35.612698 30.487 10
6028 1257 3 0 35.612698 31.905001 10
6029 1257 3 0 36.840721 32.613998 10
6030 1257 3 0 39.296768 29.778 10
6031 1257 3 0 38.068745 30.487 10
6032 1257 3 0 38.068745 31.905001 10
6033 1257 3 0 39.296768 32.613998 10
6034 1257 3 0 41.752815 29.778 10
6035 1257 3 0 40.524792 30.487 10
6036 1257 3 0 40.524792 31.905001 10
6037 1257 3 0 41.752815 32.613998 10
6038 1257 3 0 44.208866 29.778 10
6039 1257 3 0 42.980843 30.487 10
6040 1257 3 0 42.980843 31.905001 10
6041 1257 3 0 44.208866 32.613998 10
6042 1257 3 0 46.664913 29.778 10
6043 1257 3 0 45.43689 30.487 10
6044 1257 3 0 45.43689 31.905001 10
6045 1257 3 0 46.664913 32.613998 10
6046 1257 3 0 49.12096 29.778 10
6047 1257 3 0 47.892937 30.487 10
6048 1257 3 0 47.892937 31.905001 10
6049 1257 3 0 49.12096 32.613998 10
6050 1257 3 0 51.577007 29.778 10
6051 1257 3 0 50.348984 30.487 10
6052 1257 3 0 50.348984 31.905001 10
6053 1257 3 0 51.577007 32.613998 10
6054 1257 3 0 54.033058 29.778 10
6055 1257 3 0 52.805035 30.487 10
6056 1257 3 0 52.805035 31.905001 10
6057 1257 3 0 54.033058 32.613998 10
6058 1257 3 0 56.489105 29.778 10
6059 1257 3 0 55.261082 30.487 10
6060 1257 3 0 55.261082 31.905001 10
6061 1257 3 0 56.489105 32.613998 10
6062 1257 3 0 58.945152 29.778 10
6063 1257 3 0 57.717129 30.487 10
6064 1257 3 0 57.717129 31.905001 10
6065 1257 3 0 58.945152 32.613998 10
6066 1257 3 0 0 34.032001 10
6067 1257 3 0 -1.228024 34.741001 10
6068 1257 3 0 -1.228024 36.159 10
6069 1257 3 0 0 36.868 10
6070 1257 3 0 2.456048 34.032001 10
6071 1257 3 0 1.228024 34.741001 10
6072 1257 3 0 1.228024 36.159 10
6073 1257 3 0 2.456048 36.868 10
6074 1257 3 0 4.912096 34.032001 10
6075 1257 3 0 3.684072 34.741001 10
6076 1257 3 0 3.684072 36.159 10
6077 1257 3 0 4.912096 36.868 10
6078 1257 3 0 7.368144 34.032001 10
6079 1257 3 0 6.14012 34.741001 10
6080 1257 3 0 6.14012 36.159 10
6081 1257 3 0 7.368144 36.868 10
6082 1257 3 0 9.824192 34.032001 10
6083 1257 3 0 8.596169 34.741001 10
6084 1257 3 0 8.596169 36.159 10
6085 1257 3 0 9.824192 36.868 10
6086 1257 3 0 12.28024 34.032001 10
6087 1257 3 0 11.052217 34.741001 10
6088 1257 3 0 11.052217 36.159 10
6089 1257 3 0 12.28024 36.868 10
6090 1257 3 0 14.736288 34.032001 10
6091 1257 3 0 13.508265 34.741001 10
6092 1257 3 0 13.508265 36.159 10
6093 1257 3 0 14.736288 36.868 10
6094 1257 3 0 17.192337 34.032001 10
6095 1257 3 0 15.964313 34.741001 10
6096 1257 3 0 15.964313 36.159 10
6097 1257 3 0 17.192337 36.868 10
6098 1257 3 0 19.648384 34.032001 10
6099 1257 3 0 18.420361 34.741001 10
6100 1257 3 0 18.420361 36.159 10
6101 1257 3 0 19.648384 36.868 10
6102 1257 3 0 22.104433 34.032001 10
6103 1257 3 0 20.876408 34.741001 10
6104 1257 3 0 20.876408 36.159 10
6105 1257 3 0 22.104433 36.868 10
6106 1257 3 0 24.56048 34.032001 10
6107 1257 3 0 23.332457 34.741001 10
6108 1257 3 0 23.332457 36.159 10
6109 1257 3 0 24.56048 36.868 10
6110 1257 3 0 27.016529 34.032001 10
6111 1257 3 0 25.788504 34.741001 10
6112 1257 3 0 25.788504 36.159 10
6113 1257 3 0 27.016529 36.868 10
6114 1257 3 0 29.472576 34.032001 10
6115 1257 3 0 28.244553 34.741001 10
6116 1257 3 0 28.244553 36.159 10
6117 1257 3 0 29.472576 36.868 10
6118 1257 3 0 31.928625 34.032001 10
6119 1257 3 0 30.7006 34.741001 10
6120 1257 3 0 30.7006 36.159 10
6121 1257 3 0 31.928625 36.868 10
6122 1257 3 0 34.384674 34.032001 10
6123 1257 3 0 33.156647 34.741001 10
6124 1257 3 0 33.156647 36.159 10
6125 1257 3 0 34.384674 36.868 10
6126 1257 3 0 36.840721 34.032001 10
6127 1257 3 0 35.612698 34.741001 10
6128 1257 3 0 35.612698 36.159 10
6129 1257 3 0 36.840721 36.868 10
6130 1257 3 0 39.296768 34.032001 10
6131 1257 3 0 38.068745 34.741001 10
6132 1257 3 0 38.068745 36.159 10
6133 1257 3 0 39.296768 36.868 10
6134 1257 3 0 41.752815 34.032001 10
6135 1257 3 0 40.524792 34.741001 10
6136 1257 3 0 40.524792 36.159 10
6137 1257 3 0 41.752815 36.868 10
6138 1257 3 0 44.208866 34.032001 10
6139 1257 3 0 42.980843 34.741001 10
6140 1257 3 0 42.980843 36.159 10
6141 1257 3 0 44.208866 36.868 10
6142 1257 3 0 46.664913 34.032001 10
6143 1257 3 0 45.43689 34.741001 10
6144 1257 3 0 45.43689 36.159 10
6145 1257 3 0 46.664913 36.868 10
6146 1257 3 0 49.12096 34.032001 10
6147 1257 3 0 47.892937 34.741001 10
6148 1257 3 0 47.892937 36.159 10
6149 1257 3 0 49.12096 36.868 10
6150 1257 3 0 51.577007 34.032001 10
6151 1257 3 0 50.348984 34.741001 10
6152 1257 3 0 50.348984 36.159 10
6153 1257 3 0 51.577007 36.868 10
6154 1257 3 0 54.033058 34.032001 10
6155 1257 3 0 52.805035 34.741001 10
6156 1257 3 0 52.805035 36.159 10
6157 1257 3 0 54.033058 36.868 10
6158 1257 3 0 56.489105 34.032001 10
6159 1257 3 0 55.261082 34.741001 10
6160 1257 3 0 55.261082 36.159 10
6161 1257 3 0 56.489105 36.868 10
6162 1257 3 0 58.945152 34.032001 10
6163 1257 3 0 57.717129 34.741001 10
6164 1257 3 0 57.717129 36.159 10
6165 1257 3 0 58.945152 36.868 10
6166 1257 3 0 0 38.285999 10
6167 1257 3 0 -1.228024 38.994999 10
6168 1257 3 0 -1.228024 40.412998 10
6169 1257 3 0 0 41.122002 10
6170 1257 3 0 2.456048 38.285999 10
6171 1257 3 0 1.228024 38.994999 10
6172 1257 3 0 1.228024 40.412998 10
6173 1257 3 0 2.456048 41.122002 10
6174 1257 3 0 4.912096 38.285999 10
6175 1257 3 0 3.684072 38.994999 10
6176 1257 3 0 3.684072 40.412998 10
6177 1257 3 0 4.912096 41.122002 10
6178 1257 3 0 7.368144 38.285999 10
6179 1257 3 0 6.14012 38.994999 10
6180 1257 3 0 6.14012 40.412998 10
6181 1257 3 0 7.368144 41.122002 10
6182 1257 3 0 9.824192 38.285999 10
6183 1257 3 0 8.596169 38.994999 10
6184 1257 3 0 8.596169 40.412998 10
6185 1257 3 0 9.824192 41.122002 10
6186 1257 3 0 12.28024 38.285999 10
6187 1257 3 0 11.052217 38.994999 10
6188 1257 3 0 11.052217 40.412998 10
6189 1257 3 0 12.28024 41.122002 10
6190 1257 3 0 14.736288 38.285999 10
6191 1257 3 0 13.508265 38.994999 10
6192 1257 3 0 13.508265 40.412998 10
6193 1257 3 0 14.736288 41.122002 10
6194 1257 3 0 17.192337 38.285999 10
6195 1257 3 0 15.964313 38.994999 10
6196 1257 3 0 15.964313 40.412998 10
6197 1257 3 0 17.192337 41.122002 10
6198 1257 3 0 19.648384 38.285999 10
6199 1257 3 0 18.420361 38.994999 10
6200 1257 3 0 18.420361 40.412998 10
6201 1257 3 0 19.648384 41.122002 10
6202 1257 3 0 22.104433 38.285999 10
6203 1257 3 0 20.876408 38.994999 10
6204 1257 3 0 20.876408 40.412998 10
6205 1257 3 0 22.104433 41.122002 10
6206 1257 3 0 24.56048 38.285999 10
6207 1257 3 0 23.332457 38.994999 10
6208 1257 3 0 23.332457 40.412998 10
6209 1257 3 0 24.56048 41.122002 10
6210 1257 3 0 27.016529 38.285999 10
6211 1257 3 0 25.788504 38.994999 10
6212 1257 3 0 25.788504 40.412998 10
6213 1257 3 0 27.016529 41.122002 10
6214 1257 3 0 29.472576 38.285999 10
6215 1257 3 0 28.244553 38.994999 10
6216 1257 3 0 28.244553 40.412998 10
6217 1257 3 0 29.472576 41.122002 10
6218 1257 3 0 31.928625 38.285999 10
6219 1257 3 0 30.7006 38.994999 10
6220 1257 3 0 30.7006 40.412998 10
6221 1257 3 0 31.928625 41.122002 10
6222 1257 3 0 34.384674 38.285999 10
6223 1257 3 0 33.156647 38.994999 10
6224 1257 3 0 33.156647 40.412998 10
6225 1257 3 0 34.384674 41.122002 10
6226 1257 3 0 36.840721 38.285999 10
6227 1257 3 0 35.612698 38.994999 10
6228 1257 3 0 35.612698 40.412998 10
6229 1257 3 0 36.840721 41.122002 10
6230 1257 3 0 39.296768 38.285999 10
6231 1257 3 0 38.068745 38.994999 10
6232 1257 3 0 38.068745 40.412998 10
6233 1257 3 0 39.296768 41.122002 10
6234 1257 3 0 41.752815 38.285999 10
6235 1257 3 0 40.524792 38.994999 10
6236 1257 3 0 40.524792 40.412998 10
6237 1257 3 0 41.752815 41.122002 10
6238 1257 3 0 44.208866 38.285999 10
6239 1257 3 0 42.980843 38.994999 10
6240 1257 3 0 42.980843 40.412998 10
6241 1257 3 0 44.208866 41.122002 10
6242 1257 3 0 46.664913 38.285999 10
6243 1257 3 0 45.43689 38.994999 10
6244 1257 3 0 45.43689 40.412998 10
6245 1257 3 0 46.664913 41.122002 10
6246 1257 3 0 49.12096 38.285999 10
6247 1257 3 0 47.892937 38.994999 10
6248 1257 3 0 47.892937 40.412998 10
6249 1257 3 0 49.12096 41.122002 10
6250 1257 3 0 51.577007 38.285999 10
6251 1257 3 0 50.348984 38.994999 10
6252 1257 3 0 50.348984 40.412998 10
6253 1257 3 0 51.577007 41.122002 10
6254 1257 3 0 54.033058 38.285999 10
6255 1257 3 0 52.805035 38.994999 10
6256 1257 3 0 52.805035 40.412998 10
6257 1257 3 0 54.033058 41.122002 10
6258 1257 3 0 56.489105 38.285999 10
6259 1257 3 0 55.261082 38.994999 10
6260 1257 3 0 55.261082 40.412998 10
6261 1257 3 0 56.489105 41.122002 10
6262 1257 3 0 58.945152 38.285999 10
6263 1257 3 0 57.717129 38.994999 10
6264 1257 3 0 57.717129 40.412998 10
6265 1257 3 0 58.945152 41.122002 10
6266 1257 3 0 0 42.540001 10
6267 1257 3 0 -1.228024 43.249001 10
6268 1257 3 0 -1.228024 44.667 10
6269 1257 3 0 0 45.375999 10
6270 1257 3 0 2.456048 42.540001 10
6271 1257 3 0 1.228024 43.249001 10
6272 1257 3 0 1.228024 44.667 10
6273 1257 3 0 2.456048 45.375999 10
6274 1257 3 0 4.912096 42.540001 10
6275 1257 3 0 3.684072 43.249001 10
6276 1257 3 0 3.684072 44.667 10
6277 1257 3 0 4.912096 45.375999 10
6278 1257 3 0 7.368144 42.540001 10
6279 1257 3 0 6.14012 43.249001 10
6280 1257 3 0 6.14012 44.667 10
6281 1257 3 0 7.368144 45.375999 10
6282 1257 3 0 9.824192 42.540001 10
6283 1257 3 0 8.596169 43.249001 10
6284 1257 3 0 8.596169 44.667 10
6285 1257 3 0 9.824192 45.375999 10
6286 1257 3 0 12.28024 42.540001 10
6287 1257 3 0 11.052217 43.249001 10
6288 1257 3 0 11.052217 44.667 10
6289 1257 3 0 12.28024 45.375999 10
6290 1257 3 0 14.736288 42.540001 10
6291 1257 3 0 13.508265 43.249001 10
6292 1257 3 0 13.508265 44.667 10
6293 1257 3 0 14.736288 45.375999 10
6294 1257 3 0 17.192337 42.540001 10
6295 1257 3 0 15.964313 43.249001 10
6296 1257 3 0 15.964313 44.667 10
6297 1257 3 0 17.192337 45.375999 10
6298 1257 3 0 19.648384 42.540001 10
6299 1257 3 0 18.420361 43.249001 10
6300 1257 3 0 18.420361 44.667 10
6301 1257 3 0 19.648384 45.375999 10
6302 1257 3 0 22.104433 42.540001 10
6303 1257 3 0 20.876408 43.249001 10
6304 1257 3 0 20.876408 44.667 10
6305 1257 3 0 22.104433 45.375999 10
6306 1257 3 0 24.56048 42.540001 10
6307 1257 3 0 23.332457 43.249001 10
6308 1257 3 0 23.332457 44.667 10
6309 1257 3 0 24.56048 45.375999 10
6310 1257 3 0 27.016529 42.540001 10
6311 1257 3 0 25.788504 43.249001 10
6312 1257 3 0 25.788504 44.667 10
6313 1257 3 0 27.016529 45.375999 10
6314 1257 3 0 29.472576 42.540001 10
6315 1257 3 0 28.244553 43.249001 10
6316 1257 3 0 28.244553 44.667 10
6317 1257 3 0 29.472576 45.375999 10
6318 1257 3 0 31.928625 42.540001 10
6319 1257 3 0 30.7006 43.249001 10
6320 1257 3 0 30.7006 44.667 10
6321 1257 3 0 31.928625 45.375999 10
6322 1257 3 0 34.384674 42.540001 10
6323 1257 3 0 33.156647 43.249001 10
6324 1257 3 0 33.156647 44.667 10
6325 1257 3 0 34.384674 45.375999 10
6326 1257 3 0 36.840721 42.540001 10
6327 1257 3 0 35.612698 43.249001 10
6328 1257 3 0 35.612698 44.667 10
6329 1257 3 0 36.840721 45.375999 10
6330 1257 3 0 39.296768 42.540001 10
6331 1257 3 0 38.068745 43.249001 10
6332 1257 3 0 38.068745 44.667 10
6333 1257 3 0 39.296768 45.375999 10
6334 1257 3 0 41.752815 42.540001 10
6335 1257 3 0 40.524792 43.249001 10
6336 1257 3 0 40.524792 44.667 10
6337 1257 3 0 41.752815 45.375999 10
6338 1257 3 0 44.208866 42.540001 10
6339 1257 3 0 42.980843 43.249001 10
6340 1257 3 0 42.980843 44.667 10
6341 1257 3 0 44.208866 45.375999 10
6342 1257 3 0 46.664913 42.540001 10
6343 1257 3 0 45.43689 43.249001 10
6344 1257 3 0 45.43689 44.667 10
6345 1257 3 0 46.664913 45.375999 10
6346 1257 3 0 49.12096 42.540001 10
6347 1257 3 0 47.892937 43.249001 10
6348 1257 3 0 47.892937 44.667 10
6349 1257 3 0 49.12096 45.375999 10
6350 1257 3 0 51.577007 42.540001 10
6351 1257 3 0 50.348984 43.249001 10
6352 1257 3 0 50.348984 44.667 10
6353 1257 3 0 51.577007 45.375999 10
6354 1257 3 0 54.033058 42.540001 10
6355 1257 3 0 52.805035 43.249001 10
6356 1257 3 0 52.805035 44.667 10
6357 1257 3 0 54.033058 45.375999 10
6358 1257 3 0 56.489105 42.540001 10
6359 1257 3 0 55.261082 43.249001 10
6360 1257 3 0 55.261082 44.667 10
6361 1257 3 0 56.489105 45.375999 10
6362 1257 3 0 58.945152 42.540001 10
6363 1257 3 0 57.717129 43.249001 10
6364 1257 3 0 57.717129 44.667 10
6365 1257 3 0 58.945152 45.375999 10
6366 1257 3 0 0 46.793999 10
6367 1257 3 0 -1.228024 47.502998 10
6368 1257 3 0 -1.228024 48.921001 10
6369 1257 3 0 0 49.630001 10
6370 1257 3 0 2.456048 46.793999 10
6371 1257 3 0 1.228024 47.502998 10
6372 1257 3 0 1.228024 48.921001 10
6373 1257 3 0 2.456048 49.630001 10
6374 1257 3 0 4.912096 46.793999 10
6375 1257 3 0 3.684072 47.502998 10
6376 1257 3 0 3.684072 48.921001 10
6377 1257 3 0 4.912096 49.630001 10
6378 1257 3 0 7.368144 46.793999 10
6379 1257 3 0 6.14012 47.502998 10
6380 1257 3 0 6.14012 48.921001 10
6381 1257 3 0 7.368144 49.630001 10
6382 1257 3 0 9.824192 46.793999 10
6383 1257 3 0 8.596169 47.502998 10
6384 1257 3 0 8.596169 48.921001 10
6385 1257 3 0 9.824192 49.630001 10
6386 1257 3 0 12.28024 46.793999 10
6387 1257 3 0 11.052217 47.502998 10
6388 1257 3 0 11.052217 48.921001 10
6389 1257 3 0 12.28024 49.630001 10
6390 1257 3 0 14.736288 46.793999 10
6391 1257 3 0 13.508265 47.502998 10
6392 1257 3 0 13.508265 48.921001 10
6393 1257 3 0 14.736288 49.630001 10
6394 1257 3 0 17.192337 46.793999 10
6395 1257 3 0 15.964313 47.502998 10
6396 1257 3 0 15.964313 48.921001 10
6397 1257 3 0 17.192337 49.630001 10
6398 1257 3 0 19.648384 46.793999 10
6399 1257 3 0 18.420361 47.502998 10
6400 1257 3 0 18.420361 48.921001 10
6401 1257 3 0 19.648384 49.630001 10
6402 1257 3 0 22.104433 46.793999 10
6403 1257 3 0 20.876408 47.502998 10
6404 1257 3 0 20.876408 48.921001 10
6405 1257 3 0 22.104433 49.630001 10
6406 1257 3 0 24.56048 46.793999 10
6407 1257 3 0 23.332457 47.502998 10
6408 1257 3 0 23.332457 48.921001 10
6409 1257 3 0 24.56048 49.630001 10
6410 1257 3 0 27.016529 46.793999 10
6411 1257 3 0 25.788504 47.502998 10
6412 1257 3 0 25.788504 48.921001 10
6413 1257 3 0 27.016529 49.630001 10
6414 1257 3 0 29.472576 46.793999 10
6415 1257 3 0 28.244553 47.502998 10
6416 1257 3 0 28.244553 48.921001 10
6417 1257 3 0 29.472576 49.630001 10
6418 1257 3 0 31.928625 46.793999 10
6419 1257 3 0 30.7006 47.502998 10
6420 1257 3 0 30.7006 48.921001 10
6421 1257 3 0 31.928625 49.630001 10
6422 1257 3 0 34.384674 46.793999 10
6423 1257 3 0 33.156647 47.502998 10
6424 1257 3 0 33.156647 48.921001 10
6425 1257 3 0 34.384674 49.630001 10
6426 1257 3 0 36.840721 46.793999 10
6427 1257 3 0 35.612698 47.502998 10
6428 1257 3 0 35.612698 48.921001 10
6429 1257 3 0 36.840721 49.630001 10
6430 1257 3 0 39.296768 46.793999 10
6431 1257 3 0 38.068745 47.502998 10
6432 1257 3 0 38.068745 48.921001 10
6433 1257 3 0 39.296768 49.630001 10
6434 1257 3 0 41.752815 46.793999 10
6435 1257 3 0 40.524792 47.502998 10
6436 1257 3 0 40.524792 48.921001 10
6437 1257 3 0 41.752815 49.630001 10
6438 1257 3 0 44.208866 46.793999 10
6439 1257 3 0 42.980843 47.502998 10
6440 1257 3 0 42.980843 48.921001 10
6441 1257 3 0 44.208866 49.630001 10
6442 1257 3 0 46.664913 46.793999 10
6443 1257 3 0 45.43689 47.502998 10
6444 1257 3 0 45.43689 48.921001 10
6445 1257 3 0 46.664913 49.630001 10
6446 1257 3 0 49.12096 46.793999 10
6447 1257 3 0 47.892937 47.502998 10
6448 1257 3 0 47.892937 48.921001 10
6449 1257 3 0 49.12096 49.630001 10
6450 1257 3 0 51.577007 46.793999 10
6451 1257 3 0 50.348984 47.502998 10
6452 1257 3 0 50.348984 48.921001 10
6453 1257 3 0 51.577007 49.630001 10
6454 1257 3 0 54.033058 46.793999 10
6455 1257 3 0 52.805035 47.502998 10
6456 1257 3 0 52.805035 48.921001 10
6457 1257 3 0 54.033058 49.630001 10
6458 1257 3 0 56.489105 46.793999 10
6459 1257 3 0 55.261082 47.502998 10
6460 1257 3 0 55.261082 48.921001 10
6461 1257 3 0 56.489105 49.630001 10
6462 1257 3 0 58.945152 46.793999 10
6463 1257 3 0 57.717129 47.502998 10
6464 1257 3 0 57.717129 48.921001 10
6465 1257 3 0 58.945152 49.630001 10
6466 1257 3 0 0 51.048 10
6467 1257 3 0 -1.228024 51.757 10
6468 1257 3 0 -1.228024 53.174999 10
6469 1257 3 0 0 53.883999 10
6470 1257 3 0 2.456048 51.048 10
6471 1257 3 0 1.228024 51.757 10
6472 1257 3 0 1.228024 53.174999 10
6473 1257 3 0 2.456048 53.883999 10
6474 1257 3 0 4.912096 51.048 10
6475 1257 3 0 3.684072 51.757 10
6476 1257 3 0 3.684072 53.174999 10
6477 1257 3 0 4.912096 53.883999 10
6478 1257 3 0 7.368144 51.048 10
6479 1257 3 0 6.14012 51.757 10
6480 1257 3 0 6.14012 53.174999 10
6481 1257 3 0 7.368144 53.883999 10
6482 1257 3 0 9.824192 51.048 10
6483 1257 3 0 8.596169 51.757 10
6484 1257 3 0 8.596169 53.174999 10
6485 1257 3 0 9.824192 53.883999 10
6486 1257 3 0 12.28024 51.048 10
6487 1257 3 0 11.052217 51.757 10
6488 1257 3 0 11.052217 53.174999 10
6489 1257 3 0 12.28024 53.883999 10
6490 1257 3 0 14.736288 51.048 10
6491 1257 3 0 13.508265 51.757 10
6492 1257 3 0 13.508265 53.174999 10
6493 1257 3 0 14.736288 53.883999 10
6494 1257 3 0 17.192337 51.048 10
6495 1257 3 0 15.964313 51.757 10
6496 1257 3 0 15.964313 53.174999 10
6497 1257 3 0 17.192337 53.883999 10
6498 1257 3 0 19.648384 51.048 10
6499 1257 3 0 18.420361 51.757 10
6500 1257 3 0 18.420361 53.174999 10
6501 1257 3 0 19.648384 53.883999 10
6502 1257 3 0 22.104433 51.048 10
6503 1257 3 0 20.876408 51.757 10
6504 1257 3 0 20.876408 53.174999 10
6505 1257 3 0 22.104433 53.883999 10
6506 1257 3 0 24.56048 51.048 10
6507 1257 3 0 23.332457 51.757 10
6508 1257 3 0 23.332457 53.174999 10
6509 1257 3 0 24.56048 53.883999 10
6510 1257 3 0 27.016529 51.048 10
6511 1257 3 0 25.788504 51.757 10
6512 1257 3 0 25.788504 53.174999 10
6513 1257 3 0 27.016529 53.883999 10
6514 1257 3 0 29.472576 51.048 10
6515 1257 3 0 28.244553 51.757 10
6516 1257 3 0 28.244553 53.174999 10
6517 1257 3 0 29.472576 53.883999 10
6518 1257 3 0 31.928625 51.048 10
6519 1257 3 0 30.7006 51.757 10
6520 1257 3 0 30.7006 53.174999 10
6521 1257 3 0 31.928625 53.883999 10
6522 1257 3 0 34.384674 51.048 10
6523 1257 3 0 33.156647 51.757 10
6524 1257 3 0 33.156647 53.174999 10
6525 1257 3 0 34.384674 53.883999 10
6526 1257 3 0 36.840721 51.048 10
6527 1257 3 0 35.612698 51.757 10
6528 1257 3 0 35.612698 53.174999 10
6529 1257 3 0 36.840721 53.883999 10
6530 1257 3 0 39.296768 51.048 10
6531 1257 3 0 38.068745 51.757 10
6532 1257 3 0 38.068745 53.174999 10
6533 1257 3 0 39.296768 53.883999 10
6534 1257 3 0 41.752815 51.048 10
6535 1257 3 0 40.524792 51.757 10
6536 1257 3 0 40.524792 53.174999 10
6537 1257 3 0 41.752815 53.883999 10
6538 1257 3 0 44.208866 51.048 10
6539 1257 3 0 42.980843 51.757 10
6540 1257 3 0 42.980843 53.174999 10
6541 1257 3 0 44.208866 53.883999 10
6542 1257 3 0 46.664913 51.048 10
6543 1257 3 0 45.43689 51.757 10
6544 1257 3 0 45.43689 53.174999 10
6545 1257 3 0 46.664913 53.883999 10
6546 1257 3 0 49.12096 51.048 10
6547 1257 3 0 47.892937 51.757 10
6548 1257 3 0 47.892937 53.174999 10
6549 1257 3 0 49.12096 53.883999 10
6550 1257 3 0 51.577007 51.048 10
6551 1257 3 0 50.348984 51.757 10
6552 1257 3 0 50.348984 53.174999 10
6553 1257 3 0 51.577007 53.883999 10
6554 1257 3 0 54.033058 51.048 10
6555 1257 3 0 52.805035 51.757 10
6556 1257 3 0 52.805035 53.174999 10
6557 1257 3 0 54.033058 53.883999 10
6558 1257 3 0 56.489105 51.048 10
6559 1257 3 0 55.261082 51.757 10
6560 1257 3 0 55.261082 53.174999 10
6561 1257 3 0 56.489105 53.883999 10
6562 1257 3 0 58.945152 51.048 10
6563 1257 3 0 57.717129 51.757 10
6564 1257 3 0 57.717129 53.174999 10
6565 1257 3 0 58.945152 53.883999 10
6566 1257 3 0 0 55.301998 10
6567 1257 3 0 -1.228024 56.011002 10
6568 1257 3 0 -1.228024 57.429001 10
6569 1257 3 0 0 58.138 10
6570 1257 3 0 2.456048 55.301998 10
6571 1257 3 0 1.228024 56.011002 10
6572 1257 3 0 1.228024 57.429001 10
6573 1257 3 0 2.456048 58.138 10
6574 1257 3 0 4.912096 55.301998 10
6575 1257 3 0 3.684072 56.011002 10
6576 1257 3 0 3.684072 57.429001 10
6577 1257 3 0 4.912096 58.138 10
6578 1257 3 0 7.368144 55.301998 10
6579 1257 3 0 6.14012 56.011002 10
6580 1257 3 0 6.14012 57.429001 10
6581 1257 3 0 7.368144 58.138 10
6582 1257 3 0 9.824192 55.301998 10
6583 1257 3 0 8.596169 56.011002 10
6584 1257 3 0 8.596169 57.429001 10
6585 1257 3 0 9.824192 58.138 10
6586 1257 3 0 12.28024 55.301998 10
6587 1257 3 0 11.052217 56.011002 10
6588 1257 3 0 11.052217 57.429001 10
6589 1257 3 0 12.28024 58.138 10
6590 1257 3 0 14.736288 55.301998 10
6591 1257 3 0 13.508265 56.011002 10
6592 1257 3 0 13.508265 57.429001 10
6593 1257 3 0 14.736288 58.138 10
6594 1257 3 0 17.192337 55.301998 10
6595 1257 3 0 15.964313 56.011002 10
6596 1257 3 0 15.964313 57.429001 10
6597 1257 3 0 17.192337 58.138 10
6598 1257 3 0 19.648384 55.301998 10
6599 1257 3 0 18.420361 56.011002 10
6600 1257 3 0 18.420361 57.429001 10
6601 1257 3 0 19.648384 58.138 10
6602 1257 3 0 22.104433 55.301998 10
6603 1257 3 0 20.876408 56.011002 10
6604 1257 3 0 20.876408 57.429001 10
6605 1257 3 0 22.104433 58.138 10
6606 1257 3 0 24.56048 55.301998 10
6607 1257 3 0 23.332457 56.011002 10
6608 1257 3 0 23.332457 57.429001 10
6609 1257 3 0 24.56048 58.138 10
6610 1257 3 0 27.016529 55.301998 10
6611 1257 3 0 25.788504 56.011002 10
6612 1257 3 0 25.788504 57.429001 10
6613 1257 3 0 27.016529 58.138 10
6614 1257 3 0 29.472576 55.301998 10
6615 1257 3 0 28.244553 56.011002 10
6616 1257 3 0 28.244553 57.429001 10
6617 1257 3 0 29.472576 58.138 10
6618 1257 3 0 31.928625 55.301998 10
6619 1257 3 0 30.7006 56.011002 10
6620 1257 3 0 30.7006 57.429001 10
6621 1257 3 0 31.928625 58.138 10
6622 1257 3 0 34.384674 55.301998 10
6623 1257 3 0 33.156647 56.011002 10
6624 1257 3 0 33.156647 57.429001 10
6625 1257 3 0 34.384674 58.138 10
6626 1257 3 0 36.840721 55.301998 10
6627 1257 3 0 35.612698 56.011002 10
6628 1257 3 0 35.612698 57.429001 10
6629 1257 3 0 36.840721 58.138 10
6630 1257 3 0 39.296768 55.301998 10
6631 1257 3 0 38.068745 56.011002 10
6632 1257 3 0 38.068745 57.429001 10
6633 1257 3 0 39.296768 58.138 10
6634 1257 3 0 41.752815 55.301998 10
6635 1257 3 0 40.524792 56.011002 10
6636 1257 3 0 40.524792 57.429001 10
6637 1257 3 0 41.752815 58.138 10
6638 1257 3 0 44.208866 55.301998 10
6639 1257 3 0 42.980843 56.011002 10
6640 1257 3 0 42.980843 57.429001 10
6641 1257 3 0 44.208866 58.138 10
6642 1257 3 0 46.664913 55.301998 10
6643 1257 3 0 45.43689 56.011002 10
6644 1257 3 0 45.43689 57.429001 10
6645 1257 3 0 46.664913 58.138 10
6646 1257 3 0 49.12096 55.301998 10
6647 1257 3 0 47.892937 56.011002 10
6648 1257 3 0 47.892937 57.429001 10
6649 1257 3 0 49.12096 58.138 10
6650 1257 3 0 51.577007 55.301998 10
6651 1257 3 0 50.348984 56.011002 10
6652 1257 3 0 50.348984 57.429001 10
6653 1257 3 0 51.577007 58.138 10
6654 1257 3 0 54.033058 55.301998 10
6655 1257 3 0 52.805035 56.011002 10
6656 1257 3 0 52.805035 57.429001 10
6657 1257 3 0 54.033058 58.138 10
6658 1257 3 0 56.489105 55.301998 10
6659 1257 3 0 55.261082 56.011002 10
6660 1257 3 0 55.261082 57.429001 10
6661 1257 3 0 56.489105 58.138 10
6662 1257 3 0 58.945152 55.301998 10
6663 1257 3 0 57.717129 56.011002 10
6664 1257 3 0 57.717129 57.429001 10
6665 1257 3 0 58.945152 58.138 10
6666 1257 3 0 0 59.556 10
6667 1257 3 0 -1.228024 60.264999 10
6668 1257 3 0 -1.228024 61.682999 10
6669 1257 3 0 0 62.391998 10
6670 1257 3 0 2.456048 59.556 10
6671 1257 3 0 1.228024 60.264999 10
6672 1257 3 0 1.228024 61.682999 10
6673 1257 3 0 2.456048 62.391998 10
6674 1257 3 0 4.912096 59.556 10
6675 1257 3 0 3.684072 60.264999 10
6676 1257 3 0 3.684072 61.682999 10
6677 1257 3 0 4.912096 62.391998 10
6678 1257 3 0 7.368144 59.556 10
6679 1257 3 0 6.14012 60.264999 10
6680 1257 3 0 6.14012 61.682999 10
6681 1257 3 0 7.368144 62.391998 10
6682 1257 3 0 9.824192 59.556 10
6683 1257 3 0 8.596169 60.264999 10
6684 1257 3 0 8.596169 61.682999 10
6685 1257 3 0 9.824192 62.391998 10
6686 1257 3 0 12.28024 59.556 10
6687 1257 3 0 11.052217 60.264999 10
6688 1257 3 0 11.052217 61.682999 10
6689 1257 3 0 12.28024 62.391998 10
6690 1257 3 0 14.736288 59.556 10
6691 1257 3 0 13.508265 60.264999 10
6692 1257 3 0 13.508265 61.682999 10
6693 1257 3 0 14.736288 62.391998 10
6694 1257 3 0 17.192337 59.556 10
6695 1257 3 0 15.964313 60.264999 10
6696 1257 3 0 15.964313 61.682999 10
6697 1257 3 0 17.192337 62.391998 10
6698 1257 3 0 19.648384 59.556 10
6699 1257 3 0 18.420361 60.264999 10
6700 1257 3 0 18.420361 61.682999 10
6701 1257 3 0 19.648384 62.391998 10
6702 1257 3 0 22.104433 59.556 10
6703 1257 3 0 20.876408 60.264999 10
6704 1257 3 0 20.876408 61.682999 10
6705 1257 3 0 22.104433 62.391998 10
6706 1257 3 0 24.56048 59.556 10
6707 1257 3 0 23.332457 60.264999 10
6708 1257 3 0 23.332457 61.682999 10
6709 1257 3 0 24.56048 62.391998 10
6710 1257 3 0 27.016529 59.556 10
6711 1257 3 0 25.788504 60.264999 10
6712 1257 3 0 25.788504 61.682999 10
6713 1257 3 0 27.016529 62.391998 10
6714 1257 3 0 29.472576 59.556 10
6715 1257 3 0 28.244553 60.264999 10
6716 1257 3 0 28.244553 61.682999 10
6717 1257 3 0 29.472576 62.391998 10
6718 1257 3 0 31.928625 59.556 10
6719 1257 3 0 30.7006 60.264999 10
6720 1257 3 0 30.7006 61.682999 10
6721 1257 3 0 31.928625 62.391998 10
6722 1257 3 0 34.384674 59.556 10
6723 1257 3 0 33.156647 60.264999 10
6724 1257 3 0 33.156647 61.682999 10
6725 1257 3 0 34.384674 62.391998 10
6726 1257 3 0 36.840721 59.556 10
6727 1257 3 0 35.612698 60.264999 10
6728 1257 3 0 35.612698 61.682999 10
6729 1257 3 0 36.840721 62.391998 10
6730 1257 3 0 39.296768 59.556 10
6731 1257 3 0 38.068745 60.264999 10
6732 1257 3 0 38.068745 61.682999 10
6733 1257 3 0 39.296768 62.391998 10
6734 1257 3 0 41.752815 59.556 10
6735 1257 3 0 40.524792 60.264999 10
6736 1257 3 0 40.524792 61.682999 10
6737 1257 3 0 41.752815 62.391998 10
6738 1257 3 0 44.208866 59.556 10
6739 1257 3 0 42.980843 60.264999 10
6740 1257 3 0 42.980843 61.682999 10
6741 1257 3 0 44.208866 62.391998 10
6742 1257 3 0 46.664913 59.556 10
6743 1257 3 0 45.43689 60.264999 10
6744 1257 3 0 45.43689 61.682999 10
6745 1257 3 0 46.664913 62.391998 10
6746 1257 3 0 49.12096 59.556 10
6747 1257 3 0 47.892937 60.264999 10
6748 1257 3 0 47.892937 61.682999 10
6749 1257 3 0 49.12096 62.391998 10
6750 1257 3 0 51.577007 59.556 10
6751 1257 3 0 50.348984 60.264999 10
6752 1257 3 0 50.348984 61.682999 10
6753 1257 3 0 51.577007 62.391998 10
6754 1257 3 0 54.033058 59.556 10
6755 1257 3 0 52.805035 60.264999 10
6756 1257 3 0 52.805035 61.682999 10
6757 1257 3 0 54.033058 62.391998 10
6758 1257 3 0 56.489105 59.556 10
6759 1257 3 0 55.261082 60.264999 10
6760 1257 3 0 55.261082 61.682999 10
6761 1257 3 0 56.489105 62.391998 10
6762 1257 3 0 58.945152 59.556 10
6763 1257 3 0 57.717129 60.264999 10
6764 1257 3 0 57.717129 61.682999 10
6765 1257 3 0 58.945152 62.391998 10
