31102 10368 3 0 0.1472944 2.157 -2.13122
31103 10368 4 0 0.8527056 2.157 0
31104 10368 4 0 2.3352944 3.814 0
31105 10368 3 0 3.0407056 3.814 -2.13122
31106 10368 3 0 0.1472944 5.471 -2.13122
31107 10368 4 0 0.8527056 5.471 0
31108 10368 4 0 2.3352944 7.128 0
31109 10368 3 0 3.0407056 7.128 -2.13122
31110 10368 3 0 0.1472944 8.785 -2.13122
31111 10368 4 0 0.8527056 8.785 0
31112 10368 4 0 2.3352944 10.442 0
31113 10368 3 0 3.0407056 10.442 -2.13122
31114 10368 3 0 0.1472944 12.099 -2.13122
31115 10368 4 0 0.8527056 12.099 0
31116 10368 4 0 2.3352944 13.756 0
31117 10368 3 0 3.0407056 13.756 -2.13122
31118 10368 3 0 0.1472944 15.413 -2.13122
31119 10368 4 0 0.8527056 15.413 0
31120 10368 4 0 2.3352944 17.07 0
31121 10368 3 0 3.0407056 17.07 -2.13122
31122 10368 3 0 0.1472944 18.727 -2.13122
31123 10368 4 0 0.8527056 18.727 0
31124 10368 4 0 2.3352944 20.384 0
31125 10368 3 0 3.0407056 20.384 -2.13122
31126 10368 3 0 0.1472944 22.041 -2.13122
31127 10368 4 0 0.8527056 22.041 0
31128 10368 4 0 2.3352944 23.698 0
31129 10368 3 0 3.0407056 23.698 -2.13122
31130 10368 3 0 0.1472944 25.355 -2.13122
31131 10368 4 0 0.8527056 25.355 0
31132 10368 4 0 2.3352944 27.012 0
31133 10368 3 0 3.0407056 27.012 -2.13122
31134 10368 3 0 0.1472944 28.669 -2.13122
31135 10368 4 0 0.8527056 28.669 0
31136 10368 4 0 2.3352944 30.326 0
31137 10368 3 0 3.0407056 30.326 -2.13122
31138 10368 3 0 0.1472944 31.983 -2.13122
31139 10368 4 0 0.8527056 31.983 0
31140 10368 4 0 2.3352944 33.64 0
31141 10368 3 0 3.0407056 33.64 -2.13122
31142 10368 3 0 0.1472944 35.297 -2.13122
31143 10368 4 0 0.8527056 35.297 0
31144 10368 4 0 2.3352944 36.954 0
31145 10368 3 0 3.0407056 36.954 -2.13122
31146 10368 3 0 0.1472944 38.611 -2.13122
31147 10368 4 0 0.8527056 38.611 0
31148 10368 4 0 2.3352944 40.268 0
31149 10368 3 0 3.0407056 40.268 -2.13122
31150 10368 3 0 0.1472944 41.925 -2.13122
31151 10368 4 0 0.8527056 41.925 0
31152 10368 4 0 2.3352944 43.582 0
31153 10368 3 0 3.0407056 43.582 -2.13122
31154 10368 3 0 0.1472944 45.239 -2.13122
31155 10368 4 0 0.8527056 45.239 0
31156 10368 4 0 2.3352944 46.896 0
31157 10368 3 0 3.0407056 46.896 -2.13122
31158 10368 3 0 0.1472944 48.553 -2.13122
31159 10368 4 0 0.8527056 48.553 0
31160 10368 4 0 2.3352944 50.21 0
31161 10368 3 0 3.0407056 50.21 -2.13122
31162 10368 3 0 0.1472944 51.867 -2.13122
31163 10368 4 0 0.8527056 51.867 0
31164 10368 4 0 2.3352944 53.524 0
31165 10368 3 0 3.0407056 53.524 -2.13122
31166 10368 3 0 0.1472944 55.181 -2.13122
31167 10368 4 0 0.8527056 55.181 0
31168 10368 4 0 2.3352944 56.838 0
31169 10368 3 0 3.0407056 56.838 -2.13122
31170 10368 3 0 0.1472944 58.495 -2.13122
31171 10368 4 0 0.8527056 58.495 0
31172 10368 4 0 2.3352944 60.152 0
31173 10368 3 0 3.0407056 60.152 -2.13122
31174 10368 3 0 4.5232944 2.157 -2.13122
31175 10368 4 0 5.2287056 2.157 0
31176 10368 4 0 6.7112944 3.814 0
31177 10368 3 0 7.4167056 3.814 -2.13122
31178 10368 3 0 4.5232944 5.471 -2.13122
31179 10368 4 0 5.2287056 5.471 0
31180 10368 4 0 6.7112944 7.128 0
31181 10368 3 0 7.4167056 7.128 -2.13122
31182 10368 3 0 4.5232944 8.785 -2.13122
31183 10368 4 0 5.2287056 8.785 0
31184 10368 4 0 6.7112944 10.442 0
31185 10368 3 0 7.4167056 10.442 -2.13122
31186 10368 3 0 4.5232944 12.099 -2.13122
31187 10368 4 0 5.2287056 12.099 0
31188 10368 4 0 6.7112944 13.756 0
31189 10368 3 0 7.4167056 13.756 -2.13122
31190 10368 3 0 4.5232944 15.413 -2.13122
31191 10368 4 0 5.2287056 15.413 0
31192 10368 4 0 6.7112944 17.07 0
31193 10368 3 0 7.4167056 17.07 -2.13122
31194 10368 3 0 4.5232944 18.727 -2.13122
31195 10368 4 0 5.2287056 18.727 0
31196 10368 4 0 6.7112944 20.384 0
31197 10368 3 0 7.4167056 20.384 -2.13122
31198 10368 3 0 4.5232944 22.041 -2.13122
31199 10368 4 0 5.2287056 22.041 0
31200 10368 4 0 6.7112944 23.698 0
31201 10368 3 0 7.4167056 23.698 -2.13122
31202 10368 3 0 4.5232944 25.355 -2.13122
31203 10368 4 0 5.2287056 25.355 0
31204 10368 4 0 6.7112944 27.012 0
31205 10368 3 0 7.4167056 27.012 -2.13122
31206 10368 3 0 4.5232944 28.669 -2.13122
31207 10368 4 0 5.2287056 28.669 0
31208 10368 4 0 6.7112944 30.326 0
31209 10368 3 0 7.4167056 30.326 -2.13122
31210 10368 3 0 4.5232944 31.983 -2.13122
31211 10368 4 0 5.2287056 31.983 0
31212 10368 4 0 6.7112944 33.64 0
31213 10368 3 0 7.4167056 33.64 -2.13122
31214 10368 3 0 4.5232944 35.297 -2.13122
31215 10368 4 0 5.2287056 35.297 0
31216 10368 4 0 6.7112944 36.954 0
31217 10368 3 0 7.4167056 36.954 -2.13122
31218 10368 3 0 4.5232944 38.611 -2.13122
31219 10368 4 0 5.2287056 38.611 0
31220 10368 4 0 6.7112944 40.268 0
31221 10368 3 0 7.4167056 40.268 -2.13122
31222 10368 3 0 4.5232944 41.925 -2.13122
31223 10368 4 0 5.2287056 41.925 0
31224 10368 4 0 6.7112944 43.582 0
31225 10368 3 0 7.4167056 43.582 -2.13122
31226 10368 3 0 4.5232944 45.239 -2.13122
31227 10368 4 0 5.2287056 45.239 0
31228 10368 4 0 6.7112944 46.896 0
31229 10368 3 0 7.4167056 46.896 -2.13122
31230 10368 3 0 4.5232944 48.553 -2.13122
31231 10368 4 0 5.2287056 48.553 0
31232 10368 4 0 6.7112944 50.21 0
31233 10368 3 0 7.4167056 50.21 -2.13122
31234 10368 3 0 4.5232944 51.867 -2.13122
31235 10368 4 0 5.2287056 51.867 0
31236 10368 4 0 6.7112944 53.524 0
31237 10368 3 0 7.4167056 53.524 -2.13122
31238 10368 3 0 4.5232944 55.181 -2.13122
31239 10368 4 0 5.2287056 55.181 0
31240 10368 4 0 6.7112944 56.838 0
31241 10368 3 0 7.4167056 56.838 -2.13122
31242 10368 3 0 4.5232944 58.495 -2.13122
31243 10368 4 0 5.2287056 58.495 0
31244 10368 4 0 6.7112944 60.152 0
31245 10368 3 0 7.4167056 60.152 -2.13122
31246 10368 3 0 8.8992944 2.157 -2.13122
31247 10368 4 0 9.6047056 2.157 0
31248 10368 4 0 11.0872944 3.814 0
31249 10368 3 0 11.7927056 3.814 -2.13122
31250 10368 3 0 8.8992944 5.471 -2.13122
31251 10368 4 0 9.6047056 5.471 0
31252 10368 4 0 11.0872944 7.128 0
31253 10368 3 0 11.7927056 7.128 -2.13122
31254 10368 3 0 8.8992944 8.785 -2.13122
31255 10368 4 0 9.6047056 8.785 0
31256 10368 4 0 11.0872944 10.442 0
31257 10368 3 0 11.7927056 10.442 -2.13122
31258 10368 3 0 8.8992944 12.099 -2.13122
31259 10368 4 0 9.6047056 12.099 0
31260 10368 4 0 11.0872944 13.756 0
31261 10368 3 0 11.7927056 13.756 -2.13122
31262 10368 3 0 8.8992944 15.413 -2.13122
31263 10368 4 0 9.6047056 15.413 0
31264 10368 4 0 11.0872944 17.07 0
31265 10368 3 0 11.7927056 17.07 -2.13122
31266 10368 3 0 8.8992944 18.727 -2.13122
31267 10368 4 0 9.6047056 18.727 0
31268 10368 4 0 11.0872944 20.384 0
31269 10368 3 0 11.7927056 20.384 -2.13122
31270 10368 3 0 8.8992944 22.041 -2.13122
31271 10368 4 0 9.6047056 22.041 0
31272 10368 4 0 11.0872944 23.698 0
31273 10368 3 0 11.7927056 23.698 -2.13122
31274 10368 3 0 8.8992944 25.355 -2.13122
31275 10368 4 0 9.6047056 25.355 0
31276 10368 4 0 11.0872944 27.012 0
31277 10368 3 0 11.7927056 27.012 -2.13122
31278 10368 3 0 8.8992944 28.669 -2.13122
31279 10368 4 0 9.6047056 28.669 0
31280 10368 4 0 11.0872944 30.326 0
31281 10368 3 0 11.7927056 30.326 -2.13122
31282 10368 3 0 8.8992944 31.983 -2.13122
31283 10368 4 0 9.6047056 31.983 0
31284 10368 4 0 11.0872944 33.64 0
31285 10368 3 0 11.7927056 33.64 -2.13122
31286 10368 3 0 8.8992944 35.297 -2.13122
31287 10368 4 0 9.6047056 35.297 0
31288 10368 4 0 11.0872944 36.954 0
31289 10368 3 0 11.7927056 36.954 -2.13122
31290 10368 3 0 8.8992944 38.611 -2.13122
31291 10368 4 0 9.6047056 38.611 0
31292 10368 4 0 11.0872944 40.268 0
31293 10368 3 0 11.7927056 40.268 -2.13122
31294 10368 3 0 8.8992944 41.925 -2.13122
31295 10368 4 0 9.6047056 41.925 0
31296 10368 4 0 11.0872944 43.582 0
31297 10368 3 0 11.7927056 43.582 -2.13122
31298 10368 3 0 8.8992944 45.239 -2.13122
31299 10368 4 0 9.6047056 45.239 0
31300 10368 4 0 11.0872944 46.896 0
31301 10368 3 0 11.7927056 46.896 -2.13122
31302 10368 3 0 8.8992944 48.553 -2.13122
31303 10368 4 0 9.6047056 48.553 0
31304 10368 4 0 11.0872944 50.21 0
31305 10368 3 0 11.7927056 50.21 -2.13122
31306 10368 3 0 8.8992944 51.867 -2.13122
31307 10368 4 0 9.6047056 51.867 0
31308 10368 4 0 11.0872944 53.524 0
31309 10368 3 0 11.7927056 53.524 -2.13122
31310 10368 3 0 8.8992944 55.181 -2.13122
31311 10368 4 0 9.6047056 55.181 0
31312 10368 4 0 11.0872944 56.838 0
31313 10368 3 0 11.7927056 56.838 -2.13122
31314 10368 3 0 8.8992944 58.495 -2.13122
31315 10368 4 0 9.6047056 58.495 0
31316 10368 4 0 11.0872944 60.152 0
31317 10368 3 0 11.7927056 60.152 -2.13122
31318 10368 3 0 13.2752944 2.157 -2.13122
31319 10368 4 0 13.9807056 2.157 0
31320 10368 4 0 15.4632944 3.814 0
31321 10368 3 0 16.1687056 3.814 -2.13122
31322 10368 3 0 13.2752944 5.471 -2.13122
31323 10368 4 0 13.9807056 5.471 0
31324 10368 4 0 15.4632944 7.128 0
31325 10368 3 0 16.1687056 7.128 -2.13122
31326 10368 3 0 13.2752944 8.785 -2.13122
31327 10368 4 0 13.9807056 8.785 0
31328 10368 4 0 15.4632944 10.442 0
31329 10368 3 0 16.1687056 10.442 -2.13122
31330 10368 3 0 13.2752944 12.099 -2.13122
31331 10368 4 0 13.9807056 12.099 0
31332 10368 4 0 15.4632944 13.756 0
31333 10368 3 0 16.1687056 13.756 -2.13122
31334 10368 3 0 13.2752944 15.413 -2.13122
31335 10368 4 0 13.9807056 15.413 0
31336 10368 4 0 15.4632944 17.07 0
31337 10368 3 0 16.1687056 17.07 -2.13122
31338 10368 3 0 13.2752944 18.727 -2.13122
31339 10368 4 0 13.9807056 18.727 0
31340 10368 4 0 15.4632944 20.384 0
31341 10368 3 0 16.1687056 20.384 -2.13122
31342 10368 3 0 13.2752944 22.041 -2.13122
31343 10368 4 0 13.9807056 22.041 0
31344 10368 4 0 15.4632944 23.698 0
31345 10368 3 0 16.1687056 23.698 -2.13122
31346 10368 3 0 13.2752944 25.355 -2.13122
31347 10368 4 0 13.9807056 25.355 0
31348 10368 4 0 15.4632944 27.012 0
31349 10368 3 0 16.1687056 27.012 -2.13122
31350 10368 3 0 13.2752944 28.669 -2.13122
31351 10368 4 0 13.9807056 28.669 0
31352 10368 4 0 15.4632944 30.326 0
31353 10368 3 0 16.1687056 30.326 -2.13122
31354 10368 3 0 13.2752944 31.983 -2.13122
31355 10368 4 0 13.9807056 31.983 0
31356 10368 4 0 15.4632944 33.64 0
31357 10368 3 0 16.1687056 33.64 -2.13122
31358 10368 3 0 13.2752944 35.297 -2.13122
31359 10368 4 0 13.9807056 35.297 0
31360 10368 4 0 15.4632944 36.954 0
31361 10368 3 0 16.1687056 36.954 -2.13122
31362 10368 3 0 13.2752944 38.611 -2.13122
31363 10368 4 0 13.9807056 38.611 0
31364 10368 4 0 15.4632944 40.268 0
31365 10368 3 0 16.1687056 40.268 -2.13122
31366 10368 3 0 13.2752944 41.925 -2.13122
31367 10368 4 0 13.9807056 41.925 0
31368 10368 4 0 15.4632944 43.582 0
31369 10368 3 0 16.1687056 43.582 -2.13122
31370 10368 3 0 13.2752944 45.239 -2.13122
31371 10368 4 0 13.9807056 45.239 0
31372 10368 4 0 15.4632944 46.896 0
31373 10368 3 0 16.1687056 46.896 -2.13122
31374 10368 3 0 13.2752944 48.553 -2.13122
31375 10368 4 0 13.9807056 48.553 0
31376 10368 4 0 15.4632944 50.21 0
31377 10368 3 0 16.1687056 50.21 -2.13122
31378 10368 3 0 13.2752944 51.867 -2.13122
31379 10368 4 0 13.9807056 51.867 0
31380 10368 4 0 15.4632944 53.524 0
31381 10368 3 0 16.1687056 53.524 -2.13122
31382 10368 3 0 13.2752944 55.181 -2.13122
31383 10368 4 0 13.9807056 55.181 0
31384 10368 4 0 15.4632944 56.838 0
31385 10368 3 0 16.1687056 56.838 -2.13122
31386 10368 3 0 13.2752944 58.495 -2.13122
31387 10368 4 0 13.9807056 58.495 0
31388 10368 4 0 15.4632944 60.152 0
31389 10368 3 0 16.1687056 60.152 -2.13122
31390 10368 3 0 17.6512944 2.157 -2.13122
31391 10368 4 0 18.3567056 2.157 0
31392 10368 4 0 19.8392944 3.814 0
31393 10368 3 0 20.5447056 3.814 -2.13122
31394 10368 3 0 17.6512944 5.471 -2.13122
31395 10368 4 0 18.3567056 5.471 0
31396 10368 4 0 19.8392944 7.128 0
31397 10368 3 0 20.5447056 7.128 -2.13122
31398 10368 3 0 17.6512944 8.785 -2.13122
31399 10368 4 0 18.3567056 8.785 0
31400 10368 4 0 19.8392944 10.442 0
31401 10368 3 0 20.5447056 10.442 -2.13122
31402 10368 3 0 17.6512944 12.099 -2.13122
31403 10368 4 0 18.3567056 12.099 0
31404 10368 4 0 19.8392944 13.756 0
31405 10368 3 0 20.5447056 13.756 -2.13122
31406 10368 3 0 17.6512944 15.413 -2.13122
31407 10368 4 0 18.3567056 15.413 0
31408 10368 4 0 19.8392944 17.07 0
31409 10368 3 0 20.5447056 17.07 -2.13122
31410 10368 3 0 17.6512944 18.727 -2.13122
31411 10368 4 0 18.3567056 18.727 0
31412 10368 4 0 19.8392944 20.384 0
31413 10368 3 0 20.5447056 20.384 -2.13122
31414 10368 3 0 17.6512944 22.041 -2.13122
31415 10368 4 0 18.3567056 22.041 0
31416 10368 4 0 19.8392944 23.698 0
31417 10368 3 0 20.5447056 23.698 -2.13122
31418 10368 3 0 17.6512944 25.355 -2.13122
31419 10368 4 0 18.3567056 25.355 0
31420 10368 4 0 19.8392944 27.012 0
31421 10368 3 0 20.5447056 27.012 -2.13122
31422 10368 3 0 17.6512944 28.669 -2.13122
31423 10368 4 0 18.3567056 28.669 0
31424 10368 4 0 19.8392944 30.326 0
31425 10368 3 0 20.5447056 30.326 -2.13122
31426 10368 3 0 17.6512944 31.983 -2.13122
31427 10368 4 0 18.3567056 31.983 0
31428 10368 4 0 19.8392944 33.64 0
31429 10368 3 0 20.5447056 33.64 -2.13122
31430 10368 3 0 17.6512944 35.297 -2.13122
31431 10368 4 0 18.3567056 35.297 0
31432 10368 4 0 19.8392944 36.954 0
31433 10368 3 0 20.5447056 36.954 -2.13122
31434 10368 3 0 17.6512944 38.611 -2.13122
31435 10368 4 0 18.3567056 38.611 0
31436 10368 4 0 19.8392944 40.268 0
31437 10368 3 0 20.5447056 40.268 -2.13122
31438 10368 3 0 17.6512944 41.925 -2.13122
31439 10368 4 0 18.3567056 41.925 0
31440 10368 4 0 19.8392944 43.582 0
31441 10368 3 0 20.5447056 43.582 -2.13122
31442 10368 3 0 17.6512944 45.239 -2.13122
31443 10368 4 0 18.3567056 45.239 0
31444 10368 4 0 19.8392944 46.896 0
31445 10368 3 0 20.5447056 46.896 -2.13122
31446 10368 3 0 17.6512944 48.553 -2.13122
31447 10368 4 0 18.3567056 48.553 0
31448 10368 4 0 19.8392944 50.21 0
31449 10368 3 0 20.5447056 50.21 -2.13122
31450 10368 3 0 17.6512944 51.867 -2.13122
31451 10368 4 0 18.3567056 51.867 0
31452 10368 4 0 19.8392944 53.524 0
31453 10368 3 0 20.5447056 53.524 -2.13122
31454 10368 3 0 17.6512944 55.181 -2.13122
31455 10368 4 0 18.3567056 55.181 0
31456 10368 4 0 19.8392944 56.838 0
31457 10368 3 0 20.5447056 56.838 -2.13122
31458 10368 3 0 17.6512944 58.495 -2.13122
31459 10368 4 0 18.3567056 58.495 0
31460 10368 4 0 19.8392944 60.152 0
31461 10368 3 0 20.5447056 60.152 -2.13122
31462 10368 3 0 22.0272944 2.157 -2.13122
31463 10368 4 0 22.7327056 2.157 0
31464 10368 4 0 24.2152944 3.814 0
31465 10368 3 0 24.9207056 3.814 -2.13122
31466 10368 3 0 22.0272944 5.471 -2.13122
31467 10368 4 0 22.7327056 5.471 0
31468 10368 4 0 24.2152944 7.128 0
31469 10368 3 0 24.9207056 7.128 -2.13122
31470 10368 3 0 22.0272944 8.785 -2.13122
31471 10368 4 0 22.7327056 8.785 0
31472 10368 4 0 24.2152944 10.442 0
31473 10368 3 0 24.9207056 10.442 -2.13122
31474 10368 3 0 22.0272944 12.099 -2.13122
31475 10368 4 0 22.7327056 12.099 0
31476 10368 4 0 24.2152944 13.756 0
31477 10368 3 0 24.9207056 13.756 -2.13122
31478 10368 3 0 22.0272944 15.413 -2.13122
31479 10368 4 0 22.7327056 15.413 0
31480 10368 4 0 24.2152944 17.07 0
31481 10368 3 0 24.9207056 17.07 -2.13122
31482 10368 3 0 22.0272944 18.727 -2.13122
31483 10368 4 0 22.7327056 18.727 0
31484 10368 4 0 24.2152944 20.384 0
31485 10368 3 0 24.9207056 20.384 -2.13122
31486 10368 3 0 22.0272944 22.041 -2.13122
31487 10368 4 0 22.7327056 22.041 0
31488 10368 4 0 24.2152944 23.698 0
31489 10368 3 0 24.9207056 23.698 -2.13122
31490 10368 3 0 22.0272944 25.355 -2.13122
31491 10368 4 0 22.7327056 25.355 0
31492 10368 4 0 24.2152944 27.012 0
31493 10368 3 0 24.9207056 27.012 -2.13122
31494 10368 3 0 22.0272944 28.669 -2.13122
31495 10368 4 0 22.7327056 28.669 0
31496 10368 4 0 24.2152944 30.326 0
31497 10368 3 0 24.9207056 30.326 -2.13122
31498 10368 3 0 22.0272944 31.983 -2.13122
31499 10368 4 0 22.7327056 31.983 0
31500 10368 4 0 24.2152944 33.64 0
31501 10368 3 0 24.9207056 33.64 -2.13122
31502 10368 3 0 22.0272944 35.297 -2.13122
31503 10368 4 0 22.7327056 35.297 0
31504 10368 4 0 24.2152944 36.954 0
31505 10368 3 0 24.9207056 36.954 -2.13122
31506 10368 3 0 22.0272944 38.611 -2.13122
31507 10368 4 0 22.7327056 38.611 0
31508 10368 4 0 24.2152944 40.268 0
31509 10368 3 0 24.9207056 40.268 -2.13122
31510 10368 3 0 22.0272944 41.925 -2.13122
31511 10368 4 0 22.7327056 41.925 0
31512 10368 4 0 24.2152944 43.582 0
31513 10368 3 0 24.9207056 43.582 -2.13122
31514 10368 3 0 22.0272944 45.239 -2.13122
31515 10368 4 0 22.7327056 45.239 0
31516 10368 4 0 24.2152944 46.896 0
31517 10368 3 0 24.9207056 46.896 -2.13122
31518 10368 3 0 22.0272944 48.553 -2.13122
31519 10368 4 0 22.7327056 48.553 0
31520 10368 4 0 24.2152944 50.21 0
31521 10368 3 0 24.9207056 50.21 -2.13122
31522 10368 3 0 22.0272944 51.867 -2.13122
31523 10368 4 0 22.7327056 51.867 0
31524 10368 4 0 24.2152944 53.524 0
31525 10368 3 0 24.9207056 53.524 -2.13122
31526 10368 3 0 22.0272944 55.181 -2.13122
31527 10368 4 0 22.7327056 55.181 0
31528 10368 4 0 24.2152944 56.838 0
31529 10368 3 0 24.9207056 56.838 -2.13122
31530 10368 3 0 22.0272944 58.495 -2.13122
31531 10368 4 0 22.7327056 58.495 0
31532 10368 4 0 24.2152944 60.152 0
31533 10368 3 0 24.9207056 60.152 -2.13122
31534 10368 3 0 26.4032944 2.157 -2.13122
31535 10368 4 0 27.1087056 2.157 0
31536 10368 4 0 28.5912944 3.814 0
31537 10368 3 0 29.2967056 3.814 -2.13122
31538 10368 3 0 26.4032944 5.471 -2.13122
31539 10368 4 0 27.1087056 5.471 0
31540 10368 4 0 28.5912944 7.128 0
31541 10368 3 0 29.2967056 7.128 -2.13122
31542 10368 3 0 26.4032944 8.785 -2.13122
31543 10368 4 0 27.1087056 8.785 0
31544 10368 4 0 28.5912944 10.442 0
31545 10368 3 0 29.2967056 10.442 -2.13122
31546 10368 3 0 26.4032944 12.099 -2.13122
31547 10368 4 0 27.1087056 12.099 0
31548 10368 4 0 28.5912944 13.756 0
31549 10368 3 0 29.2967056 13.756 -2.13122
31550 10368 3 0 26.4032944 15.413 -2.13122
31551 10368 4 0 27.1087056 15.413 0
31552 10368 4 0 28.5912944 17.07 0
31553 10368 3 0 29.2967056 17.07 -2.13122
31554 10368 3 0 26.4032944 18.727 -2.13122
31555 10368 4 0 27.1087056 18.727 0
31556 10368 4 0 28.5912944 20.384 0
31557 10368 3 0 29.2967056 20.384 -2.13122
31558 10368 3 0 26.4032944 22.041 -2.13122
31559 10368 4 0 27.1087056 22.041 0
31560 10368 4 0 28.5912944 23.698 0
31561 10368 3 0 29.2967056 23.698 -2.13122
31562 10368 3 0 26.4032944 25.355 -2.13122
31563 10368 4 0 27.1087056 25.355 0
31564 10368 4 0 28.5912944 27.012 0
31565 10368 3 0 29.2967056 27.012 -2.13122
31566 10368 3 0 26.4032944 28.669 -2.13122
31567 10368 4 0 27.1087056 28.669 0
31568 10368 4 0 28.5912944 30.326 0
31569 10368 3 0 29.2967056 30.326 -2.13122
31570 10368 3 0 26.4032944 31.983 -2.13122
31571 10368 4 0 27.1087056 31.983 0
31572 10368 4 0 28.5912944 33.64 0
31573 10368 3 0 29.2967056 33.64 -2.13122
31574 10368 3 0 26.4032944 35.297 -2.13122
31575 10368 4 0 27.1087056 35.297 0
31576 10368 4 0 28.5912944 36.954 0
31577 10368 3 0 29.2967056 36.954 -2.13122
31578 10368 3 0 26.4032944 38.611 -2.13122
31579 10368 4 0 27.1087056 38.611 0
31580 10368 4 0 28.5912944 40.268 0
31581 10368 3 0 29.2967056 40.268 -2.13122
31582 10368 3 0 26.4032944 41.925 -2.13122
31583 10368 4 0 27.1087056 41.925 0
31584 10368 4 0 28.5912944 43.582 0
31585 10368 3 0 29.2967056 43.582 -2.13122
31586 10368 3 0 26.4032944 45.239 -2.13122
31587 10368 4 0 27.1087056 45.239 0
31588 10368 4 0 28.5912944 46.896 0
31589 10368 3 0 29.2967056 46.896 -2.13122
31590 10368 3 0 26.4032944 48.553 -2.13122
31591 10368 4 0 27.1087056 48.553 0
31592 10368 4 0 28.5912944 50.21 0
31593 10368 3 0 29.2967056 50.21 -2.13122
31594 10368 3 0 26.4032944 51.867 -2.13122
31595 10368 4 0 27.1087056 51.867 0
31596 10368 4 0 28.5912944 53.524 0
31597 10368 3 0 29.2967056 53.524 -2.13122
31598 10368 3 0 26.4032944 55.181 -2.13122
31599 10368 4 0 27.1087056 55.181 0
31600 10368 4 0 28.5912944 56.838 0
31601 10368 3 0 29.2967056 56.838 -2.13122
31602 10368 3 0 26.4032944 58.495 -2.13122
31603 10368 4 0 27.1087056 58.495 0
31604 10368 4 0 28.5912944 60.152 0
31605 10368 3 0 29.2967056 60.152 -2.13122
31606 10368 3 0 30.7792944 2.157 -2.13122
31607 10368 4 0 31.4847056 2.157 0
31608 10368 4 0 32.9672944 3.814 0
31609 10368 3 0 33.6727056 3.814 -2.13122
31610 10368 3 0 30.7792944 5.471 -2.13122
31611 10368 4 0 31.4847056 5.471 0
31612 10368 4 0 32.9672944 7.128 0
31613 10368 3 0 33.6727056 7.128 -2.13122
31614 10368 3 0 30.7792944 8.785 -2.13122
31615 10368 4 0 31.4847056 8.785 0
31616 10368 4 0 32.9672944 10.442 0
31617 10368 3 0 33.6727056 10.442 -2.13122
31618 10368 3 0 30.7792944 12.099 -2.13122
31619 10368 4 0 31.4847056 12.099 0
31620 10368 4 0 32.9672944 13.756 0
31621 10368 3 0 33.6727056 13.756 -2.13122
31622 10368 3 0 30.7792944 15.413 -2.13122
31623 10368 4 0 31.4847056 15.413 0
31624 10368 4 0 32.9672944 17.07 0
31625 10368 3 0 33.6727056 17.07 -2.13122
31626 10368 3 0 30.7792944 18.727 -2.13122
31627 10368 4 0 31.4847056 18.727 0
31628 10368 4 0 32.9672944 20.384 0
31629 10368 3 0 33.6727056 20.384 -2.13122
31630 10368 3 0 30.7792944 22.041 -2.13122
31631 10368 4 0 31.4847056 22.041 0
31632 10368 4 0 32.9672944 23.698 0
31633 10368 3 0 33.6727056 23.698 -2.13122
31634 10368 3 0 30.7792944 25.355 -2.13122
31635 10368 4 0 31.4847056 25.355 0
31636 10368 4 0 32.9672944 27.012 0
31637 10368 3 0 33.6727056 27.012 -2.13122
31638 10368 3 0 30.7792944 28.669 -2.13122
31639 10368 4 0 31.4847056 28.669 0
31640 10368 4 0 32.9672944 30.326 0
31641 10368 3 0 33.6727056 30.326 -2.13122
31642 10368 3 0 30.7792944 31.983 -2.13122
31643 10368 4 0 31.4847056 31.983 0
31644 10368 4 0 32.9672944 33.64 0
31645 10368 3 0 33.6727056 33.64 -2.13122
31646 10368 3 0 30.7792944 35.297 -2.13122
31647 10368 4 0 31.4847056 35.297 0
31648 10368 4 0 32.9672944 36.954 0
31649 10368 3 0 33.6727056 36.954 -2.13122
31650 10368 3 0 30.7792944 38.611 -2.13122
31651 10368 4 0 31.4847056 38.611 0
31652 10368 4 0 32.9672944 40.268 0
31653 10368 3 0 33.6727056 40.268 -2.13122
31654 10368 3 0 30.7792944 41.925 -2.13122
31655 10368 4 0 31.4847056 41.925 0
31656 10368 4 0 32.9672944 43.582 0
31657 10368 3 0 33.6727056 43.582 -2.13122
31658 10368 3 0 30.7792944 45.239 -2.13122
31659 10368 4 0 31.4847056 45.239 0
31660 10368 4 0 32.9672944 46.896 0
31661 10368 3 0 33.6727056 46.896 -2.13122
31662 10368 3 0 30.7792944 48.553 -2.13122
31663 10368 4 0 31.4847056 48.553 0
31664 10368 4 0 32.9672944 50.21 0
31665 10368 3 0 33.6727056 50.21 -2.13122
31666 10368 3 0 30.7792944 51.867 -2.13122
31667 10368 4 0 31.4847056 51.867 0
31668 10368 4 0 32.9672944 53.524 0
31669 10368 3 0 33.6727056 53.524 -2.13122
31670 10368 3 0 30.7792944 55.181 -2.13122
31671 10368 4 0 31.4847056 55.181 0
31672 10368 4 0 32.9672944 56.838 0
31673 10368 3 0 33.6727056 56.838 -2.13122
31674 10368 3 0 30.7792944 58.495 -2.13122
31675 10368 4 0 31.4847056 58.495 0
31676 10368 4 0 32.9672944 60.152 0
31677 10368 3 0 33.6727056 60.152 -2.13122
31678 10368 3 0 35.1552944 2.157 -2.13122
31679 10368 4 0 35.8607056 2.157 0
31680 10368 4 0 37.3432944 3.814 0
31681 10368 3 0 38.0487056 3.814 -2.13122
31682 10368 3 0 35.1552944 5.471 -2.13122
31683 10368 4 0 35.8607056 5.471 0
31684 10368 4 0 37.3432944 7.128 0
31685 10368 3 0 38.0487056 7.128 -2.13122
31686 10368 3 0 35.1552944 8.785 -2.13122
31687 10368 4 0 35.8607056 8.785 0
31688 10368 4 0 37.3432944 10.442 0
31689 10368 3 0 38.0487056 10.442 -2.13122
31690 10368 3 0 35.1552944 12.099 -2.13122
31691 10368 4 0 35.8607056 12.099 0
31692 10368 4 0 37.3432944 13.756 0
31693 10368 3 0 38.0487056 13.756 -2.13122
31694 10368 3 0 35.1552944 15.413 -2.13122
31695 10368 4 0 35.8607056 15.413 0
31696 10368 4 0 37.3432944 17.07 0
31697 10368 3 0 38.0487056 17.07 -2.13122
31698 10368 3 0 35.1552944 18.727 -2.13122
31699 10368 4 0 35.8607056 18.727 0
31700 10368 4 0 37.3432944 20.384 0
31701 10368 3 0 38.0487056 20.384 -2.13122
31702 10368 3 0 35.1552944 22.041 -2.13122
31703 10368 4 0 35.8607056 22.041 0
31704 10368 4 0 37.3432944 23.698 0
31705 10368 3 0 38.0487056 23.698 -2.13122
31706 10368 3 0 35.1552944 25.355 -2.13122
31707 10368 4 0 35.8607056 25.355 0
31708 10368 4 0 37.3432944 27.012 0
31709 10368 3 0 38.0487056 27.012 -2.13122
31710 10368 3 0 35.1552944 28.669 -2.13122
31711 10368 4 0 35.8607056 28.669 0
31712 10368 4 0 37.3432944 30.326 0
31713 10368 3 0 38.0487056 30.326 -2.13122
31714 10368 3 0 35.1552944 31.983 -2.13122
31715 10368 4 0 35.8607056 31.983 0
31716 10368 4 0 37.3432944 33.64 0
31717 10368 3 0 38.0487056 33.64 -2.13122
31718 10368 3 0 35.1552944 35.297 -2.13122
31719 10368 4 0 35.8607056 35.297 0
31720 10368 4 0 37.3432944 36.954 0
31721 10368 3 0 38.0487056 36.954 -2.13122
31722 10368 3 0 35.1552944 38.611 -2.13122
31723 10368 4 0 35.8607056 38.611 0
31724 10368 4 0 37.3432944 40.268 0
31725 10368 3 0 38.0487056 40.268 -2.13122
31726 10368 3 0 35.1552944 41.925 -2.13122
31727 10368 4 0 35.8607056 41.925 0
31728 10368 4 0 37.3432944 43.582 0
31729 10368 3 0 38.0487056 43.582 -2.13122
31730 10368 3 0 35.1552944 45.239 -2.13122
31731 10368 4 0 35.8607056 45.239 0
31732 10368 4 0 37.3432944 46.896 0
31733 10368 3 0 38.0487056 46.896 -2.13122
31734 10368 3 0 35.1552944 48.553 -2.13122
31735 10368 4 0 35.8607056 48.553 0
31736 10368 4 0 37.3432944 50.21 0
31737 10368 3 0 38.0487056 50.21 -2.13122
31738 10368 3 0 35.1552944 51.867 -2.13122
31739 10368 4 0 35.8607056 51.867 0
31740 10368 4 0 37.3432944 53.524 0
31741 10368 3 0 38.0487056 53.524 -2.13122
31742 10368 3 0 35.1552944 55.181 -2.13122
31743 10368 4 0 35.8607056 55.181 0
31744 10368 4 0 37.3432944 56.838 0
31745 10368 3 0 38.0487056 56.838 -2.13122
31746 10368 3 0 35.1552944 58.495 -2.13122
31747 10368 4 0 35.8607056 58.495 0
31748 10368 4 0 37.3432944 60.152 0
31749 10368 3 0 38.0487056 60.152 -2.13122
31750 10368 3 0 39.5312944 2.157 -2.13122
31751 10368 4 0 40.2367056 2.157 0
31752 10368 4 0 41.7192944 3.814 0
31753 10368 3 0 42.4247056 3.814 -2.13122
31754 10368 3 0 39.5312944 5.471 -2.13122
31755 10368 4 0 40.2367056 5.471 0
31756 10368 4 0 41.7192944 7.128 0
31757 10368 3 0 42.4247056 7.128 -2.13122
31758 10368 3 0 39.5312944 8.785 -2.13122
31759 10368 4 0 40.2367056 8.785 0
31760 10368 4 0 41.7192944 10.442 0
31761 10368 3 0 42.4247056 10.442 -2.13122
31762 10368 3 0 39.5312944 12.099 -2.13122
31763 10368 4 0 40.2367056 12.099 0
31764 10368 4 0 41.7192944 13.756 0
31765 10368 3 0 42.4247056 13.756 -2.13122
31766 10368 3 0 39.5312944 15.413 -2.13122
31767 10368 4 0 40.2367056 15.413 0
31768 10368 4 0 41.7192944 17.07 0
31769 10368 3 0 42.4247056 17.07 -2.13122
31770 10368 3 0 39.5312944 18.727 -2.13122
31771 10368 4 0 40.2367056 18.727 0
31772 10368 4 0 41.7192944 20.384 0
31773 10368 3 0 42.4247056 20.384 -2.13122
31774 10368 3 0 39.5312944 22.041 -2.13122
31775 10368 4 0 40.2367056 22.041 0
31776 10368 4 0 41.7192944 23.698 0
31777 10368 3 0 42.4247056 23.698 -2.13122
31778 10368 3 0 39.5312944 25.355 -2.13122
31779 10368 4 0 40.2367056 25.355 0
31780 10368 4 0 41.7192944 27.012 0
31781 10368 3 0 42.4247056 27.012 -2.13122
31782 10368 3 0 39.5312944 28.669 -2.13122
31783 10368 4 0 40.2367056 28.669 0
31784 10368 4 0 41.7192944 30.326 0
31785 10368 3 0 42.4247056 30.326 -2.13122
31786 10368 3 0 39.5312944 31.983 -2.13122
31787 10368 4 0 40.2367056 31.983 0
31788 10368 4 0 41.7192944 33.64 0
31789 10368 3 0 42.4247056 33.64 -2.13122
31790 10368 3 0 39.5312944 35.297 -2.13122
31791 10368 4 0 40.2367056 35.297 0
31792 10368 4 0 41.7192944 36.954 0
31793 10368 3 0 42.4247056 36.954 -2.13122
31794 10368 3 0 39.5312944 38.611 -2.13122
31795 10368 4 0 40.2367056 38.611 0
31796 10368 4 0 41.7192944 40.268 0
31797 10368 3 0 42.4247056 40.268 -2.13122
31798 10368 3 0 39.5312944 41.925 -2.13122
31799 10368 4 0 40.2367056 41.925 0
31800 10368 4 0 41.7192944 43.582 0
31801 10368 3 0 42.4247056 43.582 -2.13122
31802 10368 3 0 39.5312944 45.239 -2.13122
31803 10368 4 0 40.2367056 45.239 0
31804 10368 4 0 41.7192944 46.896 0
31805 10368 3 0 42.4247056 46.896 -2.13122
31806 10368 3 0 39.5312944 48.553 -2.13122
31807 10368 4 0 40.2367056 48.553 0
31808 10368 4 0 41.7192944 50.21 0
31809 10368 3 0 42.4247056 50.21 -2.13122
31810 10368 3 0 39.5312944 51.867 -2.13122
31811 10368 4 0 40.2367056 51.867 0
31812 10368 4 0 41.7192944 53.524 0
31813 10368 3 0 42.4247056 53.524 -2.13122
31814 10368 3 0 39.5312944 55.181 -2.13122
31815 10368 4 0 40.2367056 55.181 0
31816 10368 4 0 41.7192944 56.838 0
31817 10368 3 0 42.4247056 56.838 -2.13122
31818 10368 3 0 39.5312944 58.495 -2.13122
31819 10368 4 0 40.2367056 58.495 0
31820 10368 4 0 41.7192944 60.152 0
31821 10368 3 0 42.4247056 60.152 -2.13122
31822 10368 3 0 43.9072944 2.157 -2.13122
31823 10368 4 0 44.6127056 2.157 0
31824 10368 4 0 46.0952944 3.814 0
31825 10368 3 0 46.8007056 3.814 -2.13122
31826 10368 3 0 43.9072944 5.471 -2.13122
31827 10368 4 0 44.6127056 5.471 0
31828 10368 4 0 46.0952944 7.128 0
31829 10368 3 0 46.8007056 7.128 -2.13122
31830 10368 3 0 43.9072944 8.785 -2.13122
31831 10368 4 0 44.6127056 8.785 0
31832 10368 4 0 46.0952944 10.442 0
31833 10368 3 0 46.8007056 10.442 -2.13122
31834 10368 3 0 43.9072944 12.099 -2.13122
31835 10368 4 0 44.6127056 12.099 0
31836 10368 4 0 46.0952944 13.756 0
31837 10368 3 0 46.8007056 13.756 -2.13122
31838 10368 3 0 43.9072944 15.413 -2.13122
31839 10368 4 0 44.6127056 15.413 0
31840 10368 4 0 46.0952944 17.07 0
31841 10368 3 0 46.8007056 17.07 -2.13122
31842 10368 3 0 43.9072944 18.727 -2.13122
31843 10368 4 0 44.6127056 18.727 0
31844 10368 4 0 46.0952944 20.384 0
31845 10368 3 0 46.8007056 20.384 -2.13122
31846 10368 3 0 43.9072944 22.041 -2.13122
31847 10368 4 0 44.6127056 22.041 0
31848 10368 4 0 46.0952944 23.698 0
31849 10368 3 0 46.8007056 23.698 -2.13122
31850 10368 3 0 43.9072944 25.355 -2.13122
31851 10368 4 0 44.6127056 25.355 0
31852 10368 4 0 46.0952944 27.012 0
31853 10368 3 0 46.8007056 27.012 -2.13122
31854 10368 3 0 43.9072944 28.669 -2.13122
31855 10368 4 0 44.6127056 28.669 0
31856 10368 4 0 46.0952944 30.326 0
31857 10368 3 0 46.8007056 30.326 -2.13122
31858 10368 3 0 43.9072944 31.983 -2.13122
31859 10368 4 0 44.6127056 31.983 0
31860 10368 4 0 46.0952944 33.64 0
31861 10368 3 0 46.8007056 33.64 -2.13122
31862 10368 3 0 43.9072944 35.297 -2.13122
31863 10368 4 0 44.6127056 35.297 0
31864 10368 4 0 46.0952944 36.954 0
31865 10368 3 0 46.8007056 36.954 -2.13122
31866 10368 3 0 43.9072944 38.611 -2.13122
31867 10368 4 0 44.6127056 38.611 0
31868 10368 4 0 46.0952944 40.268 0
31869 10368 3 0 46.8007056 40.268 -2.13122
31870 10368 3 0 43.9072944 41.925 -2.13122
31871 10368 4 0 44.6127056 41.925 0
31872 10368 4 0 46.0952944 43.582 0
31873 10368 3 0 46.8007056 43.582 -2.13122
31874 10368 3 0 43.9072944 45.239 -2.13122
31875 10368 4 0 44.6127056 45.239 0
31876 10368 4 0 46.0952944 46.896 0
31877 10368 3 0 46.8007056 46.896 -2.13122
31878 10368 3 0 43.9072944 48.553 -2.13122
31879 10368 4 0 44.6127056 48.553 0
31880 10368 4 0 46.0952944 50.21 0
31881 10368 3 0 46.8007056 50.21 -2.13122
31882 10368 3 0 43.9072944 51.867 -2.13122
31883 10368 4 0 44.6127056 51.867 0
31884 10368 4 0 46.0952944 53.524 0
31885 10368 3 0 46.8007056 53.524 -2.13122
31886 10368 3 0 43.9072944 55.181 -2.13122
31887 10368 4 0 44.6127056 55.181 0
31888 10368 4 0 46.0952944 56.838 0
31889 10368 3 0 46.8007056 56.838 -2.13122
31890 10368 3 0 43.9072944 58.495 -2.13122
31891 10368 4 0 44.6127056 58.495 0
31892 10368 4 0 46.0952944 60.152 0
31893 10368 3 0 46.8007056 60.152 -2.13122
31894 10368 3 0 48.2832944 2.157 -2.13122
31895 10368 4 0 48.9887056 2.157 0
31896 10368 4 0 50.4712944 3.814 0
31897 10368 3 0 51.1767056 3.814 -2.13122
31898 10368 3 0 48.2832944 5.471 -2.13122
31899 10368 4 0 48.9887056 5.471 0
31900 10368 4 0 50.4712944 7.128 0
31901 10368 3 0 51.1767056 7.128 -2.13122
31902 10368 3 0 48.2832944 8.785 -2.13122
31903 10368 4 0 48.9887056 8.785 0
31904 10368 4 0 50.4712944 10.442 0
31905 10368 3 0 51.1767056 10.442 -2.13122
31906 10368 3 0 48.2832944 12.099 -2.13122
31907 10368 4 0 48.9887056 12.099 0
31908 10368 4 0 50.4712944 13.756 0
31909 10368 3 0 51.1767056 13.756 -2.13122
31910 10368 3 0 48.2832944 15.413 -2.13122
31911 10368 4 0 48.9887056 15.413 0
31912 10368 4 0 50.4712944 17.07 0
31913 10368 3 0 51.1767056 17.07 -2.13122
31914 10368 3 0 48.2832944 18.727 -2.13122
31915 10368 4 0 48.9887056 18.727 0
31916 10368 4 0 50.4712944 20.384 0
31917 10368 3 0 51.1767056 20.384 -2.13122
31918 10368 3 0 48.2832944 22.041 -2.13122
31919 10368 4 0 48.9887056 22.041 0
31920 10368 4 0 50.4712944 23.698 0
31921 10368 3 0 51.1767056 23.698 -2.13122
31922 10368 3 0 48.2832944 25.355 -2.13122
31923 10368 4 0 48.9887056 25.355 0
31924 10368 4 0 50.4712944 27.012 0
31925 10368 3 0 51.1767056 27.012 -2.13122
31926 10368 3 0 48.2832944 28.669 -2.13122
31927 10368 4 0 48.9887056 28.669 0
31928 10368 4 0 50.4712944 30.326 0
31929 10368 3 0 51.1767056 30.326 -2.13122
31930 10368 3 0 48.2832944 31.983 -2.13122
31931 10368 4 0 48.9887056 31.983 0
31932 10368 4 0 50.4712944 33.64 0
31933 10368 3 0 51.1767056 33.64 -2.13122
31934 10368 3 0 48.2832944 35.297 -2.13122
31935 10368 4 0 48.9887056 35.297 0
31936 10368 4 0 50.4712944 36.954 0
31937 10368 3 0 51.1767056 36.954 -2.13122
31938 10368 3 0 48.2832944 38.611 -2.13122
31939 10368 4 0 48.9887056 38.611 0
31940 10368 4 0 50.4712944 40.268 0
31941 10368 3 0 51.1767056 40.268 -2.13122
31942 10368 3 0 48.2832944 41.925 -2.13122
31943 10368 4 0 48.9887056 41.925 0
31944 10368 4 0 50.4712944 43.582 0
31945 10368 3 0 51.1767056 43.582 -2.13122
31946 10368 3 0 48.2832944 45.239 -2.13122
31947 10368 4 0 48.9887056 45.239 0
31948 10368 4 0 50.4712944 46.896 0
31949 10368 3 0 51.1767056 46.896 -2.13122
31950 10368 3 0 48.2832944 48.553 -2.13122
31951 10368 4 0 48.9887056 48.553 0
31952 10368 4 0 50.4712944 50.21 0
31953 10368 3 0 51.1767056 50.21 -2.13122
31954 10368 3 0 48.2832944 51.867 -2.13122
31955 10368 4 0 48.9887056 51.867 0
31956 10368 4 0 50.4712944 53.524 0
31957 10368 3 0 51.1767056 53.524 -2.13122
31958 10368 3 0 48.2832944 55.181 -2.13122
31959 10368 4 0 48.9887056 55.181 0
31960 10368 4 0 50.4712944 56.838 0
31961 10368 3 0 51.1767056 56.838 -2.13122
31962 10368 3 0 48.2832944 58.495 -2.13122
31963 10368 4 0 48.9887056 58.495 0
31964 10368 4 0 50.4712944 60.152 0
31965 10368 3 0 51.1767056 60.152 -2.13122
31966 10368 3 0 52.6592944 2.157 -2.13122
31967 10368 4 0 53.3647056 2.157 0
31968 10368 4 0 54.8472944 3.814 0
31969 10368 3 0 55.5527056 3.814 -2.13122
31970 10368 3 0 52.6592944 5.471 -2.13122
31971 10368 4 0 53.3647056 5.471 0
31972 10368 4 0 54.8472944 7.128 0
31973 10368 3 0 55.5527056 7.128 -2.13122
31974 10368 3 0 52.6592944 8.785 -2.13122
31975 10368 4 0 53.3647056 8.785 0
31976 10368 4 0 54.8472944 10.442 0
31977 10368 3 0 55.5527056 10.442 -2.13122
31978 10368 3 0 52.6592944 12.099 -2.13122
31979 10368 4 0 53.3647056 12.099 0
31980 10368 4 0 54.8472944 13.756 0
31981 10368 3 0 55.5527056 13.756 -2.13122
31982 10368 3 0 52.6592944 15.413 -2.13122
31983 10368 4 0 53.3647056 15.413 0
31984 10368 4 0 54.8472944 17.07 0
31985 10368 3 0 55.5527056 17.07 -2.13122
31986 10368 3 0 52.6592944 18.727 -2.13122
31987 10368 4 0 53.3647056 18.727 0
31988 10368 4 0 54.8472944 20.384 0
31989 10368 3 0 55.5527056 20.384 -2.13122
31990 10368 3 0 52.6592944 22.041 -2.13122
31991 10368 4 0 53.3647056 22.041 0
31992 10368 4 0 54.8472944 23.698 0
31993 10368 3 0 55.5527056 23.698 -2.13122
31994 10368 3 0 52.6592944 25.355 -2.13122
31995 10368 4 0 53.3647056 25.355 0
31996 10368 4 0 54.8472944 27.012 0
31997 10368 3 0 55.5527056 27.012 -2.13122
31998 10368 3 0 52.6592944 28.669 -2.13122
31999 10368 4 0 53.3647056 28.669 0
32000 10368 4 0 54.8472944 30.326 0
32001 10368 3 0 55.5527056 30.326 -2.13122
32002 10368 3 0 52.6592944 31.983 -2.13122
32003 10368 4 0 53.3647056 31.983 0
32004 10368 4 0 54.8472944 33.64 0
32005 10368 3 0 55.5527056 33.64 -2.13122
32006 10368 3 0 52.6592944 35.297 -2.13122
32007 10368 4 0 53.3647056 35.297 0
32008 10368 4 0 54.8472944 36.954 0
32009 10368 3 0 55.5527056 36.954 -2.13122
32010 10368 3 0 52.6592944 38.611 -2.13122
32011 10368 4 0 53.3647056 38.611 0
32012 10368 4 0 54.8472944 40.268 0
32013 10368 3 0 55.5527056 40.268 -2.13122
32014 10368 3 0 52.6592944 41.925 -2.13122
32015 10368 4 0 53.3647056 41.925 0
32016 10368 4 0 54.8472944 43.582 0
32017 10368 3 0 55.5527056 43.582 -2.13122
32018 10368 3 0 52.6592944 45.239 -2.13122
32019 10368 4 0 53.3647056 45.239 0
32020 10368 4 0 54.8472944 46.896 0
32021 10368 3 0 55.5527056 46.896 -2.13122
32022 10368 3 0 52.6592944 48.553 -2.13122
32023 10368 4 0 53.3647056 48.553 0
32024 10368 4 0 54.8472944 50.21 0
32025 10368 3 0 55.5527056 50.21 -2.13122
32026 10368 3 0 52.6592944 51.867 -2.13122
32027 10368 4 0 53.3647056 51.867 0
32028 10368 4 0 54.8472944 53.524 0
32029 10368 3 0 55.5527056 53.524 -2.13122
32030 10368 3 0 52.6592944 55.181 -2.13122
32031 10368 4 0 53.3647056 55.181 0
32032 10368 4 0 54.8472944 56.838 0
32033 10368 3 0 55.5527056 56.838 -2.13122
32034 10368 3 0 52.6592944 58.495 -2.13122
32035 10368 4 0 53.3647056 58.495 0
32036 10368 4 0 54.8472944 60.152 0
32037 10368 3 0 55.5527056 60.152 -2.13122
