32038	10369	3	0	0.1472944	2.157	100
32039	10369	4	0	0.8527056	2.157	102.13122
32040	10369	4	0	2.3352944	3.814	102.13122
32041	10369	3	0	3.0407056	3.814	100
32042	10369	3	0	0.1472944	5.471	100
32043	10369	4	0	0.8527056	5.471	102.13122
32044	10369	4	0	2.3352944	7.128	102.13122
32045	10369	3	0	3.0407056	7.128	100
32046	10369	3	0	0.1472944	8.785	100
32047	10369	4	0	0.8527056	8.785	102.13122
32048	10369	4	0	2.3352944	10.442	102.13122
32049	10369	3	0	3.0407056	10.442	100
32050	10369	3	0	0.1472944	12.099	100
32051	10369	4	0	0.8527056	12.099	102.13122
32052	10369	4	0	2.3352944	13.756	102.13122
32053	10369	3	0	3.0407056	13.756	100
32054	10369	3	0	0.1472944	15.413	100
32055	10369	4	0	0.8527056	15.413	102.13122
32056	10369	4	0	2.3352944	17.07	102.13122
32057	10369	3	0	3.0407056	17.07	100
32058	10369	3	0	0.1472944	18.727	100
32059	10369	4	0	0.8527056	18.727	102.13122
32060	10369	4	0	2.3352944	20.384	102.13122
32061	10369	3	0	3.0407056	20.384	100
32062	10369	3	0	0.1472944	22.041	100
32063	10369	4	0	0.8527056	22.041	102.13122
32064	10369	4	0	2.3352944	23.698	102.13122
32065	10369	3	0	3.0407056	23.698	100
32066	10369	3	0	0.1472944	25.355	100
32067	10369	4	0	0.8527056	25.355	102.13122
32068	10369	4	0	2.3352944	27.012	102.13122
32069	10369	3	0	3.0407056	27.012	100
32070	10369	3	0	0.1472944	28.669	100
32071	10369	4	0	0.8527056	28.669	102.13122
32072	10369	4	0	2.3352944	30.326	102.13122
32073	10369	3	0	3.0407056	30.326	100
32074	10369	3	0	0.1472944	31.983	100
32075	10369	4	0	0.8527056	31.983	102.13122
32076	10369	4	0	2.3352944	33.64	102.13122
32077	10369	3	0	3.0407056	33.64	100
32078	10369	3	0	0.1472944	35.297	100
32079	10369	4	0	0.8527056	35.297	102.13122
32080	10369	4	0	2.3352944	36.954	102.13122
32081	10369	3	0	3.0407056	36.954	100
32082	10369	3	0	0.1472944	38.611	100
32083	10369	4	0	0.8527056	38.611	102.13122
32084	10369	4	0	2.3352944	40.268	102.13122
32085	10369	3	0	3.0407056	40.268	100
32086	10369	3	0	0.1472944	41.925	100
32087	10369	4	0	0.8527056	41.925	102.13122
32088	10369	4	0	2.3352944	43.582	102.13122
32089	10369	3	0	3.0407056	43.582	100
32090	10369	3	0	0.1472944	45.239	100
32091	10369	4	0	0.8527056	45.239	102.13122
32092	10369	4	0	2.3352944	46.896	102.13122
32093	10369	3	0	3.0407056	46.896	100
32094	10369	3	0	0.1472944	48.553	100
32095	10369	4	0	0.8527056	48.553	102.13122
32096	10369	4	0	2.3352944	50.21	102.13122
32097	10369	3	0	3.0407056	50.21	100
32098	10369	3	0	0.1472944	51.867	100
32099	10369	4	0	0.8527056	51.867	102.13122
32100	10369	4	0	2.3352944	53.524	102.13122
32101	10369	3	0	3.0407056	53.524	100
32102	10369	3	0	0.1472944	55.181	100
32103	10369	4	0	0.8527056	55.181	102.13122
32104	10369	4	0	2.3352944	56.838	102.13122
32105	10369	3	0	3.0407056	56.838	100
32106	10369	3	0	0.1472944	58.495	100
32107	10369	4	0	0.8527056	58.495	102.13122
32108	10369	4	0	2.3352944	60.152	102.13122
32109	10369	3	0	3.0407056	60.152	100
32110	10369	3	0	4.5232944	2.157	100
32111	10369	4	0	5.2287056	2.157	102.13122
32112	10369	4	0	6.7112944	3.814	102.13122
32113	10369	3	0	7.4167056	3.814	100
32114	10369	3	0	4.5232944	5.471	100
32115	10369	4	0	5.2287056	5.471	102.13122
32116	10369	4	0	6.7112944	7.128	102.13122
32117	10369	3	0	7.4167056	7.128	100
32118	10369	3	0	4.5232944	8.785	100
32119	10369	4	0	5.2287056	8.785	102.13122
32120	10369	4	0	6.7112944	10.442	102.13122
32121	10369	3	0	7.4167056	10.442	100
32122	10369	3	0	4.5232944	12.099	100
32123	10369	4	0	5.2287056	12.099	102.13122
32124	10369	4	0	6.7112944	13.756	102.13122
32125	10369	3	0	7.4167056	13.756	100
32126	10369	3	0	4.5232944	15.413	100
32127	10369	4	0	5.2287056	15.413	102.13122
32128	10369	4	0	6.7112944	17.07	102.13122
32129	10369	3	0	7.4167056	17.07	100
32130	10369	3	0	4.5232944	18.727	100
32131	10369	4	0	5.2287056	18.727	102.13122
32132	10369	4	0	6.7112944	20.384	102.13122
32133	10369	3	0	7.4167056	20.384	100
32134	10369	3	0	4.5232944	22.041	100
32135	10369	4	0	5.2287056	22.041	102.13122
32136	10369	4	0	6.7112944	23.698	102.13122
32137	10369	3	0	7.4167056	23.698	100
32138	10369	3	0	4.5232944	25.355	100
32139	10369	4	0	5.2287056	25.355	102.13122
32140	10369	4	0	6.7112944	27.012	102.13122
32141	10369	3	0	7.4167056	27.012	100
32142	10369	3	0	4.5232944	28.669	100
32143	10369	4	0	5.2287056	28.669	102.13122
32144	10369	4	0	6.7112944	30.326	102.13122
32145	10369	3	0	7.4167056	30.326	100
32146	10369	3	0	4.5232944	31.983	100
32147	10369	4	0	5.2287056	31.983	102.13122
32148	10369	4	0	6.7112944	33.64	102.13122
32149	10369	3	0	7.4167056	33.64	100
32150	10369	3	0	4.5232944	35.297	100
32151	10369	4	0	5.2287056	35.297	102.13122
32152	10369	4	0	6.7112944	36.954	102.13122
32153	10369	3	0	7.4167056	36.954	100
32154	10369	3	0	4.5232944	38.611	100
32155	10369	4	0	5.2287056	38.611	102.13122
32156	10369	4	0	6.7112944	40.268	102.13122
32157	10369	3	0	7.4167056	40.268	100
32158	10369	3	0	4.5232944	41.925	100
32159	10369	4	0	5.2287056	41.925	102.13122
32160	10369	4	0	6.7112944	43.582	102.13122
32161	10369	3	0	7.4167056	43.582	100
32162	10369	3	0	4.5232944	45.239	100
32163	10369	4	0	5.2287056	45.239	102.13122
32164	10369	4	0	6.7112944	46.896	102.13122
32165	10369	3	0	7.4167056	46.896	100
32166	10369	3	0	4.5232944	48.553	100
32167	10369	4	0	5.2287056	48.553	102.13122
32168	10369	4	0	6.7112944	50.21	102.13122
32169	10369	3	0	7.4167056	50.21	100
32170	10369	3	0	4.5232944	51.867	100
32171	10369	4	0	5.2287056	51.867	102.13122
32172	10369	4	0	6.7112944	53.524	102.13122
32173	10369	3	0	7.4167056	53.524	100
32174	10369	3	0	4.5232944	55.181	100
32175	10369	4	0	5.2287056	55.181	102.13122
32176	10369	4	0	6.7112944	56.838	102.13122
32177	10369	3	0	7.4167056	56.838	100
32178	10369	3	0	4.5232944	58.495	100
32179	10369	4	0	5.2287056	58.495	102.13122
32180	10369	4	0	6.7112944	60.152	102.13122
32181	10369	3	0	7.4167056	60.152	100
32182	10369	3	0	8.8992944	2.157	100
32183	10369	4	0	9.6047056	2.157	102.13122
32184	10369	4	0	11.0872944	3.814	102.13122
32185	10369	3	0	11.7927056	3.814	100
32186	10369	3	0	8.8992944	5.471	100
32187	10369	4	0	9.6047056	5.471	102.13122
32188	10369	4	0	11.0872944	7.128	102.13122
32189	10369	3	0	11.7927056	7.128	100
32190	10369	3	0	8.8992944	8.785	100
32191	10369	4	0	9.6047056	8.785	102.13122
32192	10369	4	0	11.0872944	10.442	102.13122
32193	10369	3	0	11.7927056	10.442	100
32194	10369	3	0	8.8992944	12.099	100
32195	10369	4	0	9.6047056	12.099	102.13122
32196	10369	4	0	11.0872944	13.756	102.13122
32197	10369	3	0	11.7927056	13.756	100
32198	10369	3	0	8.8992944	15.413	100
32199	10369	4	0	9.6047056	15.413	102.13122
32200	10369	4	0	11.0872944	17.07	102.13122
32201	10369	3	0	11.7927056	17.07	100
32202	10369	3	0	8.8992944	18.727	100
32203	10369	4	0	9.6047056	18.727	102.13122
32204	10369	4	0	11.0872944	20.384	102.13122
32205	10369	3	0	11.7927056	20.384	100
32206	10369	3	0	8.8992944	22.041	100
32207	10369	4	0	9.6047056	22.041	102.13122
32208	10369	4	0	11.0872944	23.698	102.13122
32209	10369	3	0	11.7927056	23.698	100
32210	10369	3	0	8.8992944	25.355	100
32211	10369	4	0	9.6047056	25.355	102.13122
32212	10369	4	0	11.0872944	27.012	102.13122
32213	10369	3	0	11.7927056	27.012	100
32214	10369	3	0	8.8992944	28.669	100
32215	10369	4	0	9.6047056	28.669	102.13122
32216	10369	4	0	11.0872944	30.326	102.13122
32217	10369	3	0	11.7927056	30.326	100
32218	10369	3	0	8.8992944	31.983	100
32219	10369	4	0	9.6047056	31.983	102.13122
32220	10369	4	0	11.0872944	33.64	102.13122
32221	10369	3	0	11.7927056	33.64	100
32222	10369	3	0	8.8992944	35.297	100
32223	10369	4	0	9.6047056	35.297	102.13122
32224	10369	4	0	11.0872944	36.954	102.13122
32225	10369	3	0	11.7927056	36.954	100
32226	10369	3	0	8.8992944	38.611	100
32227	10369	4	0	9.6047056	38.611	102.13122
32228	10369	4	0	11.0872944	40.268	102.13122
32229	10369	3	0	11.7927056	40.268	100
32230	10369	3	0	8.8992944	41.925	100
32231	10369	4	0	9.6047056	41.925	102.13122
32232	10369	4	0	11.0872944	43.582	102.13122
32233	10369	3	0	11.7927056	43.582	100
32234	10369	3	0	8.8992944	45.239	100
32235	10369	4	0	9.6047056	45.239	102.13122
32236	10369	4	0	11.0872944	46.896	102.13122
32237	10369	3	0	11.7927056	46.896	100
32238	10369	3	0	8.8992944	48.553	100
32239	10369	4	0	9.6047056	48.553	102.13122
32240	10369	4	0	11.0872944	50.21	102.13122
32241	10369	3	0	11.7927056	50.21	100
32242	10369	3	0	8.8992944	51.867	100
32243	10369	4	0	9.6047056	51.867	102.13122
32244	10369	4	0	11.0872944	53.524	102.13122
32245	10369	3	0	11.7927056	53.524	100
32246	10369	3	0	8.8992944	55.181	100
32247	10369	4	0	9.6047056	55.181	102.13122
32248	10369	4	0	11.0872944	56.838	102.13122
32249	10369	3	0	11.7927056	56.838	100
32250	10369	3	0	8.8992944	58.495	100
32251	10369	4	0	9.6047056	58.495	102.13122
32252	10369	4	0	11.0872944	60.152	102.13122
32253	10369	3	0	11.7927056	60.152	100
32254	10369	3	0	13.2752944	2.157	100
32255	10369	4	0	13.9807056	2.157	102.13122
32256	10369	4	0	15.4632944	3.814	102.13122
32257	10369	3	0	16.1687056	3.814	100
32258	10369	3	0	13.2752944	5.471	100
32259	10369	4	0	13.9807056	5.471	102.13122
32260	10369	4	0	15.4632944	7.128	102.13122
32261	10369	3	0	16.1687056	7.128	100
32262	10369	3	0	13.2752944	8.785	100
32263	10369	4	0	13.9807056	8.785	102.13122
32264	10369	4	0	15.4632944	10.442	102.13122
32265	10369	3	0	16.1687056	10.442	100
32266	10369	3	0	13.2752944	12.099	100
32267	10369	4	0	13.9807056	12.099	102.13122
32268	10369	4	0	15.4632944	13.756	102.13122
32269	10369	3	0	16.1687056	13.756	100
32270	10369	3	0	13.2752944	15.413	100
32271	10369	4	0	13.9807056	15.413	102.13122
32272	10369	4	0	15.4632944	17.07	102.13122
32273	10369	3	0	16.1687056	17.07	100
32274	10369	3	0	13.2752944	18.727	100
32275	10369	4	0	13.9807056	18.727	102.13122
32276	10369	4	0	15.4632944	20.384	102.13122
32277	10369	3	0	16.1687056	20.384	100
32278	10369	3	0	13.2752944	22.041	100
32279	10369	4	0	13.9807056	22.041	102.13122
32280	10369	4	0	15.4632944	23.698	102.13122
32281	10369	3	0	16.1687056	23.698	100
32282	10369	3	0	13.2752944	25.355	100
32283	10369	4	0	13.9807056	25.355	102.13122
32284	10369	4	0	15.4632944	27.012	102.13122
32285	10369	3	0	16.1687056	27.012	100
32286	10369	3	0	13.2752944	28.669	100
32287	10369	4	0	13.9807056	28.669	102.13122
32288	10369	4	0	15.4632944	30.326	102.13122
32289	10369	3	0	16.1687056	30.326	100
32290	10369	3	0	13.2752944	31.983	100
32291	10369	4	0	13.9807056	31.983	102.13122
32292	10369	4	0	15.4632944	33.64	102.13122
32293	10369	3	0	16.1687056	33.64	100
32294	10369	3	0	13.2752944	35.297	100
32295	10369	4	0	13.9807056	35.297	102.13122
32296	10369	4	0	15.4632944	36.954	102.13122
32297	10369	3	0	16.1687056	36.954	100
32298	10369	3	0	13.2752944	38.611	100
32299	10369	4	0	13.9807056	38.611	102.13122
32300	10369	4	0	15.4632944	40.268	102.13122
32301	10369	3	0	16.1687056	40.268	100
32302	10369	3	0	13.2752944	41.925	100
32303	10369	4	0	13.9807056	41.925	102.13122
32304	10369	4	0	15.4632944	43.582	102.13122
32305	10369	3	0	16.1687056	43.582	100
32306	10369	3	0	13.2752944	45.239	100
32307	10369	4	0	13.9807056	45.239	102.13122
32308	10369	4	0	15.4632944	46.896	102.13122
32309	10369	3	0	16.1687056	46.896	100
32310	10369	3	0	13.2752944	48.553	100
32311	10369	4	0	13.9807056	48.553	102.13122
32312	10369	4	0	15.4632944	50.21	102.13122
32313	10369	3	0	16.1687056	50.21	100
32314	10369	3	0	13.2752944	51.867	100
32315	10369	4	0	13.9807056	51.867	102.13122
32316	10369	4	0	15.4632944	53.524	102.13122
32317	10369	3	0	16.1687056	53.524	100
32318	10369	3	0	13.2752944	55.181	100
32319	10369	4	0	13.9807056	55.181	102.13122
32320	10369	4	0	15.4632944	56.838	102.13122
32321	10369	3	0	16.1687056	56.838	100
32322	10369	3	0	13.2752944	58.495	100
32323	10369	4	0	13.9807056	58.495	102.13122
32324	10369	4	0	15.4632944	60.152	102.13122
32325	10369	3	0	16.1687056	60.152	100
32326	10369	3	0	17.6512944	2.157	100
32327	10369	4	0	18.3567056	2.157	102.13122
32328	10369	4	0	19.8392944	3.814	102.13122
32329	10369	3	0	20.5447056	3.814	100
32330	10369	3	0	17.6512944	5.471	100
32331	10369	4	0	18.3567056	5.471	102.13122
32332	10369	4	0	19.8392944	7.128	102.13122
32333	10369	3	0	20.5447056	7.128	100
32334	10369	3	0	17.6512944	8.785	100
32335	10369	4	0	18.3567056	8.785	102.13122
32336	10369	4	0	19.8392944	10.442	102.13122
32337	10369	3	0	20.5447056	10.442	100
32338	10369	3	0	17.6512944	12.099	100
32339	10369	4	0	18.3567056	12.099	102.13122
32340	10369	4	0	19.8392944	13.756	102.13122
32341	10369	3	0	20.5447056	13.756	100
32342	10369	3	0	17.6512944	15.413	100
32343	10369	4	0	18.3567056	15.413	102.13122
32344	10369	4	0	19.8392944	17.07	102.13122
32345	10369	3	0	20.5447056	17.07	100
32346	10369	3	0	17.6512944	18.727	100
32347	10369	4	0	18.3567056	18.727	102.13122
32348	10369	4	0	19.8392944	20.384	102.13122
32349	10369	3	0	20.5447056	20.384	100
32350	10369	3	0	17.6512944	22.041	100
32351	10369	4	0	18.3567056	22.041	102.13122
32352	10369	4	0	19.8392944	23.698	102.13122
32353	10369	3	0	20.5447056	23.698	100
32354	10369	3	0	17.6512944	25.355	100
32355	10369	4	0	18.3567056	25.355	102.13122
32356	10369	4	0	19.8392944	27.012	102.13122
32357	10369	3	0	20.5447056	27.012	100
32358	10369	3	0	17.6512944	28.669	100
32359	10369	4	0	18.3567056	28.669	102.13122
32360	10369	4	0	19.8392944	30.326	102.13122
32361	10369	3	0	20.5447056	30.326	100
32362	10369	3	0	17.6512944	31.983	100
32363	10369	4	0	18.3567056	31.983	102.13122
32364	10369	4	0	19.8392944	33.64	102.13122
32365	10369	3	0	20.5447056	33.64	100
32366	10369	3	0	17.6512944	35.297	100
32367	10369	4	0	18.3567056	35.297	102.13122
32368	10369	4	0	19.8392944	36.954	102.13122
32369	10369	3	0	20.5447056	36.954	100
32370	10369	3	0	17.6512944	38.611	100
32371	10369	4	0	18.3567056	38.611	102.13122
32372	10369	4	0	19.8392944	40.268	102.13122
32373	10369	3	0	20.5447056	40.268	100
32374	10369	3	0	17.6512944	41.925	100
32375	10369	4	0	18.3567056	41.925	102.13122
32376	10369	4	0	19.8392944	43.582	102.13122
32377	10369	3	0	20.5447056	43.582	100
32378	10369	3	0	17.6512944	45.239	100
32379	10369	4	0	18.3567056	45.239	102.13122
32380	10369	4	0	19.8392944	46.896	102.13122
32381	10369	3	0	20.5447056	46.896	100
32382	10369	3	0	17.6512944	48.553	100
32383	10369	4	0	18.3567056	48.553	102.13122
32384	10369	4	0	19.8392944	50.21	102.13122
32385	10369	3	0	20.5447056	50.21	100
32386	10369	3	0	17.6512944	51.867	100
32387	10369	4	0	18.3567056	51.867	102.13122
32388	10369	4	0	19.8392944	53.524	102.13122
32389	10369	3	0	20.5447056	53.524	100
32390	10369	3	0	17.6512944	55.181	100
32391	10369	4	0	18.3567056	55.181	102.13122
32392	10369	4	0	19.8392944	56.838	102.13122
32393	10369	3	0	20.5447056	56.838	100
32394	10369	3	0	17.6512944	58.495	100
32395	10369	4	0	18.3567056	58.495	102.13122
32396	10369	4	0	19.8392944	60.152	102.13122
32397	10369	3	0	20.5447056	60.152	100
32398	10369	3	0	22.0272944	2.157	100
32399	10369	4	0	22.7327056	2.157	102.13122
32400	10369	4	0	24.2152944	3.814	102.13122
32401	10369	3	0	24.9207056	3.814	100
32402	10369	3	0	22.0272944	5.471	100
32403	10369	4	0	22.7327056	5.471	102.13122
32404	10369	4	0	24.2152944	7.128	102.13122
32405	10369	3	0	24.9207056	7.128	100
32406	10369	3	0	22.0272944	8.785	100
32407	10369	4	0	22.7327056	8.785	102.13122
32408	10369	4	0	24.2152944	10.442	102.13122
32409	10369	3	0	24.9207056	10.442	100
32410	10369	3	0	22.0272944	12.099	100
32411	10369	4	0	22.7327056	12.099	102.13122
32412	10369	4	0	24.2152944	13.756	102.13122
32413	10369	3	0	24.9207056	13.756	100
32414	10369	3	0	22.0272944	15.413	100
32415	10369	4	0	22.7327056	15.413	102.13122
32416	10369	4	0	24.2152944	17.07	102.13122
32417	10369	3	0	24.9207056	17.07	100
32418	10369	3	0	22.0272944	18.727	100
32419	10369	4	0	22.7327056	18.727	102.13122
32420	10369	4	0	24.2152944	20.384	102.13122
32421	10369	3	0	24.9207056	20.384	100
32422	10369	3	0	22.0272944	22.041	100
32423	10369	4	0	22.7327056	22.041	102.13122
32424	10369	4	0	24.2152944	23.698	102.13122
32425	10369	3	0	24.9207056	23.698	100
32426	10369	3	0	22.0272944	25.355	100
32427	10369	4	0	22.7327056	25.355	102.13122
32428	10369	4	0	24.2152944	27.012	102.13122
32429	10369	3	0	24.9207056	27.012	100
32430	10369	3	0	22.0272944	28.669	100
32431	10369	4	0	22.7327056	28.669	102.13122
32432	10369	4	0	24.2152944	30.326	102.13122
32433	10369	3	0	24.9207056	30.326	100
32434	10369	3	0	22.0272944	31.983	100
32435	10369	4	0	22.7327056	31.983	102.13122
32436	10369	4	0	24.2152944	33.64	102.13122
32437	10369	3	0	24.9207056	33.64	100
32438	10369	3	0	22.0272944	35.297	100
32439	10369	4	0	22.7327056	35.297	102.13122
32440	10369	4	0	24.2152944	36.954	102.13122
32441	10369	3	0	24.9207056	36.954	100
32442	10369	3	0	22.0272944	38.611	100
32443	10369	4	0	22.7327056	38.611	102.13122
32444	10369	4	0	24.2152944	40.268	102.13122
32445	10369	3	0	24.9207056	40.268	100
32446	10369	3	0	22.0272944	41.925	100
32447	10369	4	0	22.7327056	41.925	102.13122
32448	10369	4	0	24.2152944	43.582	102.13122
32449	10369	3	0	24.9207056	43.582	100
32450	10369	3	0	22.0272944	45.239	100
32451	10369	4	0	22.7327056	45.239	102.13122
32452	10369	4	0	24.2152944	46.896	102.13122
32453	10369	3	0	24.9207056	46.896	100
32454	10369	3	0	22.0272944	48.553	100
32455	10369	4	0	22.7327056	48.553	102.13122
32456	10369	4	0	24.2152944	50.21	102.13122
32457	10369	3	0	24.9207056	50.21	100
32458	10369	3	0	22.0272944	51.867	100
32459	10369	4	0	22.7327056	51.867	102.13122
32460	10369	4	0	24.2152944	53.524	102.13122
32461	10369	3	0	24.9207056	53.524	100
32462	10369	3	0	22.0272944	55.181	100
32463	10369	4	0	22.7327056	55.181	102.13122
32464	10369	4	0	24.2152944	56.838	102.13122
32465	10369	3	0	24.9207056	56.838	100
32466	10369	3	0	22.0272944	58.495	100
32467	10369	4	0	22.7327056	58.495	102.13122
32468	10369	4	0	24.2152944	60.152	102.13122
32469	10369	3	0	24.9207056	60.152	100
32470	10369	3	0	26.4032944	2.157	100
32471	10369	4	0	27.1087056	2.157	102.13122
32472	10369	4	0	28.5912944	3.814	102.13122
32473	10369	3	0	29.2967056	3.814	100
32474	10369	3	0	26.4032944	5.471	100
32475	10369	4	0	27.1087056	5.471	102.13122
32476	10369	4	0	28.5912944	7.128	102.13122
32477	10369	3	0	29.2967056	7.128	100
32478	10369	3	0	26.4032944	8.785	100
32479	10369	4	0	27.1087056	8.785	102.13122
32480	10369	4	0	28.5912944	10.442	102.13122
32481	10369	3	0	29.2967056	10.442	100
32482	10369	3	0	26.4032944	12.099	100
32483	10369	4	0	27.1087056	12.099	102.13122
32484	10369	4	0	28.5912944	13.756	102.13122
32485	10369	3	0	29.2967056	13.756	100
32486	10369	3	0	26.4032944	15.413	100
32487	10369	4	0	27.1087056	15.413	102.13122
32488	10369	4	0	28.5912944	17.07	102.13122
32489	10369	3	0	29.2967056	17.07	100
32490	10369	3	0	26.4032944	18.727	100
32491	10369	4	0	27.1087056	18.727	102.13122
32492	10369	4	0	28.5912944	20.384	102.13122
32493	10369	3	0	29.2967056	20.384	100
32494	10369	3	0	26.4032944	22.041	100
32495	10369	4	0	27.1087056	22.041	102.13122
32496	10369	4	0	28.5912944	23.698	102.13122
32497	10369	3	0	29.2967056	23.698	100
32498	10369	3	0	26.4032944	25.355	100
32499	10369	4	0	27.1087056	25.355	102.13122
32500	10369	4	0	28.5912944	27.012	102.13122
32501	10369	3	0	29.2967056	27.012	100
32502	10369	3	0	26.4032944	28.669	100
32503	10369	4	0	27.1087056	28.669	102.13122
32504	10369	4	0	28.5912944	30.326	102.13122
32505	10369	3	0	29.2967056	30.326	100
32506	10369	3	0	26.4032944	31.983	100
32507	10369	4	0	27.1087056	31.983	102.13122
32508	10369	4	0	28.5912944	33.64	102.13122
32509	10369	3	0	29.2967056	33.64	100
32510	10369	3	0	26.4032944	35.297	100
32511	10369	4	0	27.1087056	35.297	102.13122
32512	10369	4	0	28.5912944	36.954	102.13122
32513	10369	3	0	29.2967056	36.954	100
32514	10369	3	0	26.4032944	38.611	100
32515	10369	4	0	27.1087056	38.611	102.13122
32516	10369	4	0	28.5912944	40.268	102.13122
32517	10369	3	0	29.2967056	40.268	100
32518	10369	3	0	26.4032944	41.925	100
32519	10369	4	0	27.1087056	41.925	102.13122
32520	10369	4	0	28.5912944	43.582	102.13122
32521	10369	3	0	29.2967056	43.582	100
32522	10369	3	0	26.4032944	45.239	100
32523	10369	4	0	27.1087056	45.239	102.13122
32524	10369	4	0	28.5912944	46.896	102.13122
32525	10369	3	0	29.2967056	46.896	100
32526	10369	3	0	26.4032944	48.553	100
32527	10369	4	0	27.1087056	48.553	102.13122
32528	10369	4	0	28.5912944	50.21	102.13122
32529	10369	3	0	29.2967056	50.21	100
32530	10369	3	0	26.4032944	51.867	100
32531	10369	4	0	27.1087056	51.867	102.13122
32532	10369	4	0	28.5912944	53.524	102.13122
32533	10369	3	0	29.2967056	53.524	100
32534	10369	3	0	26.4032944	55.181	100
32535	10369	4	0	27.1087056	55.181	102.13122
32536	10369	4	0	28.5912944	56.838	102.13122
32537	10369	3	0	29.2967056	56.838	100
32538	10369	3	0	26.4032944	58.495	100
32539	10369	4	0	27.1087056	58.495	102.13122
32540	10369	4	0	28.5912944	60.152	102.13122
32541	10369	3	0	29.2967056	60.152	100
32542	10369	3	0	30.7792944	2.157	100
32543	10369	4	0	31.4847056	2.157	102.13122
32544	10369	4	0	32.9672944	3.814	102.13122
32545	10369	3	0	33.6727056	3.814	100
32546	10369	3	0	30.7792944	5.471	100
32547	10369	4	0	31.4847056	5.471	102.13122
32548	10369	4	0	32.9672944	7.128	102.13122
32549	10369	3	0	33.6727056	7.128	100
32550	10369	3	0	30.7792944	8.785	100
32551	10369	4	0	31.4847056	8.785	102.13122
32552	10369	4	0	32.9672944	10.442	102.13122
32553	10369	3	0	33.6727056	10.442	100
32554	10369	3	0	30.7792944	12.099	100
32555	10369	4	0	31.4847056	12.099	102.13122
32556	10369	4	0	32.9672944	13.756	102.13122
32557	10369	3	0	33.6727056	13.756	100
32558	10369	3	0	30.7792944	15.413	100
32559	10369	4	0	31.4847056	15.413	102.13122
32560	10369	4	0	32.9672944	17.07	102.13122
32561	10369	3	0	33.6727056	17.07	100
32562	10369	3	0	30.7792944	18.727	100
32563	10369	4	0	31.4847056	18.727	102.13122
32564	10369	4	0	32.9672944	20.384	102.13122
32565	10369	3	0	33.6727056	20.384	100
32566	10369	3	0	30.7792944	22.041	100
32567	10369	4	0	31.4847056	22.041	102.13122
32568	10369	4	0	32.9672944	23.698	102.13122
32569	10369	3	0	33.6727056	23.698	100
32570	10369	3	0	30.7792944	25.355	100
32571	10369	4	0	31.4847056	25.355	102.13122
32572	10369	4	0	32.9672944	27.012	102.13122
32573	10369	3	0	33.6727056	27.012	100
32574	10369	3	0	30.7792944	28.669	100
32575	10369	4	0	31.4847056	28.669	102.13122
32576	10369	4	0	32.9672944	30.326	102.13122
32577	10369	3	0	33.6727056	30.326	100
32578	10369	3	0	30.7792944	31.983	100
32579	10369	4	0	31.4847056	31.983	102.13122
32580	10369	4	0	32.9672944	33.64	102.13122
32581	10369	3	0	33.6727056	33.64	100
32582	10369	3	0	30.7792944	35.297	100
32583	10369	4	0	31.4847056	35.297	102.13122
32584	10369	4	0	32.9672944	36.954	102.13122
32585	10369	3	0	33.6727056	36.954	100
32586	10369	3	0	30.7792944	38.611	100
32587	10369	4	0	31.4847056	38.611	102.13122
32588	10369	4	0	32.9672944	40.268	102.13122
32589	10369	3	0	33.6727056	40.268	100
32590	10369	3	0	30.7792944	41.925	100
32591	10369	4	0	31.4847056	41.925	102.13122
32592	10369	4	0	32.9672944	43.582	102.13122
32593	10369	3	0	33.6727056	43.582	100
32594	10369	3	0	30.7792944	45.239	100
32595	10369	4	0	31.4847056	45.239	102.13122
32596	10369	4	0	32.9672944	46.896	102.13122
32597	10369	3	0	33.6727056	46.896	100
32598	10369	3	0	30.7792944	48.553	100
32599	10369	4	0	31.4847056	48.553	102.13122
32600	10369	4	0	32.9672944	50.21	102.13122
32601	10369	3	0	33.6727056	50.21	100
32602	10369	3	0	30.7792944	51.867	100
32603	10369	4	0	31.4847056	51.867	102.13122
32604	10369	4	0	32.9672944	53.524	102.13122
32605	10369	3	0	33.6727056	53.524	100
32606	10369	3	0	30.7792944	55.181	100
32607	10369	4	0	31.4847056	55.181	102.13122
32608	10369	4	0	32.9672944	56.838	102.13122
32609	10369	3	0	33.6727056	56.838	100
32610	10369	3	0	30.7792944	58.495	100
32611	10369	4	0	31.4847056	58.495	102.13122
32612	10369	4	0	32.9672944	60.152	102.13122
32613	10369	3	0	33.6727056	60.152	100
32614	10369	3	0	35.1552944	2.157	100
32615	10369	4	0	35.8607056	2.157	102.13122
32616	10369	4	0	37.3432944	3.814	102.13122
32617	10369	3	0	38.0487056	3.814	100
32618	10369	3	0	35.1552944	5.471	100
32619	10369	4	0	35.8607056	5.471	102.13122
32620	10369	4	0	37.3432944	7.128	102.13122
32621	10369	3	0	38.0487056	7.128	100
32622	10369	3	0	35.1552944	8.785	100
32623	10369	4	0	35.8607056	8.785	102.13122
32624	10369	4	0	37.3432944	10.442	102.13122
32625	10369	3	0	38.0487056	10.442	100
32626	10369	3	0	35.1552944	12.099	100
32627	10369	4	0	35.8607056	12.099	102.13122
32628	10369	4	0	37.3432944	13.756	102.13122
32629	10369	3	0	38.0487056	13.756	100
32630	10369	3	0	35.1552944	15.413	100
32631	10369	4	0	35.8607056	15.413	102.13122
32632	10369	4	0	37.3432944	17.07	102.13122
32633	10369	3	0	38.0487056	17.07	100
32634	10369	3	0	35.1552944	18.727	100
32635	10369	4	0	35.8607056	18.727	102.13122
32636	10369	4	0	37.3432944	20.384	102.13122
32637	10369	3	0	38.0487056	20.384	100
32638	10369	3	0	35.1552944	22.041	100
32639	10369	4	0	35.8607056	22.041	102.13122
32640	10369	4	0	37.3432944	23.698	102.13122
32641	10369	3	0	38.0487056	23.698	100
32642	10369	3	0	35.1552944	25.355	100
32643	10369	4	0	35.8607056	25.355	102.13122
32644	10369	4	0	37.3432944	27.012	102.13122
32645	10369	3	0	38.0487056	27.012	100
32646	10369	3	0	35.1552944	28.669	100
32647	10369	4	0	35.8607056	28.669	102.13122
32648	10369	4	0	37.3432944	30.326	102.13122
32649	10369	3	0	38.0487056	30.326	100
32650	10369	3	0	35.1552944	31.983	100
32651	10369	4	0	35.8607056	31.983	102.13122
32652	10369	4	0	37.3432944	33.64	102.13122
32653	10369	3	0	38.0487056	33.64	100
32654	10369	3	0	35.1552944	35.297	100
32655	10369	4	0	35.8607056	35.297	102.13122
32656	10369	4	0	37.3432944	36.954	102.13122
32657	10369	3	0	38.0487056	36.954	100
32658	10369	3	0	35.1552944	38.611	100
32659	10369	4	0	35.8607056	38.611	102.13122
32660	10369	4	0	37.3432944	40.268	102.13122
32661	10369	3	0	38.0487056	40.268	100
32662	10369	3	0	35.1552944	41.925	100
32663	10369	4	0	35.8607056	41.925	102.13122
32664	10369	4	0	37.3432944	43.582	102.13122
32665	10369	3	0	38.0487056	43.582	100
32666	10369	3	0	35.1552944	45.239	100
32667	10369	4	0	35.8607056	45.239	102.13122
32668	10369	4	0	37.3432944	46.896	102.13122
32669	10369	3	0	38.0487056	46.896	100
32670	10369	3	0	35.1552944	48.553	100
32671	10369	4	0	35.8607056	48.553	102.13122
32672	10369	4	0	37.3432944	50.21	102.13122
32673	10369	3	0	38.0487056	50.21	100
32674	10369	3	0	35.1552944	51.867	100
32675	10369	4	0	35.8607056	51.867	102.13122
32676	10369	4	0	37.3432944	53.524	102.13122
32677	10369	3	0	38.0487056	53.524	100
32678	10369	3	0	35.1552944	55.181	100
32679	10369	4	0	35.8607056	55.181	102.13122
32680	10369	4	0	37.3432944	56.838	102.13122
32681	10369	3	0	38.0487056	56.838	100
32682	10369	3	0	35.1552944	58.495	100
32683	10369	4	0	35.8607056	58.495	102.13122
32684	10369	4	0	37.3432944	60.152	102.13122
32685	10369	3	0	38.0487056	60.152	100
32686	10369	3	0	39.5312944	2.157	100
32687	10369	4	0	40.2367056	2.157	102.13122
32688	10369	4	0	41.7192944	3.814	102.13122
32689	10369	3	0	42.4247056	3.814	100
32690	10369	3	0	39.5312944	5.471	100
32691	10369	4	0	40.2367056	5.471	102.13122
32692	10369	4	0	41.7192944	7.128	102.13122
32693	10369	3	0	42.4247056	7.128	100
32694	10369	3	0	39.5312944	8.785	100
32695	10369	4	0	40.2367056	8.785	102.13122
32696	10369	4	0	41.7192944	10.442	102.13122
32697	10369	3	0	42.4247056	10.442	100
32698	10369	3	0	39.5312944	12.099	100
32699	10369	4	0	40.2367056	12.099	102.13122
32700	10369	4	0	41.7192944	13.756	102.13122
32701	10369	3	0	42.4247056	13.756	100
32702	10369	3	0	39.5312944	15.413	100
32703	10369	4	0	40.2367056	15.413	102.13122
32704	10369	4	0	41.7192944	17.07	102.13122
32705	10369	3	0	42.4247056	17.07	100
32706	10369	3	0	39.5312944	18.727	100
32707	10369	4	0	40.2367056	18.727	102.13122
32708	10369	4	0	41.7192944	20.384	102.13122
32709	10369	3	0	42.4247056	20.384	100
32710	10369	3	0	39.5312944	22.041	100
32711	10369	4	0	40.2367056	22.041	102.13122
32712	10369	4	0	41.7192944	23.698	102.13122
32713	10369	3	0	42.4247056	23.698	100
32714	10369	3	0	39.5312944	25.355	100
32715	10369	4	0	40.2367056	25.355	102.13122
32716	10369	4	0	41.7192944	27.012	102.13122
32717	10369	3	0	42.4247056	27.012	100
32718	10369	3	0	39.5312944	28.669	100
32719	10369	4	0	40.2367056	28.669	102.13122
32720	10369	4	0	41.7192944	30.326	102.13122
32721	10369	3	0	42.4247056	30.326	100
32722	10369	3	0	39.5312944	31.983	100
32723	10369	4	0	40.2367056	31.983	102.13122
32724	10369	4	0	41.7192944	33.64	102.13122
32725	10369	3	0	42.4247056	33.64	100
32726	10369	3	0	39.5312944	35.297	100
32727	10369	4	0	40.2367056	35.297	102.13122
32728	10369	4	0	41.7192944	36.954	102.13122
32729	10369	3	0	42.4247056	36.954	100
32730	10369	3	0	39.5312944	38.611	100
32731	10369	4	0	40.2367056	38.611	102.13122
32732	10369	4	0	41.7192944	40.268	102.13122
32733	10369	3	0	42.4247056	40.268	100
32734	10369	3	0	39.5312944	41.925	100
32735	10369	4	0	40.2367056	41.925	102.13122
32736	10369	4	0	41.7192944	43.582	102.13122
32737	10369	3	0	42.4247056	43.582	100
32738	10369	3	0	39.5312944	45.239	100
32739	10369	4	0	40.2367056	45.239	102.13122
32740	10369	4	0	41.7192944	46.896	102.13122
32741	10369	3	0	42.4247056	46.896	100
32742	10369	3	0	39.5312944	48.553	100
32743	10369	4	0	40.2367056	48.553	102.13122
32744	10369	4	0	41.7192944	50.21	102.13122
32745	10369	3	0	42.4247056	50.21	100
32746	10369	3	0	39.5312944	51.867	100
32747	10369	4	0	40.2367056	51.867	102.13122
32748	10369	4	0	41.7192944	53.524	102.13122
32749	10369	3	0	42.4247056	53.524	100
32750	10369	3	0	39.5312944	55.181	100
32751	10369	4	0	40.2367056	55.181	102.13122
32752	10369	4	0	41.7192944	56.838	102.13122
32753	10369	3	0	42.4247056	56.838	100
32754	10369	3	0	39.5312944	58.495	100
32755	10369	4	0	40.2367056	58.495	102.13122
32756	10369	4	0	41.7192944	60.152	102.13122
32757	10369	3	0	42.4247056	60.152	100
32758	10369	3	0	43.9072944	2.157	100
32759	10369	4	0	44.6127056	2.157	102.13122
32760	10369	4	0	46.0952944	3.814	102.13122
32761	10369	3	0	46.8007056	3.814	100
32762	10369	3	0	43.9072944	5.471	100
32763	10369	4	0	44.6127056	5.471	102.13122
32764	10369	4	0	46.0952944	7.128	102.13122
32765	10369	3	0	46.8007056	7.128	100
32766	10369	3	0	43.9072944	8.785	100
32767	10369	4	0	44.6127056	8.785	102.13122
32768	10369	4	0	46.0952944	10.442	102.13122
32769	10369	3	0	46.8007056	10.442	100
32770	10369	3	0	43.9072944	12.099	100
32771	10369	4	0	44.6127056	12.099	102.13122
32772	10369	4	0	46.0952944	13.756	102.13122
32773	10369	3	0	46.8007056	13.756	100
32774	10369	3	0	43.9072944	15.413	100
32775	10369	4	0	44.6127056	15.413	102.13122
32776	10369	4	0	46.0952944	17.07	102.13122
32777	10369	3	0	46.8007056	17.07	100
32778	10369	3	0	43.9072944	18.727	100
32779	10369	4	0	44.6127056	18.727	102.13122
32780	10369	4	0	46.0952944	20.384	102.13122
32781	10369	3	0	46.8007056	20.384	100
32782	10369	3	0	43.9072944	22.041	100
32783	10369	4	0	44.6127056	22.041	102.13122
32784	10369	4	0	46.0952944	23.698	102.13122
32785	10369	3	0	46.8007056	23.698	100
32786	10369	3	0	43.9072944	25.355	100
32787	10369	4	0	44.6127056	25.355	102.13122
32788	10369	4	0	46.0952944	27.012	102.13122
32789	10369	3	0	46.8007056	27.012	100
32790	10369	3	0	43.9072944	28.669	100
32791	10369	4	0	44.6127056	28.669	102.13122
32792	10369	4	0	46.0952944	30.326	102.13122
32793	10369	3	0	46.8007056	30.326	100
32794	10369	3	0	43.9072944	31.983	100
32795	10369	4	0	44.6127056	31.983	102.13122
32796	10369	4	0	46.0952944	33.64	102.13122
32797	10369	3	0	46.8007056	33.64	100
32798	10369	3	0	43.9072944	35.297	100
32799	10369	4	0	44.6127056	35.297	102.13122
32800	10369	4	0	46.0952944	36.954	102.13122
32801	10369	3	0	46.8007056	36.954	100
32802	10369	3	0	43.9072944	38.611	100
32803	10369	4	0	44.6127056	38.611	102.13122
32804	10369	4	0	46.0952944	40.268	102.13122
32805	10369	3	0	46.8007056	40.268	100
32806	10369	3	0	43.9072944	41.925	100
32807	10369	4	0	44.6127056	41.925	102.13122
32808	10369	4	0	46.0952944	43.582	102.13122
32809	10369	3	0	46.8007056	43.582	100
32810	10369	3	0	43.9072944	45.239	100
32811	10369	4	0	44.6127056	45.239	102.13122
32812	10369	4	0	46.0952944	46.896	102.13122
32813	10369	3	0	46.8007056	46.896	100
32814	10369	3	0	43.9072944	48.553	100
32815	10369	4	0	44.6127056	48.553	102.13122
32816	10369	4	0	46.0952944	50.21	102.13122
32817	10369	3	0	46.8007056	50.21	100
32818	10369	3	0	43.9072944	51.867	100
32819	10369	4	0	44.6127056	51.867	102.13122
32820	10369	4	0	46.0952944	53.524	102.13122
32821	10369	3	0	46.8007056	53.524	100
32822	10369	3	0	43.9072944	55.181	100
32823	10369	4	0	44.6127056	55.181	102.13122
32824	10369	4	0	46.0952944	56.838	102.13122
32825	10369	3	0	46.8007056	56.838	100
32826	10369	3	0	43.9072944	58.495	100
32827	10369	4	0	44.6127056	58.495	102.13122
32828	10369	4	0	46.0952944	60.152	102.13122
32829	10369	3	0	46.8007056	60.152	100
32830	10369	3	0	48.2832944	2.157	100
32831	10369	4	0	48.9887056	2.157	102.13122
32832	10369	4	0	50.4712944	3.814	102.13122
32833	10369	3	0	51.1767056	3.814	100
32834	10369	3	0	48.2832944	5.471	100
32835	10369	4	0	48.9887056	5.471	102.13122
32836	10369	4	0	50.4712944	7.128	102.13122
32837	10369	3	0	51.1767056	7.128	100
32838	10369	3	0	48.2832944	8.785	100
32839	10369	4	0	48.9887056	8.785	102.13122
32840	10369	4	0	50.4712944	10.442	102.13122
32841	10369	3	0	51.1767056	10.442	100
32842	10369	3	0	48.2832944	12.099	100
32843	10369	4	0	48.9887056	12.099	102.13122
32844	10369	4	0	50.4712944	13.756	102.13122
32845	10369	3	0	51.1767056	13.756	100
32846	10369	3	0	48.2832944	15.413	100
32847	10369	4	0	48.9887056	15.413	102.13122
32848	10369	4	0	50.4712944	17.07	102.13122
32849	10369	3	0	51.1767056	17.07	100
32850	10369	3	0	48.2832944	18.727	100
32851	10369	4	0	48.9887056	18.727	102.13122
32852	10369	4	0	50.4712944	20.384	102.13122
32853	10369	3	0	51.1767056	20.384	100
32854	10369	3	0	48.2832944	22.041	100
32855	10369	4	0	48.9887056	22.041	102.13122
32856	10369	4	0	50.4712944	23.698	102.13122
32857	10369	3	0	51.1767056	23.698	100
32858	10369	3	0	48.2832944	25.355	100
32859	10369	4	0	48.9887056	25.355	102.13122
32860	10369	4	0	50.4712944	27.012	102.13122
32861	10369	3	0	51.1767056	27.012	100
32862	10369	3	0	48.2832944	28.669	100
32863	10369	4	0	48.9887056	28.669	102.13122
32864	10369	4	0	50.4712944	30.326	102.13122
32865	10369	3	0	51.1767056	30.326	100
32866	10369	3	0	48.2832944	31.983	100
32867	10369	4	0	48.9887056	31.983	102.13122
32868	10369	4	0	50.4712944	33.64	102.13122
32869	10369	3	0	51.1767056	33.64	100
32870	10369	3	0	48.2832944	35.297	100
32871	10369	4	0	48.9887056	35.297	102.13122
32872	10369	4	0	50.4712944	36.954	102.13122
32873	10369	3	0	51.1767056	36.954	100
32874	10369	3	0	48.2832944	38.611	100
32875	10369	4	0	48.9887056	38.611	102.13122
32876	10369	4	0	50.4712944	40.268	102.13122
32877	10369	3	0	51.1767056	40.268	100
32878	10369	3	0	48.2832944	41.925	100
32879	10369	4	0	48.9887056	41.925	102.13122
32880	10369	4	0	50.4712944	43.582	102.13122
32881	10369	3	0	51.1767056	43.582	100
32882	10369	3	0	48.2832944	45.239	100
32883	10369	4	0	48.9887056	45.239	102.13122
32884	10369	4	0	50.4712944	46.896	102.13122
32885	10369	3	0	51.1767056	46.896	100
32886	10369	3	0	48.2832944	48.553	100
32887	10369	4	0	48.9887056	48.553	102.13122
32888	10369	4	0	50.4712944	50.21	102.13122
32889	10369	3	0	51.1767056	50.21	100
32890	10369	3	0	48.2832944	51.867	100
32891	10369	4	0	48.9887056	51.867	102.13122
32892	10369	4	0	50.4712944	53.524	102.13122
32893	10369	3	0	51.1767056	53.524	100
32894	10369	3	0	48.2832944	55.181	100
32895	10369	4	0	48.9887056	55.181	102.13122
32896	10369	4	0	50.4712944	56.838	102.13122
32897	10369	3	0	51.1767056	56.838	100
32898	10369	3	0	48.2832944	58.495	100
32899	10369	4	0	48.9887056	58.495	102.13122
32900	10369	4	0	50.4712944	60.152	102.13122
32901	10369	3	0	51.1767056	60.152	100
32902	10369	3	0	52.6592944	2.157	100
32903	10369	4	0	53.3647056	2.157	102.13122
32904	10369	4	0	54.8472944	3.814	102.13122
32905	10369	3	0	55.5527056	3.814	100
32906	10369	3	0	52.6592944	5.471	100
32907	10369	4	0	53.3647056	5.471	102.13122
32908	10369	4	0	54.8472944	7.128	102.13122
32909	10369	3	0	55.5527056	7.128	100
32910	10369	3	0	52.6592944	8.785	100
32911	10369	4	0	53.3647056	8.785	102.13122
32912	10369	4	0	54.8472944	10.442	102.13122
32913	10369	3	0	55.5527056	10.442	100
32914	10369	3	0	52.6592944	12.099	100
32915	10369	4	0	53.3647056	12.099	102.13122
32916	10369	4	0	54.8472944	13.756	102.13122
32917	10369	3	0	55.5527056	13.756	100
32918	10369	3	0	52.6592944	15.413	100
32919	10369	4	0	53.3647056	15.413	102.13122
32920	10369	4	0	54.8472944	17.07	102.13122
32921	10369	3	0	55.5527056	17.07	100
32922	10369	3	0	52.6592944	18.727	100
32923	10369	4	0	53.3647056	18.727	102.13122
32924	10369	4	0	54.8472944	20.384	102.13122
32925	10369	3	0	55.5527056	20.384	100
32926	10369	3	0	52.6592944	22.041	100
32927	10369	4	0	53.3647056	22.041	102.13122
32928	10369	4	0	54.8472944	23.698	102.13122
32929	10369	3	0	55.5527056	23.698	100
32930	10369	3	0	52.6592944	25.355	100
32931	10369	4	0	53.3647056	25.355	102.13122
32932	10369	4	0	54.8472944	27.012	102.13122
32933	10369	3	0	55.5527056	27.012	100
32934	10369	3	0	52.6592944	28.669	100
32935	10369	4	0	53.3647056	28.669	102.13122
32936	10369	4	0	54.8472944	30.326	102.13122
32937	10369	3	0	55.5527056	30.326	100
32938	10369	3	0	52.6592944	31.983	100
32939	10369	4	0	53.3647056	31.983	102.13122
32940	10369	4	0	54.8472944	33.64	102.13122
32941	10369	3	0	55.5527056	33.64	100
32942	10369	3	0	52.6592944	35.297	100
32943	10369	4	0	53.3647056	35.297	102.13122
32944	10369	4	0	54.8472944	36.954	102.13122
32945	10369	3	0	55.5527056	36.954	100
32946	10369	3	0	52.6592944	38.611	100
32947	10369	4	0	53.3647056	38.611	102.13122
32948	10369	4	0	54.8472944	40.268	102.13122
32949	10369	3	0	55.5527056	40.268	100
32950	10369	3	0	52.6592944	41.925	100
32951	10369	4	0	53.3647056	41.925	102.13122
32952	10369	4	0	54.8472944	43.582	102.13122
32953	10369	3	0	55.5527056	43.582	100
32954	10369	3	0	52.6592944	45.239	100
32955	10369	4	0	53.3647056	45.239	102.13122
32956	10369	4	0	54.8472944	46.896	102.13122
32957	10369	3	0	55.5527056	46.896	100
32958	10369	3	0	52.6592944	48.553	100
32959	10369	4	0	53.3647056	48.553	102.13122
32960	10369	4	0	54.8472944	50.21	102.13122
32961	10369	3	0	55.5527056	50.21	100
32962	10369	3	0	52.6592944	51.867	100
32963	10369	4	0	53.3647056	51.867	102.13122
32964	10369	4	0	54.8472944	53.524	102.13122
32965	10369	3	0	55.5527056	53.524	100
32966	10369	3	0	52.6592944	55.181	100
32967	10369	4	0	53.3647056	55.181	102.13122
32968	10369	4	0	54.8472944	56.838	102.13122
32969	10369	3	0	55.5527056	56.838	100
32970	10369	3	0	52.6592944	58.495	100
32971	10369	4	0	53.3647056	58.495	102.13122
32972	10369	4	0	54.8472944	60.152	102.13122
32973	10369	3	0	55.5527056	60.152	100
