37645 12549 3 0 0 0 0
37646 12549 3 0 -1.228024 0.709 0
37647 12549 3 0 -1.228024 2.127 0
37648 12549 3 0 0 2.836 0
37649 12549 3 0 2.456048 0 0
37650 12549 3 0 1.228024 0.709 0
37651 12549 3 0 1.228024 2.127 0
37652 12549 3 0 2.456048 2.836 0
37653 12549 3 0 4.912096 0 0
37654 12549 3 0 3.684072 0.709 0
37655 12549 3 0 3.684072 2.127 0
37656 12549 3 0 4.912096 2.836 0
37657 12549 3 0 7.368144 0 0
37658 12549 3 0 6.14012 0.709 0
37659 12549 3 0 6.14012 2.127 0
37660 12549 3 0 7.368144 2.836 0
37661 12549 3 0 9.824192 0 0
37662 12549 3 0 8.596169 0.709 0
37663 12549 3 0 8.596169 2.127 0
37664 12549 3 0 9.824192 2.836 0
37665 12549 3 0 12.28024 0 0
37666 12549 3 0 11.052217 0.709 0
37667 12549 3 0 11.052217 2.127 0
37668 12549 3 0 12.28024 2.836 0
37669 12549 3 0 14.736288 0 0
37670 12549 3 0 13.508265 0.709 0
37671 12549 3 0 13.508265 2.127 0
37672 12549 3 0 14.736288 2.836 0
37673 12549 3 0 17.192337 0 0
37674 12549 3 0 15.964313 0.709 0
37675 12549 3 0 15.964313 2.127 0
37676 12549 3 0 17.192337 2.836 0
37677 12549 3 0 19.648384 0 0
37678 12549 3 0 18.420361 0.709 0
37679 12549 3 0 18.420361 2.127 0
37680 12549 3 0 19.648384 2.836 0
37681 12549 3 0 22.104433 0 0
37682 12549 3 0 20.876408 0.709 0
37683 12549 3 0 20.876408 2.127 0
37684 12549 3 0 22.104433 2.836 0
37685 12549 3 0 24.56048 0 0
37686 12549 3 0 23.332457 0.709 0
37687 12549 3 0 23.332457 2.127 0
37688 12549 3 0 24.56048 2.836 0
37689 12549 3 0 27.016529 0 0
37690 12549 3 0 25.788504 0.709 0
37691 12549 3 0 25.788504 2.127 0
37692 12549 3 0 27.016529 2.836 0
37693 12549 3 0 29.472576 0 0
37694 12549 3 0 28.244553 0.709 0
37695 12549 3 0 28.244553 2.127 0
37696 12549 3 0 29.472576 2.836 0
37697 12549 3 0 31.928625 0 0
37698 12549 3 0 30.7006 0.709 0
37699 12549 3 0 30.7006 2.127 0
37700 12549 3 0 31.928625 2.836 0
37701 12549 3 0 34.384674 0 0
37702 12549 3 0 33.156647 0.709 0
37703 12549 3 0 33.156647 2.127 0
37704 12549 3 0 34.384674 2.836 0
37705 12549 3 0 36.840721 0 0
37706 12549 3 0 35.612698 0.709 0
37707 12549 3 0 35.612698 2.127 0
37708 12549 3 0 36.840721 2.836 0
37709 12549 3 0 39.296768 0 0
37710 12549 3 0 38.068745 0.709 0
37711 12549 3 0 38.068745 2.127 0
37712 12549 3 0 39.296768 2.836 0
37713 12549 3 0 41.752815 0 0
37714 12549 3 0 40.524792 0.709 0
37715 12549 3 0 40.524792 2.127 0
37716 12549 3 0 41.752815 2.836 0
37717 12549 3 0 44.208866 0 0
37718 12549 3 0 42.980843 0.709 0
37719 12549 3 0 42.980843 2.127 0
37720 12549 3 0 44.208866 2.836 0
37721 12549 3 0 46.664913 0 0
37722 12549 3 0 45.43689 0.709 0
37723 12549 3 0 45.43689 2.127 0
37724 12549 3 0 46.664913 2.836 0
37725 12549 3 0 49.12096 0 0
37726 12549 3 0 47.892937 0.709 0
37727 12549 3 0 47.892937 2.127 0
37728 12549 3 0 49.12096 2.836 0
37729 12549 3 0 51.577007 0 0
37730 12549 3 0 50.348984 0.709 0
37731 12549 3 0 50.348984 2.127 0
37732 12549 3 0 51.577007 2.836 0
37733 12549 3 0 54.033058 0 0
37734 12549 3 0 52.805035 0.709 0
37735 12549 3 0 52.805035 2.127 0
37736 12549 3 0 54.033058 2.836 0
37737 12549 3 0 56.489105 0 0
37738 12549 3 0 55.261082 0.709 0
37739 12549 3 0 55.261082 2.127 0
37740 12549 3 0 56.489105 2.836 0
37741 12549 3 0 58.945152 0 0
37742 12549 3 0 57.717129 0.709 0
37743 12549 3 0 57.717129 2.127 0
37744 12549 3 0 58.945152 2.836 0
37745 12549 3 0 0 4.254 0
37746 12549 3 0 -1.228024 4.963 0
37747 12549 3 0 -1.228024 6.381 0
37748 12549 3 0 0 7.09 0
37749 12549 3 0 2.456048 4.254 0
37750 12549 3 0 1.228024 4.963 0
37751 12549 3 0 1.228024 6.381 0
37752 12549 3 0 2.456048 7.09 0
37753 12549 3 0 4.912096 4.254 0
37754 12549 3 0 3.684072 4.963 0
37755 12549 3 0 3.684072 6.381 0
37756 12549 3 0 4.912096 7.09 0
37757 12549 3 0 7.368144 4.254 0
37758 12549 3 0 6.14012 4.963 0
37759 12549 3 0 6.14012 6.381 0
37760 12549 3 0 7.368144 7.09 0
37761 12549 3 0 9.824192 4.254 0
37762 12549 3 0 8.596169 4.963 0
37763 12549 3 0 8.596169 6.381 0
37764 12549 3 0 9.824192 7.09 0
37765 12549 3 0 12.28024 4.254 0
37766 12549 3 0 11.052217 4.963 0
37767 12549 3 0 11.052217 6.381 0
37768 12549 3 0 12.28024 7.09 0
37769 12549 3 0 14.736288 4.254 0
37770 12549 3 0 13.508265 4.963 0
37771 12549 3 0 13.508265 6.381 0
37772 12549 3 0 14.736288 7.09 0
37773 12549 3 0 17.192337 4.254 0
37774 12549 3 0 15.964313 4.963 0
37775 12549 3 0 15.964313 6.381 0
37776 12549 3 0 17.192337 7.09 0
37777 12549 3 0 19.648384 4.254 0
37778 12549 3 0 18.420361 4.963 0
37779 12549 3 0 18.420361 6.381 0
37780 12549 3 0 19.648384 7.09 0
37781 12549 3 0 22.104433 4.254 0
37782 12549 3 0 20.876408 4.963 0
37783 12549 3 0 20.876408 6.381 0
37784 12549 3 0 22.104433 7.09 0
37785 12549 3 0 24.56048 4.254 0
37786 12549 3 0 23.332457 4.963 0
37787 12549 3 0 23.332457 6.381 0
37788 12549 3 0 24.56048 7.09 0
37789 12549 3 0 27.016529 4.254 0
37790 12549 3 0 25.788504 4.963 0
37791 12549 3 0 25.788504 6.381 0
37792 12549 3 0 27.016529 7.09 0
37793 12549 3 0 29.472576 4.254 0
37794 12549 3 0 28.244553 4.963 0
37795 12549 3 0 28.244553 6.381 0
37796 12549 3 0 29.472576 7.09 0
37797 12549 3 0 31.928625 4.254 0
37798 12549 3 0 30.7006 4.963 0
37799 12549 3 0 30.7006 6.381 0
37800 12549 3 0 31.928625 7.09 0
37801 12549 3 0 34.384674 4.254 0
37802 12549 3 0 33.156647 4.963 0
37803 12549 3 0 33.156647 6.381 0
37804 12549 3 0 34.384674 7.09 0
37805 12549 3 0 36.840721 4.254 0
37806 12549 3 0 35.612698 4.963 0
37807 12549 3 0 35.612698 6.381 0
37808 12549 3 0 36.840721 7.09 0
37809 12549 3 0 39.296768 4.254 0
37810 12549 3 0 38.068745 4.963 0
37811 12549 3 0 38.068745 6.381 0
37812 12549 3 0 39.296768 7.09 0
37813 12549 3 0 41.752815 4.254 0
37814 12549 3 0 40.524792 4.963 0
37815 12549 3 0 40.524792 6.381 0
37816 12549 3 0 41.752815 7.09 0
37817 12549 3 0 44.208866 4.254 0
37818 12549 3 0 42.980843 4.963 0
37819 12549 3 0 42.980843 6.381 0
37820 12549 3 0 44.208866 7.09 0
37821 12549 3 0 46.664913 4.254 0
37822 12549 3 0 45.43689 4.963 0
37823 12549 3 0 45.43689 6.381 0
37824 12549 3 0 46.664913 7.09 0
37825 12549 3 0 49.12096 4.254 0
37826 12549 3 0 47.892937 4.963 0
37827 12549 3 0 47.892937 6.381 0
37828 12549 3 0 49.12096 7.09 0
37829 12549 3 0 51.577007 4.254 0
37830 12549 3 0 50.348984 4.963 0
37831 12549 3 0 50.348984 6.381 0
37832 12549 3 0 51.577007 7.09 0
37833 12549 3 0 54.033058 4.254 0
37834 12549 3 0 52.805035 4.963 0
37835 12549 3 0 52.805035 6.381 0
37836 12549 3 0 54.033058 7.09 0
37837 12549 3 0 56.489105 4.254 0
37838 12549 3 0 55.261082 4.963 0
37839 12549 3 0 55.261082 6.381 0
37840 12549 3 0 56.489105 7.09 0
37841 12549 3 0 58.945152 4.254 0
37842 12549 3 0 57.717129 4.963 0
37843 12549 3 0 57.717129 6.381 0
37844 12549 3 0 58.945152 7.09 0
37845 12549 3 0 0 8.508 0
37846 12549 3 0 -1.228024 9.217 0
37847 12549 3 0 -1.228024 10.635 0
37848 12549 3 0 0 11.344 0
37849 12549 3 0 2.456048 8.508 0
37850 12549 3 0 1.228024 9.217 0
37851 12549 3 0 1.228024 10.635 0
37852 12549 3 0 2.456048 11.344 0
37853 12549 3 0 4.912096 8.508 0
37854 12549 3 0 3.684072 9.217 0
37855 12549 3 0 3.684072 10.635 0
37856 12549 3 0 4.912096 11.344 0
37857 12549 3 0 7.368144 8.508 0
37858 12549 3 0 6.14012 9.217 0
37859 12549 3 0 6.14012 10.635 0
37860 12549 3 0 7.368144 11.344 0
37861 12549 3 0 9.824192 8.508 0
37862 12549 3 0 8.596169 9.217 0
37863 12549 3 0 8.596169 10.635 0
37864 12549 3 0 9.824192 11.344 0
37865 12549 3 0 12.28024 8.508 0
37866 12549 3 0 11.052217 9.217 0
37867 12549 3 0 11.052217 10.635 0
37868 12549 3 0 12.28024 11.344 0
37869 12549 3 0 14.736288 8.508 0
37870 12549 3 0 13.508265 9.217 0
37871 12549 3 0 13.508265 10.635 0
37872 12549 3 0 14.736288 11.344 0
37873 12549 3 0 17.192337 8.508 0
37874 12549 3 0 15.964313 9.217 0
37875 12549 3 0 15.964313 10.635 0
37876 12549 3 0 17.192337 11.344 0
37877 12549 3 0 19.648384 8.508 0
37878 12549 3 0 18.420361 9.217 0
37879 12549 3 0 18.420361 10.635 0
37880 12549 3 0 19.648384 11.344 0
37881 12549 3 0 22.104433 8.508 0
37882 12549 3 0 20.876408 9.217 0
37883 12549 3 0 20.876408 10.635 0
37884 12549 3 0 22.104433 11.344 0
37885 12549 3 0 24.56048 8.508 0
37886 12549 3 0 23.332457 9.217 0
37887 12549 3 0 23.332457 10.635 0
37888 12549 3 0 24.56048 11.344 0
37889 12549 3 0 27.016529 8.508 0
37890 12549 3 0 25.788504 9.217 0
37891 12549 3 0 25.788504 10.635 0
37892 12549 3 0 27.016529 11.344 0
37893 12549 3 0 29.472576 8.508 0
37894 12549 3 0 28.244553 9.217 0
37895 12549 3 0 28.244553 10.635 0
37896 12549 3 0 29.472576 11.344 0
37897 12549 3 0 31.928625 8.508 0
37898 12549 3 0 30.7006 9.217 0
37899 12549 3 0 30.7006 10.635 0
37900 12549 3 0 31.928625 11.344 0
37901 12549 3 0 34.384674 8.508 0
37902 12549 3 0 33.156647 9.217 0
37903 12549 3 0 33.156647 10.635 0
37904 12549 3 0 34.384674 11.344 0
37905 12549 3 0 36.840721 8.508 0
37906 12549 3 0 35.612698 9.217 0
37907 12549 3 0 35.612698 10.635 0
37908 12549 3 0 36.840721 11.344 0
37909 12549 3 0 39.296768 8.508 0
37910 12549 3 0 38.068745 9.217 0
37911 12549 3 0 38.068745 10.635 0
37912 12549 3 0 39.296768 11.344 0
37913 12549 3 0 41.752815 8.508 0
37914 12549 3 0 40.524792 9.217 0
37915 12549 3 0 40.524792 10.635 0
37916 12549 3 0 41.752815 11.344 0
37917 12549 3 0 44.208866 8.508 0
37918 12549 3 0 42.980843 9.217 0
37919 12549 3 0 42.980843 10.635 0
37920 12549 3 0 44.208866 11.344 0
37921 12549 3 0 46.664913 8.508 0
37922 12549 3 0 45.43689 9.217 0
37923 12549 3 0 45.43689 10.635 0
37924 12549 3 0 46.664913 11.344 0
37925 12549 3 0 49.12096 8.508 0
37926 12549 3 0 47.892937 9.217 0
37927 12549 3 0 47.892937 10.635 0
37928 12549 3 0 49.12096 11.344 0
37929 12549 3 0 51.577007 8.508 0
37930 12549 3 0 50.348984 9.217 0
37931 12549 3 0 50.348984 10.635 0
37932 12549 3 0 51.577007 11.344 0
37933 12549 3 0 54.033058 8.508 0
37934 12549 3 0 52.805035 9.217 0
37935 12549 3 0 52.805035 10.635 0
37936 12549 3 0 54.033058 11.344 0
37937 12549 3 0 56.489105 8.508 0
37938 12549 3 0 55.261082 9.217 0
37939 12549 3 0 55.261082 10.635 0
37940 12549 3 0 56.489105 11.344 0
37941 12549 3 0 58.945152 8.508 0
37942 12549 3 0 57.717129 9.217 0
37943 12549 3 0 57.717129 10.635 0
37944 12549 3 0 58.945152 11.344 0
37945 12549 3 0 0 12.762 0
37946 12549 3 0 -1.228024 13.471 0
37947 12549 3 0 -1.228024 14.889 0
37948 12549 3 0 0 15.598 0
37949 12549 3 0 2.456048 12.762 0
37950 12549 3 0 1.228024 13.471 0
37951 12549 3 0 1.228024 14.889 0
37952 12549 3 0 2.456048 15.598 0
37953 12549 3 0 4.912096 12.762 0
37954 12549 3 0 3.684072 13.471 0
37955 12549 3 0 3.684072 14.889 0
37956 12549 3 0 4.912096 15.598 0
37957 12549 3 0 7.368144 12.762 0
37958 12549 3 0 6.14012 13.471 0
37959 12549 3 0 6.14012 14.889 0
37960 12549 3 0 7.368144 15.598 0
37961 12549 3 0 9.824192 12.762 0
37962 12549 3 0 8.596169 13.471 0
37963 12549 3 0 8.596169 14.889 0
37964 12549 3 0 9.824192 15.598 0
37965 12549 3 0 12.28024 12.762 0
37966 12549 3 0 11.052217 13.471 0
37967 12549 3 0 11.052217 14.889 0
37968 12549 3 0 12.28024 15.598 0
37969 12549 3 0 14.736288 12.762 0
37970 12549 3 0 13.508265 13.471 0
37971 12549 3 0 13.508265 14.889 0
37972 12549 3 0 14.736288 15.598 0
37973 12549 3 0 17.192337 12.762 0
37974 12549 3 0 15.964313 13.471 0
37975 12549 3 0 15.964313 14.889 0
37976 12549 3 0 17.192337 15.598 0
37977 12549 3 0 19.648384 12.762 0
37978 12549 3 0 18.420361 13.471 0
37979 12549 3 0 18.420361 14.889 0
37980 12549 3 0 19.648384 15.598 0
37981 12549 3 0 22.104433 12.762 0
37982 12549 3 0 20.876408 13.471 0
37983 12549 3 0 20.876408 14.889 0
37984 12549 3 0 22.104433 15.598 0
37985 12549 3 0 24.56048 12.762 0
37986 12549 3 0 23.332457 13.471 0
37987 12549 3 0 23.332457 14.889 0
37988 12549 3 0 24.56048 15.598 0
37989 12549 3 0 27.016529 12.762 0
37990 12549 3 0 25.788504 13.471 0
37991 12549 3 0 25.788504 14.889 0
37992 12549 3 0 27.016529 15.598 0
37993 12549 3 0 29.472576 12.762 0
37994 12549 3 0 28.244553 13.471 0
37995 12549 3 0 28.244553 14.889 0
37996 12549 3 0 29.472576 15.598 0
37997 12549 3 0 31.928625 12.762 0
37998 12549 3 0 30.7006 13.471 0
37999 12549 3 0 30.7006 14.889 0
38000 12549 3 0 31.928625 15.598 0
38001 12549 3 0 34.384674 12.762 0
38002 12549 3 0 33.156647 13.471 0
38003 12549 3 0 33.156647 14.889 0
38004 12549 3 0 34.384674 15.598 0
38005 12549 3 0 36.840721 12.762 0
38006 12549 3 0 35.612698 13.471 0
38007 12549 3 0 35.612698 14.889 0
38008 12549 3 0 36.840721 15.598 0
38009 12549 3 0 39.296768 12.762 0
38010 12549 3 0 38.068745 13.471 0
38011 12549 3 0 38.068745 14.889 0
38012 12549 3 0 39.296768 15.598 0
38013 12549 3 0 41.752815 12.762 0
38014 12549 3 0 40.524792 13.471 0
38015 12549 3 0 40.524792 14.889 0
38016 12549 3 0 41.752815 15.598 0
38017 12549 3 0 44.208866 12.762 0
38018 12549 3 0 42.980843 13.471 0
38019 12549 3 0 42.980843 14.889 0
38020 12549 3 0 44.208866 15.598 0
38021 12549 3 0 46.664913 12.762 0
38022 12549 3 0 45.43689 13.471 0
38023 12549 3 0 45.43689 14.889 0
38024 12549 3 0 46.664913 15.598 0
38025 12549 3 0 49.12096 12.762 0
38026 12549 3 0 47.892937 13.471 0
38027 12549 3 0 47.892937 14.889 0
38028 12549 3 0 49.12096 15.598 0
38029 12549 3 0 51.577007 12.762 0
38030 12549 3 0 50.348984 13.471 0
38031 12549 3 0 50.348984 14.889 0
38032 12549 3 0 51.577007 15.598 0
38033 12549 3 0 54.033058 12.762 0
38034 12549 3 0 52.805035 13.471 0
38035 12549 3 0 52.805035 14.889 0
38036 12549 3 0 54.033058 15.598 0
38037 12549 3 0 56.489105 12.762 0
38038 12549 3 0 55.261082 13.471 0
38039 12549 3 0 55.261082 14.889 0
38040 12549 3 0 56.489105 15.598 0
38041 12549 3 0 58.945152 12.762 0
38042 12549 3 0 57.717129 13.471 0
38043 12549 3 0 57.717129 14.889 0
38044 12549 3 0 58.945152 15.598 0
38045 12549 3 0 0 17.016001 0
38046 12549 3 0 -1.228024 17.725 0
38047 12549 3 0 -1.228024 19.143 0
38048 12549 3 0 0 19.851999 0
38049 12549 3 0 2.456048 17.016001 0
38050 12549 3 0 1.228024 17.725 0
38051 12549 3 0 1.228024 19.143 0
38052 12549 3 0 2.456048 19.851999 0
38053 12549 3 0 4.912096 17.016001 0
38054 12549 3 0 3.684072 17.725 0
38055 12549 3 0 3.684072 19.143 0
38056 12549 3 0 4.912096 19.851999 0
38057 12549 3 0 7.368144 17.016001 0
38058 12549 3 0 6.14012 17.725 0
38059 12549 3 0 6.14012 19.143 0
38060 12549 3 0 7.368144 19.851999 0
38061 12549 3 0 9.824192 17.016001 0
38062 12549 3 0 8.596169 17.725 0
38063 12549 3 0 8.596169 19.143 0
38064 12549 3 0 9.824192 19.851999 0
38065 12549 3 0 12.28024 17.016001 0
38066 12549 3 0 11.052217 17.725 0
38067 12549 3 0 11.052217 19.143 0
38068 12549 3 0 12.28024 19.851999 0
38069 12549 3 0 14.736288 17.016001 0
38070 12549 3 0 13.508265 17.725 0
38071 12549 3 0 13.508265 19.143 0
38072 12549 3 0 14.736288 19.851999 0
38073 12549 3 0 17.192337 17.016001 0
38074 12549 3 0 15.964313 17.725 0
38075 12549 3 0 15.964313 19.143 0
38076 12549 3 0 17.192337 19.851999 0
38077 12549 3 0 19.648384 17.016001 0
38078 12549 3 0 18.420361 17.725 0
38079 12549 3 0 18.420361 19.143 0
38080 12549 3 0 19.648384 19.851999 0
38081 12549 3 0 22.104433 17.016001 0
38082 12549 3 0 20.876408 17.725 0
38083 12549 3 0 20.876408 19.143 0
38084 12549 3 0 22.104433 19.851999 0
38085 12549 3 0 24.56048 17.016001 0
38086 12549 3 0 23.332457 17.725 0
38087 12549 3 0 23.332457 19.143 0
38088 12549 3 0 24.56048 19.851999 0
38089 12549 3 0 27.016529 17.016001 0
38090 12549 3 0 25.788504 17.725 0
38091 12549 3 0 25.788504 19.143 0
38092 12549 3 0 27.016529 19.851999 0
38093 12549 3 0 29.472576 17.016001 0
38094 12549 3 0 28.244553 17.725 0
38095 12549 3 0 28.244553 19.143 0
38096 12549 3 0 29.472576 19.851999 0
38097 12549 3 0 31.928625 17.016001 0
38098 12549 3 0 30.7006 17.725 0
38099 12549 3 0 30.7006 19.143 0
38100 12549 3 0 31.928625 19.851999 0
38101 12549 3 0 34.384674 17.016001 0
38102 12549 3 0 33.156647 17.725 0
38103 12549 3 0 33.156647 19.143 0
38104 12549 3 0 34.384674 19.851999 0
38105 12549 3 0 36.840721 17.016001 0
38106 12549 3 0 35.612698 17.725 0
38107 12549 3 0 35.612698 19.143 0
38108 12549 3 0 36.840721 19.851999 0
38109 12549 3 0 39.296768 17.016001 0
38110 12549 3 0 38.068745 17.725 0
38111 12549 3 0 38.068745 19.143 0
38112 12549 3 0 39.296768 19.851999 0
38113 12549 3 0 41.752815 17.016001 0
38114 12549 3 0 40.524792 17.725 0
38115 12549 3 0 40.524792 19.143 0
38116 12549 3 0 41.752815 19.851999 0
38117 12549 3 0 44.208866 17.016001 0
38118 12549 3 0 42.980843 17.725 0
38119 12549 3 0 42.980843 19.143 0
38120 12549 3 0 44.208866 19.851999 0
38121 12549 3 0 46.664913 17.016001 0
38122 12549 3 0 45.43689 17.725 0
38123 12549 3 0 45.43689 19.143 0
38124 12549 3 0 46.664913 19.851999 0
38125 12549 3 0 49.12096 17.016001 0
38126 12549 3 0 47.892937 17.725 0
38127 12549 3 0 47.892937 19.143 0
38128 12549 3 0 49.12096 19.851999 0
38129 12549 3 0 51.577007 17.016001 0
38130 12549 3 0 50.348984 17.725 0
38131 12549 3 0 50.348984 19.143 0
38132 12549 3 0 51.577007 19.851999 0
38133 12549 3 0 54.033058 17.016001 0
38134 12549 3 0 52.805035 17.725 0
38135 12549 3 0 52.805035 19.143 0
38136 12549 3 0 54.033058 19.851999 0
38137 12549 3 0 56.489105 17.016001 0
38138 12549 3 0 55.261082 17.725 0
38139 12549 3 0 55.261082 19.143 0
38140 12549 3 0 56.489105 19.851999 0
38141 12549 3 0 58.945152 17.016001 0
38142 12549 3 0 57.717129 17.725 0
38143 12549 3 0 57.717129 19.143 0
38144 12549 3 0 58.945152 19.851999 0
38145 12549 3 0 0 21.27 0
38146 12549 3 0 -1.228024 21.979 0
38147 12549 3 0 -1.228024 23.396999 0
38148 12549 3 0 0 24.106001 0
38149 12549 3 0 2.456048 21.27 0
38150 12549 3 0 1.228024 21.979 0
38151 12549 3 0 1.228024 23.396999 0
38152 12549 3 0 2.456048 24.106001 0
38153 12549 3 0 4.912096 21.27 0
38154 12549 3 0 3.684072 21.979 0
38155 12549 3 0 3.684072 23.396999 0
38156 12549 3 0 4.912096 24.106001 0
38157 12549 3 0 7.368144 21.27 0
38158 12549 3 0 6.14012 21.979 0
38159 12549 3 0 6.14012 23.396999 0
38160 12549 3 0 7.368144 24.106001 0
38161 12549 3 0 9.824192 21.27 0
38162 12549 3 0 8.596169 21.979 0
38163 12549 3 0 8.596169 23.396999 0
38164 12549 3 0 9.824192 24.106001 0
38165 12549 3 0 12.28024 21.27 0
38166 12549 3 0 11.052217 21.979 0
38167 12549 3 0 11.052217 23.396999 0
38168 12549 3 0 12.28024 24.106001 0
38169 12549 3 0 14.736288 21.27 0
38170 12549 3 0 13.508265 21.979 0
38171 12549 3 0 13.508265 23.396999 0
38172 12549 3 0 14.736288 24.106001 0
38173 12549 3 0 17.192337 21.27 0
38174 12549 3 0 15.964313 21.979 0
38175 12549 3 0 15.964313 23.396999 0
38176 12549 3 0 17.192337 24.106001 0
38177 12549 3 0 19.648384 21.27 0
38178 12549 3 0 18.420361 21.979 0
38179 12549 3 0 18.420361 23.396999 0
38180 12549 3 0 19.648384 24.106001 0
38181 12549 3 0 22.104433 21.27 0
38182 12549 3 0 20.876408 21.979 0
38183 12549 3 0 20.876408 23.396999 0
38184 12549 3 0 22.104433 24.106001 0
38185 12549 3 0 24.56048 21.27 0
38186 12549 3 0 23.332457 21.979 0
38187 12549 3 0 23.332457 23.396999 0
38188 12549 3 0 24.56048 24.106001 0
38189 12549 3 0 27.016529 21.27 0
38190 12549 3 0 25.788504 21.979 0
38191 12549 3 0 25.788504 23.396999 0
38192 12549 3 0 27.016529 24.106001 0
38193 12549 3 0 29.472576 21.27 0
38194 12549 3 0 28.244553 21.979 0
38195 12549 3 0 28.244553 23.396999 0
38196 12549 3 0 29.472576 24.106001 0
38197 12549 3 0 31.928625 21.27 0
38198 12549 3 0 30.7006 21.979 0
38199 12549 3 0 30.7006 23.396999 0
38200 12549 3 0 31.928625 24.106001 0
38201 12549 3 0 34.384674 21.27 0
38202 12549 3 0 33.156647 21.979 0
38203 12549 3 0 33.156647 23.396999 0
38204 12549 3 0 34.384674 24.106001 0
38205 12549 3 0 36.840721 21.27 0
38206 12549 3 0 35.612698 21.979 0
38207 12549 3 0 35.612698 23.396999 0
38208 12549 3 0 36.840721 24.106001 0
38209 12549 3 0 39.296768 21.27 0
38210 12549 3 0 38.068745 21.979 0
38211 12549 3 0 38.068745 23.396999 0
38212 12549 3 0 39.296768 24.106001 0
38213 12549 3 0 41.752815 21.27 0
38214 12549 3 0 40.524792 21.979 0
38215 12549 3 0 40.524792 23.396999 0
38216 12549 3 0 41.752815 24.106001 0
38217 12549 3 0 44.208866 21.27 0
38218 12549 3 0 42.980843 21.979 0
38219 12549 3 0 42.980843 23.396999 0
38220 12549 3 0 44.208866 24.106001 0
38221 12549 3 0 46.664913 21.27 0
38222 12549 3 0 45.43689 21.979 0
38223 12549 3 0 45.43689 23.396999 0
38224 12549 3 0 46.664913 24.106001 0
38225 12549 3 0 49.12096 21.27 0
38226 12549 3 0 47.892937 21.979 0
38227 12549 3 0 47.892937 23.396999 0
38228 12549 3 0 49.12096 24.106001 0
38229 12549 3 0 51.577007 21.27 0
38230 12549 3 0 50.348984 21.979 0
38231 12549 3 0 50.348984 23.396999 0
38232 12549 3 0 51.577007 24.106001 0
38233 12549 3 0 54.033058 21.27 0
38234 12549 3 0 52.805035 21.979 0
38235 12549 3 0 52.805035 23.396999 0
38236 12549 3 0 54.033058 24.106001 0
38237 12549 3 0 56.489105 21.27 0
38238 12549 3 0 55.261082 21.979 0
38239 12549 3 0 55.261082 23.396999 0
38240 12549 3 0 56.489105 24.106001 0
38241 12549 3 0 58.945152 21.27 0
38242 12549 3 0 57.717129 21.979 0
38243 12549 3 0 57.717129 23.396999 0
38244 12549 3 0 58.945152 24.106001 0
38245 12549 3 0 0 25.524 0
38246 12549 3 0 -1.228024 26.233 0
38247 12549 3 0 -1.228024 27.650999 0
38248 12549 3 0 0 28.360001 0
38249 12549 3 0 2.456048 25.524 0
38250 12549 3 0 1.228024 26.233 0
38251 12549 3 0 1.228024 27.650999 0
38252 12549 3 0 2.456048 28.360001 0
38253 12549 3 0 4.912096 25.524 0
38254 12549 3 0 3.684072 26.233 0
38255 12549 3 0 3.684072 27.650999 0
38256 12549 3 0 4.912096 28.360001 0
38257 12549 3 0 7.368144 25.524 0
38258 12549 3 0 6.14012 26.233 0
38259 12549 3 0 6.14012 27.650999 0
38260 12549 3 0 7.368144 28.360001 0
38261 12549 3 0 9.824192 25.524 0
38262 12549 3 0 8.596169 26.233 0
38263 12549 3 0 8.596169 27.650999 0
38264 12549 3 0 9.824192 28.360001 0
38265 12549 3 0 12.28024 25.524 0
38266 12549 3 0 11.052217 26.233 0
38267 12549 3 0 11.052217 27.650999 0
38268 12549 3 0 12.28024 28.360001 0
38269 12549 3 0 14.736288 25.524 0
38270 12549 3 0 13.508265 26.233 0
38271 12549 3 0 13.508265 27.650999 0
38272 12549 3 0 14.736288 28.360001 0
38273 12549 3 0 17.192337 25.524 0
38274 12549 3 0 15.964313 26.233 0
38275 12549 3 0 15.964313 27.650999 0
38276 12549 3 0 17.192337 28.360001 0
38277 12549 3 0 19.648384 25.524 0
38278 12549 3 0 18.420361 26.233 0
38279 12549 3 0 18.420361 27.650999 0
38280 12549 3 0 19.648384 28.360001 0
38281 12549 3 0 22.104433 25.524 0
38282 12549 3 0 20.876408 26.233 0
38283 12549 3 0 20.876408 27.650999 0
38284 12549 3 0 22.104433 28.360001 0
38285 12549 3 0 24.56048 25.524 0
38286 12549 3 0 23.332457 26.233 0
38287 12549 3 0 23.332457 27.650999 0
38288 12549 3 0 24.56048 28.360001 0
38289 12549 3 0 27.016529 25.524 0
38290 12549 3 0 25.788504 26.233 0
38291 12549 3 0 25.788504 27.650999 0
38292 12549 3 0 27.016529 28.360001 0
38293 12549 3 0 29.472576 25.524 0
38294 12549 3 0 28.244553 26.233 0
38295 12549 3 0 28.244553 27.650999 0
38296 12549 3 0 29.472576 28.360001 0
38297 12549 3 0 31.928625 25.524 0
38298 12549 3 0 30.7006 26.233 0
38299 12549 3 0 30.7006 27.650999 0
38300 12549 3 0 31.928625 28.360001 0
38301 12549 3 0 34.384674 25.524 0
38302 12549 3 0 33.156647 26.233 0
38303 12549 3 0 33.156647 27.650999 0
38304 12549 3 0 34.384674 28.360001 0
38305 12549 3 0 36.840721 25.524 0
38306 12549 3 0 35.612698 26.233 0
38307 12549 3 0 35.612698 27.650999 0
38308 12549 3 0 36.840721 28.360001 0
38309 12549 3 0 39.296768 25.524 0
38310 12549 3 0 38.068745 26.233 0
38311 12549 3 0 38.068745 27.650999 0
38312 12549 3 0 39.296768 28.360001 0
38313 12549 3 0 41.752815 25.524 0
38314 12549 3 0 40.524792 26.233 0
38315 12549 3 0 40.524792 27.650999 0
38316 12549 3 0 41.752815 28.360001 0
38317 12549 3 0 44.208866 25.524 0
38318 12549 3 0 42.980843 26.233 0
38319 12549 3 0 42.980843 27.650999 0
38320 12549 3 0 44.208866 28.360001 0
38321 12549 3 0 46.664913 25.524 0
38322 12549 3 0 45.43689 26.233 0
38323 12549 3 0 45.43689 27.650999 0
38324 12549 3 0 46.664913 28.360001 0
38325 12549 3 0 49.12096 25.524 0
38326 12549 3 0 47.892937 26.233 0
38327 12549 3 0 47.892937 27.650999 0
38328 12549 3 0 49.12096 28.360001 0
38329 12549 3 0 51.577007 25.524 0
38330 12549 3 0 50.348984 26.233 0
38331 12549 3 0 50.348984 27.650999 0
38332 12549 3 0 51.577007 28.360001 0
38333 12549 3 0 54.033058 25.524 0
38334 12549 3 0 52.805035 26.233 0
38335 12549 3 0 52.805035 27.650999 0
38336 12549 3 0 54.033058 28.360001 0
38337 12549 3 0 56.489105 25.524 0
38338 12549 3 0 55.261082 26.233 0
38339 12549 3 0 55.261082 27.650999 0
38340 12549 3 0 56.489105 28.360001 0
38341 12549 3 0 58.945152 25.524 0
38342 12549 3 0 57.717129 26.233 0
38343 12549 3 0 57.717129 27.650999 0
38344 12549 3 0 58.945152 28.360001 0
38345 12549 3 0 0 29.778 0
38346 12549 3 0 -1.228024 30.487 0
38347 12549 3 0 -1.228024 31.905001 0
38348 12549 3 0 0 32.613998 0
38349 12549 3 0 2.456048 29.778 0
38350 12549 3 0 1.228024 30.487 0
38351 12549 3 0 1.228024 31.905001 0
38352 12549 3 0 2.456048 32.613998 0
38353 12549 3 0 4.912096 29.778 0
38354 12549 3 0 3.684072 30.487 0
38355 12549 3 0 3.684072 31.905001 0
38356 12549 3 0 4.912096 32.613998 0
38357 12549 3 0 7.368144 29.778 0
38358 12549 3 0 6.14012 30.487 0
38359 12549 3 0 6.14012 31.905001 0
38360 12549 3 0 7.368144 32.613998 0
38361 12549 3 0 9.824192 29.778 0
38362 12549 3 0 8.596169 30.487 0
38363 12549 3 0 8.596169 31.905001 0
38364 12549 3 0 9.824192 32.613998 0
38365 12549 3 0 12.28024 29.778 0
38366 12549 3 0 11.052217 30.487 0
38367 12549 3 0 11.052217 31.905001 0
38368 12549 3 0 12.28024 32.613998 0
38369 12549 3 0 14.736288 29.778 0
38370 12549 3 0 13.508265 30.487 0
38371 12549 3 0 13.508265 31.905001 0
38372 12549 3 0 14.736288 32.613998 0
38373 12549 3 0 17.192337 29.778 0
38374 12549 3 0 15.964313 30.487 0
38375 12549 3 0 15.964313 31.905001 0
38376 12549 3 0 17.192337 32.613998 0
38377 12549 3 0 19.648384 29.778 0
38378 12549 3 0 18.420361 30.487 0
38379 12549 3 0 18.420361 31.905001 0
38380 12549 3 0 19.648384 32.613998 0
38381 12549 3 0 22.104433 29.778 0
38382 12549 3 0 20.876408 30.487 0
38383 12549 3 0 20.876408 31.905001 0
38384 12549 3 0 22.104433 32.613998 0
38385 12549 3 0 24.56048 29.778 0
38386 12549 3 0 23.332457 30.487 0
38387 12549 3 0 23.332457 31.905001 0
38388 12549 3 0 24.56048 32.613998 0
38389 12549 3 0 27.016529 29.778 0
38390 12549 3 0 25.788504 30.487 0
38391 12549 3 0 25.788504 31.905001 0
38392 12549 3 0 27.016529 32.613998 0
38393 12549 3 0 29.472576 29.778 0
38394 12549 3 0 28.244553 30.487 0
38395 12549 3 0 28.244553 31.905001 0
38396 12549 3 0 29.472576 32.613998 0
38397 12549 3 0 31.928625 29.778 0
38398 12549 3 0 30.7006 30.487 0
38399 12549 3 0 30.7006 31.905001 0
38400 12549 3 0 31.928625 32.613998 0
38401 12549 3 0 34.384674 29.778 0
38402 12549 3 0 33.156647 30.487 0
38403 12549 3 0 33.156647 31.905001 0
38404 12549 3 0 34.384674 32.613998 0
38405 12549 3 0 36.840721 29.778 0
38406 12549 3 0 35.612698 30.487 0
38407 12549 3 0 35.612698 31.905001 0
38408 12549 3 0 36.840721 32.613998 0
38409 12549 3 0 39.296768 29.778 0
38410 12549 3 0 38.068745 30.487 0
38411 12549 3 0 38.068745 31.905001 0
38412 12549 3 0 39.296768 32.613998 0
38413 12549 3 0 41.752815 29.778 0
38414 12549 3 0 40.524792 30.487 0
38415 12549 3 0 40.524792 31.905001 0
38416 12549 3 0 41.752815 32.613998 0
38417 12549 3 0 44.208866 29.778 0
38418 12549 3 0 42.980843 30.487 0
38419 12549 3 0 42.980843 31.905001 0
38420 12549 3 0 44.208866 32.613998 0
38421 12549 3 0 46.664913 29.778 0
38422 12549 3 0 45.43689 30.487 0
38423 12549 3 0 45.43689 31.905001 0
38424 12549 3 0 46.664913 32.613998 0
38425 12549 3 0 49.12096 29.778 0
38426 12549 3 0 47.892937 30.487 0
38427 12549 3 0 47.892937 31.905001 0
38428 12549 3 0 49.12096 32.613998 0
38429 12549 3 0 51.577007 29.778 0
38430 12549 3 0 50.348984 30.487 0
38431 12549 3 0 50.348984 31.905001 0
38432 12549 3 0 51.577007 32.613998 0
38433 12549 3 0 54.033058 29.778 0
38434 12549 3 0 52.805035 30.487 0
38435 12549 3 0 52.805035 31.905001 0
38436 12549 3 0 54.033058 32.613998 0
38437 12549 3 0 56.489105 29.778 0
38438 12549 3 0 55.261082 30.487 0
38439 12549 3 0 55.261082 31.905001 0
38440 12549 3 0 56.489105 32.613998 0
38441 12549 3 0 58.945152 29.778 0
38442 12549 3 0 57.717129 30.487 0
38443 12549 3 0 57.717129 31.905001 0
38444 12549 3 0 58.945152 32.613998 0
38445 12549 3 0 0 34.032001 0
38446 12549 3 0 -1.228024 34.741001 0
38447 12549 3 0 -1.228024 36.159 0
38448 12549 3 0 0 36.868 0
38449 12549 3 0 2.456048 34.032001 0
38450 12549 3 0 1.228024 34.741001 0
38451 12549 3 0 1.228024 36.159 0
38452 12549 3 0 2.456048 36.868 0
38453 12549 3 0 4.912096 34.032001 0
38454 12549 3 0 3.684072 34.741001 0
38455 12549 3 0 3.684072 36.159 0
38456 12549 3 0 4.912096 36.868 0
38457 12549 3 0 7.368144 34.032001 0
38458 12549 3 0 6.14012 34.741001 0
38459 12549 3 0 6.14012 36.159 0
38460 12549 3 0 7.368144 36.868 0
38461 12549 3 0 9.824192 34.032001 0
38462 12549 3 0 8.596169 34.741001 0
38463 12549 3 0 8.596169 36.159 0
38464 12549 3 0 9.824192 36.868 0
38465 12549 3 0 12.28024 34.032001 0
38466 12549 3 0 11.052217 34.741001 0
38467 12549 3 0 11.052217 36.159 0
38468 12549 3 0 12.28024 36.868 0
38469 12549 3 0 14.736288 34.032001 0
38470 12549 3 0 13.508265 34.741001 0
38471 12549 3 0 13.508265 36.159 0
38472 12549 3 0 14.736288 36.868 0
38473 12549 3 0 17.192337 34.032001 0
38474 12549 3 0 15.964313 34.741001 0
38475 12549 3 0 15.964313 36.159 0
38476 12549 3 0 17.192337 36.868 0
38477 12549 3 0 19.648384 34.032001 0
38478 12549 3 0 18.420361 34.741001 0
38479 12549 3 0 18.420361 36.159 0
38480 12549 3 0 19.648384 36.868 0
38481 12549 3 0 22.104433 34.032001 0
38482 12549 3 0 20.876408 34.741001 0
38483 12549 3 0 20.876408 36.159 0
38484 12549 3 0 22.104433 36.868 0
38485 12549 3 0 24.56048 34.032001 0
38486 12549 3 0 23.332457 34.741001 0
38487 12549 3 0 23.332457 36.159 0
38488 12549 3 0 24.56048 36.868 0
38489 12549 3 0 27.016529 34.032001 0
38490 12549 3 0 25.788504 34.741001 0
38491 12549 3 0 25.788504 36.159 0
38492 12549 3 0 27.016529 36.868 0
38493 12549 3 0 29.472576 34.032001 0
38494 12549 3 0 28.244553 34.741001 0
38495 12549 3 0 28.244553 36.159 0
38496 12549 3 0 29.472576 36.868 0
38497 12549 3 0 31.928625 34.032001 0
38498 12549 3 0 30.7006 34.741001 0
38499 12549 3 0 30.7006 36.159 0
38500 12549 3 0 31.928625 36.868 0
38501 12549 3 0 34.384674 34.032001 0
38502 12549 3 0 33.156647 34.741001 0
38503 12549 3 0 33.156647 36.159 0
38504 12549 3 0 34.384674 36.868 0
38505 12549 3 0 36.840721 34.032001 0
38506 12549 3 0 35.612698 34.741001 0
38507 12549 3 0 35.612698 36.159 0
38508 12549 3 0 36.840721 36.868 0
38509 12549 3 0 39.296768 34.032001 0
38510 12549 3 0 38.068745 34.741001 0
38511 12549 3 0 38.068745 36.159 0
38512 12549 3 0 39.296768 36.868 0
38513 12549 3 0 41.752815 34.032001 0
38514 12549 3 0 40.524792 34.741001 0
38515 12549 3 0 40.524792 36.159 0
38516 12549 3 0 41.752815 36.868 0
38517 12549 3 0 44.208866 34.032001 0
38518 12549 3 0 42.980843 34.741001 0
38519 12549 3 0 42.980843 36.159 0
38520 12549 3 0 44.208866 36.868 0
38521 12549 3 0 46.664913 34.032001 0
38522 12549 3 0 45.43689 34.741001 0
38523 12549 3 0 45.43689 36.159 0
38524 12549 3 0 46.664913 36.868 0
38525 12549 3 0 49.12096 34.032001 0
38526 12549 3 0 47.892937 34.741001 0
38527 12549 3 0 47.892937 36.159 0
38528 12549 3 0 49.12096 36.868 0
38529 12549 3 0 51.577007 34.032001 0
38530 12549 3 0 50.348984 34.741001 0
38531 12549 3 0 50.348984 36.159 0
38532 12549 3 0 51.577007 36.868 0
38533 12549 3 0 54.033058 34.032001 0
38534 12549 3 0 52.805035 34.741001 0
38535 12549 3 0 52.805035 36.159 0
38536 12549 3 0 54.033058 36.868 0
38537 12549 3 0 56.489105 34.032001 0
38538 12549 3 0 55.261082 34.741001 0
38539 12549 3 0 55.261082 36.159 0
38540 12549 3 0 56.489105 36.868 0
38541 12549 3 0 58.945152 34.032001 0
38542 12549 3 0 57.717129 34.741001 0
38543 12549 3 0 57.717129 36.159 0
38544 12549 3 0 58.945152 36.868 0
38545 12549 3 0 0 38.285999 0
38546 12549 3 0 -1.228024 38.994999 0
38547 12549 3 0 -1.228024 40.412998 0
38548 12549 3 0 0 41.122002 0
38549 12549 3 0 2.456048 38.285999 0
38550 12549 3 0 1.228024 38.994999 0
38551 12549 3 0 1.228024 40.412998 0
38552 12549 3 0 2.456048 41.122002 0
38553 12549 3 0 4.912096 38.285999 0
38554 12549 3 0 3.684072 38.994999 0
38555 12549 3 0 3.684072 40.412998 0
38556 12549 3 0 4.912096 41.122002 0
38557 12549 3 0 7.368144 38.285999 0
38558 12549 3 0 6.14012 38.994999 0
38559 12549 3 0 6.14012 40.412998 0
38560 12549 3 0 7.368144 41.122002 0
38561 12549 3 0 9.824192 38.285999 0
38562 12549 3 0 8.596169 38.994999 0
38563 12549 3 0 8.596169 40.412998 0
38564 12549 3 0 9.824192 41.122002 0
38565 12549 3 0 12.28024 38.285999 0
38566 12549 3 0 11.052217 38.994999 0
38567 12549 3 0 11.052217 40.412998 0
38568 12549 3 0 12.28024 41.122002 0
38569 12549 3 0 14.736288 38.285999 0
38570 12549 3 0 13.508265 38.994999 0
38571 12549 3 0 13.508265 40.412998 0
38572 12549 3 0 14.736288 41.122002 0
38573 12549 3 0 17.192337 38.285999 0
38574 12549 3 0 15.964313 38.994999 0
38575 12549 3 0 15.964313 40.412998 0
38576 12549 3 0 17.192337 41.122002 0
38577 12549 3 0 19.648384 38.285999 0
38578 12549 3 0 18.420361 38.994999 0
38579 12549 3 0 18.420361 40.412998 0
38580 12549 3 0 19.648384 41.122002 0
38581 12549 3 0 22.104433 38.285999 0
38582 12549 3 0 20.876408 38.994999 0
38583 12549 3 0 20.876408 40.412998 0
38584 12549 3 0 22.104433 41.122002 0
38585 12549 3 0 24.56048 38.285999 0
38586 12549 3 0 23.332457 38.994999 0
38587 12549 3 0 23.332457 40.412998 0
38588 12549 3 0 24.56048 41.122002 0
38589 12549 3 0 27.016529 38.285999 0
38590 12549 3 0 25.788504 38.994999 0
38591 12549 3 0 25.788504 40.412998 0
38592 12549 3 0 27.016529 41.122002 0
38593 12549 3 0 29.472576 38.285999 0
38594 12549 3 0 28.244553 38.994999 0
38595 12549 3 0 28.244553 40.412998 0
38596 12549 3 0 29.472576 41.122002 0
38597 12549 3 0 31.928625 38.285999 0
38598 12549 3 0 30.7006 38.994999 0
38599 12549 3 0 30.7006 40.412998 0
38600 12549 3 0 31.928625 41.122002 0
38601 12549 3 0 34.384674 38.285999 0
38602 12549 3 0 33.156647 38.994999 0
38603 12549 3 0 33.156647 40.412998 0
38604 12549 3 0 34.384674 41.122002 0
38605 12549 3 0 36.840721 38.285999 0
38606 12549 3 0 35.612698 38.994999 0
38607 12549 3 0 35.612698 40.412998 0
38608 12549 3 0 36.840721 41.122002 0
38609 12549 3 0 39.296768 38.285999 0
38610 12549 3 0 38.068745 38.994999 0
38611 12549 3 0 38.068745 40.412998 0
38612 12549 3 0 39.296768 41.122002 0
38613 12549 3 0 41.752815 38.285999 0
38614 12549 3 0 40.524792 38.994999 0
38615 12549 3 0 40.524792 40.412998 0
38616 12549 3 0 41.752815 41.122002 0
38617 12549 3 0 44.208866 38.285999 0
38618 12549 3 0 42.980843 38.994999 0
38619 12549 3 0 42.980843 40.412998 0
38620 12549 3 0 44.208866 41.122002 0
38621 12549 3 0 46.664913 38.285999 0
38622 12549 3 0 45.43689 38.994999 0
38623 12549 3 0 45.43689 40.412998 0
38624 12549 3 0 46.664913 41.122002 0
38625 12549 3 0 49.12096 38.285999 0
38626 12549 3 0 47.892937 38.994999 0
38627 12549 3 0 47.892937 40.412998 0
38628 12549 3 0 49.12096 41.122002 0
38629 12549 3 0 51.577007 38.285999 0
38630 12549 3 0 50.348984 38.994999 0
38631 12549 3 0 50.348984 40.412998 0
38632 12549 3 0 51.577007 41.122002 0
38633 12549 3 0 54.033058 38.285999 0
38634 12549 3 0 52.805035 38.994999 0
38635 12549 3 0 52.805035 40.412998 0
38636 12549 3 0 54.033058 41.122002 0
38637 12549 3 0 56.489105 38.285999 0
38638 12549 3 0 55.261082 38.994999 0
38639 12549 3 0 55.261082 40.412998 0
38640 12549 3 0 56.489105 41.122002 0
38641 12549 3 0 58.945152 38.285999 0
38642 12549 3 0 57.717129 38.994999 0
38643 12549 3 0 57.717129 40.412998 0
38644 12549 3 0 58.945152 41.122002 0
38645 12549 3 0 0 42.540001 0
38646 12549 3 0 -1.228024 43.249001 0
38647 12549 3 0 -1.228024 44.667 0
38648 12549 3 0 0 45.375999 0
38649 12549 3 0 2.456048 42.540001 0
38650 12549 3 0 1.228024 43.249001 0
38651 12549 3 0 1.228024 44.667 0
38652 12549 3 0 2.456048 45.375999 0
38653 12549 3 0 4.912096 42.540001 0
38654 12549 3 0 3.684072 43.249001 0
38655 12549 3 0 3.684072 44.667 0
38656 12549 3 0 4.912096 45.375999 0
38657 12549 3 0 7.368144 42.540001 0
38658 12549 3 0 6.14012 43.249001 0
38659 12549 3 0 6.14012 44.667 0
38660 12549 3 0 7.368144 45.375999 0
38661 12549 3 0 9.824192 42.540001 0
38662 12549 3 0 8.596169 43.249001 0
38663 12549 3 0 8.596169 44.667 0
38664 12549 3 0 9.824192 45.375999 0
38665 12549 3 0 12.28024 42.540001 0
38666 12549 3 0 11.052217 43.249001 0
38667 12549 3 0 11.052217 44.667 0
38668 12549 3 0 12.28024 45.375999 0
38669 12549 3 0 14.736288 42.540001 0
38670 12549 3 0 13.508265 43.249001 0
38671 12549 3 0 13.508265 44.667 0
38672 12549 3 0 14.736288 45.375999 0
38673 12549 3 0 17.192337 42.540001 0
38674 12549 3 0 15.964313 43.249001 0
38675 12549 3 0 15.964313 44.667 0
38676 12549 3 0 17.192337 45.375999 0
38677 12549 3 0 19.648384 42.540001 0
38678 12549 3 0 18.420361 43.249001 0
38679 12549 3 0 18.420361 44.667 0
38680 12549 3 0 19.648384 45.375999 0
38681 12549 3 0 22.104433 42.540001 0
38682 12549 3 0 20.876408 43.249001 0
38683 12549 3 0 20.876408 44.667 0
38684 12549 3 0 22.104433 45.375999 0
38685 12549 3 0 24.56048 42.540001 0
38686 12549 3 0 23.332457 43.249001 0
38687 12549 3 0 23.332457 44.667 0
38688 12549 3 0 24.56048 45.375999 0
38689 12549 3 0 27.016529 42.540001 0
38690 12549 3 0 25.788504 43.249001 0
38691 12549 3 0 25.788504 44.667 0
38692 12549 3 0 27.016529 45.375999 0
38693 12549 3 0 29.472576 42.540001 0
38694 12549 3 0 28.244553 43.249001 0
38695 12549 3 0 28.244553 44.667 0
38696 12549 3 0 29.472576 45.375999 0
38697 12549 3 0 31.928625 42.540001 0
38698 12549 3 0 30.7006 43.249001 0
38699 12549 3 0 30.7006 44.667 0
38700 12549 3 0 31.928625 45.375999 0
38701 12549 3 0 34.384674 42.540001 0
38702 12549 3 0 33.156647 43.249001 0
38703 12549 3 0 33.156647 44.667 0
38704 12549 3 0 34.384674 45.375999 0
38705 12549 3 0 36.840721 42.540001 0
38706 12549 3 0 35.612698 43.249001 0
38707 12549 3 0 35.612698 44.667 0
38708 12549 3 0 36.840721 45.375999 0
38709 12549 3 0 39.296768 42.540001 0
38710 12549 3 0 38.068745 43.249001 0
38711 12549 3 0 38.068745 44.667 0
38712 12549 3 0 39.296768 45.375999 0
38713 12549 3 0 41.752815 42.540001 0
38714 12549 3 0 40.524792 43.249001 0
38715 12549 3 0 40.524792 44.667 0
38716 12549 3 0 41.752815 45.375999 0
38717 12549 3 0 44.208866 42.540001 0
38718 12549 3 0 42.980843 43.249001 0
38719 12549 3 0 42.980843 44.667 0
38720 12549 3 0 44.208866 45.375999 0
38721 12549 3 0 46.664913 42.540001 0
38722 12549 3 0 45.43689 43.249001 0
38723 12549 3 0 45.43689 44.667 0
38724 12549 3 0 46.664913 45.375999 0
38725 12549 3 0 49.12096 42.540001 0
38726 12549 3 0 47.892937 43.249001 0
38727 12549 3 0 47.892937 44.667 0
38728 12549 3 0 49.12096 45.375999 0
38729 12549 3 0 51.577007 42.540001 0
38730 12549 3 0 50.348984 43.249001 0
38731 12549 3 0 50.348984 44.667 0
38732 12549 3 0 51.577007 45.375999 0
38733 12549 3 0 54.033058 42.540001 0
38734 12549 3 0 52.805035 43.249001 0
38735 12549 3 0 52.805035 44.667 0
38736 12549 3 0 54.033058 45.375999 0
38737 12549 3 0 56.489105 42.540001 0
38738 12549 3 0 55.261082 43.249001 0
38739 12549 3 0 55.261082 44.667 0
38740 12549 3 0 56.489105 45.375999 0
38741 12549 3 0 58.945152 42.540001 0
38742 12549 3 0 57.717129 43.249001 0
38743 12549 3 0 57.717129 44.667 0
38744 12549 3 0 58.945152 45.375999 0
38745 12549 3 0 0 46.793999 0
38746 12549 3 0 -1.228024 47.502998 0
38747 12549 3 0 -1.228024 48.921001 0
38748 12549 3 0 0 49.630001 0
38749 12549 3 0 2.456048 46.793999 0
38750 12549 3 0 1.228024 47.502998 0
38751 12549 3 0 1.228024 48.921001 0
38752 12549 3 0 2.456048 49.630001 0
38753 12549 3 0 4.912096 46.793999 0
38754 12549 3 0 3.684072 47.502998 0
38755 12549 3 0 3.684072 48.921001 0
38756 12549 3 0 4.912096 49.630001 0
38757 12549 3 0 7.368144 46.793999 0
38758 12549 3 0 6.14012 47.502998 0
38759 12549 3 0 6.14012 48.921001 0
38760 12549 3 0 7.368144 49.630001 0
38761 12549 3 0 9.824192 46.793999 0
38762 12549 3 0 8.596169 47.502998 0
38763 12549 3 0 8.596169 48.921001 0
38764 12549 3 0 9.824192 49.630001 0
38765 12549 3 0 12.28024 46.793999 0
38766 12549 3 0 11.052217 47.502998 0
38767 12549 3 0 11.052217 48.921001 0
38768 12549 3 0 12.28024 49.630001 0
38769 12549 3 0 14.736288 46.793999 0
38770 12549 3 0 13.508265 47.502998 0
38771 12549 3 0 13.508265 48.921001 0
38772 12549 3 0 14.736288 49.630001 0
38773 12549 3 0 17.192337 46.793999 0
38774 12549 3 0 15.964313 47.502998 0
38775 12549 3 0 15.964313 48.921001 0
38776 12549 3 0 17.192337 49.630001 0
38777 12549 3 0 19.648384 46.793999 0
38778 12549 3 0 18.420361 47.502998 0
38779 12549 3 0 18.420361 48.921001 0
38780 12549 3 0 19.648384 49.630001 0
38781 12549 3 0 22.104433 46.793999 0
38782 12549 3 0 20.876408 47.502998 0
38783 12549 3 0 20.876408 48.921001 0
38784 12549 3 0 22.104433 49.630001 0
38785 12549 3 0 24.56048 46.793999 0
38786 12549 3 0 23.332457 47.502998 0
38787 12549 3 0 23.332457 48.921001 0
38788 12549 3 0 24.56048 49.630001 0
38789 12549 3 0 27.016529 46.793999 0
38790 12549 3 0 25.788504 47.502998 0
38791 12549 3 0 25.788504 48.921001 0
38792 12549 3 0 27.016529 49.630001 0
38793 12549 3 0 29.472576 46.793999 0
38794 12549 3 0 28.244553 47.502998 0
38795 12549 3 0 28.244553 48.921001 0
38796 12549 3 0 29.472576 49.630001 0
38797 12549 3 0 31.928625 46.793999 0
38798 12549 3 0 30.7006 47.502998 0
38799 12549 3 0 30.7006 48.921001 0
38800 12549 3 0 31.928625 49.630001 0
38801 12549 3 0 34.384674 46.793999 0
38802 12549 3 0 33.156647 47.502998 0
38803 12549 3 0 33.156647 48.921001 0
38804 12549 3 0 34.384674 49.630001 0
38805 12549 3 0 36.840721 46.793999 0
38806 12549 3 0 35.612698 47.502998 0
38807 12549 3 0 35.612698 48.921001 0
38808 12549 3 0 36.840721 49.630001 0
38809 12549 3 0 39.296768 46.793999 0
38810 12549 3 0 38.068745 47.502998 0
38811 12549 3 0 38.068745 48.921001 0
38812 12549 3 0 39.296768 49.630001 0
38813 12549 3 0 41.752815 46.793999 0
38814 12549 3 0 40.524792 47.502998 0
38815 12549 3 0 40.524792 48.921001 0
38816 12549 3 0 41.752815 49.630001 0
38817 12549 3 0 44.208866 46.793999 0
38818 12549 3 0 42.980843 47.502998 0
38819 12549 3 0 42.980843 48.921001 0
38820 12549 3 0 44.208866 49.630001 0
38821 12549 3 0 46.664913 46.793999 0
38822 12549 3 0 45.43689 47.502998 0
38823 12549 3 0 45.43689 48.921001 0
38824 12549 3 0 46.664913 49.630001 0
38825 12549 3 0 49.12096 46.793999 0
38826 12549 3 0 47.892937 47.502998 0
38827 12549 3 0 47.892937 48.921001 0
38828 12549 3 0 49.12096 49.630001 0
38829 12549 3 0 51.577007 46.793999 0
38830 12549 3 0 50.348984 47.502998 0
38831 12549 3 0 50.348984 48.921001 0
38832 12549 3 0 51.577007 49.630001 0
38833 12549 3 0 54.033058 46.793999 0
38834 12549 3 0 52.805035 47.502998 0
38835 12549 3 0 52.805035 48.921001 0
38836 12549 3 0 54.033058 49.630001 0
38837 12549 3 0 56.489105 46.793999 0
38838 12549 3 0 55.261082 47.502998 0
38839 12549 3 0 55.261082 48.921001 0
38840 12549 3 0 56.489105 49.630001 0
38841 12549 3 0 58.945152 46.793999 0
38842 12549 3 0 57.717129 47.502998 0
38843 12549 3 0 57.717129 48.921001 0
38844 12549 3 0 58.945152 49.630001 0
38845 12549 3 0 0 51.048 0
38846 12549 3 0 -1.228024 51.757 0
38847 12549 3 0 -1.228024 53.174999 0
38848 12549 3 0 0 53.883999 0
38849 12549 3 0 2.456048 51.048 0
38850 12549 3 0 1.228024 51.757 0
38851 12549 3 0 1.228024 53.174999 0
38852 12549 3 0 2.456048 53.883999 0
38853 12549 3 0 4.912096 51.048 0
38854 12549 3 0 3.684072 51.757 0
38855 12549 3 0 3.684072 53.174999 0
38856 12549 3 0 4.912096 53.883999 0
38857 12549 3 0 7.368144 51.048 0
38858 12549 3 0 6.14012 51.757 0
38859 12549 3 0 6.14012 53.174999 0
38860 12549 3 0 7.368144 53.883999 0
38861 12549 3 0 9.824192 51.048 0
38862 12549 3 0 8.596169 51.757 0
38863 12549 3 0 8.596169 53.174999 0
38864 12549 3 0 9.824192 53.883999 0
38865 12549 3 0 12.28024 51.048 0
38866 12549 3 0 11.052217 51.757 0
38867 12549 3 0 11.052217 53.174999 0
38868 12549 3 0 12.28024 53.883999 0
38869 12549 3 0 14.736288 51.048 0
38870 12549 3 0 13.508265 51.757 0
38871 12549 3 0 13.508265 53.174999 0
38872 12549 3 0 14.736288 53.883999 0
38873 12549 3 0 17.192337 51.048 0
38874 12549 3 0 15.964313 51.757 0
38875 12549 3 0 15.964313 53.174999 0
38876 12549 3 0 17.192337 53.883999 0
38877 12549 3 0 19.648384 51.048 0
38878 12549 3 0 18.420361 51.757 0
38879 12549 3 0 18.420361 53.174999 0
38880 12549 3 0 19.648384 53.883999 0
38881 12549 3 0 22.104433 51.048 0
38882 12549 3 0 20.876408 51.757 0
38883 12549 3 0 20.876408 53.174999 0
38884 12549 3 0 22.104433 53.883999 0
38885 12549 3 0 24.56048 51.048 0
38886 12549 3 0 23.332457 51.757 0
38887 12549 3 0 23.332457 53.174999 0
38888 12549 3 0 24.56048 53.883999 0
38889 12549 3 0 27.016529 51.048 0
38890 12549 3 0 25.788504 51.757 0
38891 12549 3 0 25.788504 53.174999 0
38892 12549 3 0 27.016529 53.883999 0
38893 12549 3 0 29.472576 51.048 0
38894 12549 3 0 28.244553 51.757 0
38895 12549 3 0 28.244553 53.174999 0
38896 12549 3 0 29.472576 53.883999 0
38897 12549 3 0 31.928625 51.048 0
38898 12549 3 0 30.7006 51.757 0
38899 12549 3 0 30.7006 53.174999 0
38900 12549 3 0 31.928625 53.883999 0
38901 12549 3 0 34.384674 51.048 0
38902 12549 3 0 33.156647 51.757 0
38903 12549 3 0 33.156647 53.174999 0
38904 12549 3 0 34.384674 53.883999 0
38905 12549 3 0 36.840721 51.048 0
38906 12549 3 0 35.612698 51.757 0
38907 12549 3 0 35.612698 53.174999 0
38908 12549 3 0 36.840721 53.883999 0
38909 12549 3 0 39.296768 51.048 0
38910 12549 3 0 38.068745 51.757 0
38911 12549 3 0 38.068745 53.174999 0
38912 12549 3 0 39.296768 53.883999 0
38913 12549 3 0 41.752815 51.048 0
38914 12549 3 0 40.524792 51.757 0
38915 12549 3 0 40.524792 53.174999 0
38916 12549 3 0 41.752815 53.883999 0
38917 12549 3 0 44.208866 51.048 0
38918 12549 3 0 42.980843 51.757 0
38919 12549 3 0 42.980843 53.174999 0
38920 12549 3 0 44.208866 53.883999 0
38921 12549 3 0 46.664913 51.048 0
38922 12549 3 0 45.43689 51.757 0
38923 12549 3 0 45.43689 53.174999 0
38924 12549 3 0 46.664913 53.883999 0
38925 12549 3 0 49.12096 51.048 0
38926 12549 3 0 47.892937 51.757 0
38927 12549 3 0 47.892937 53.174999 0
38928 12549 3 0 49.12096 53.883999 0
38929 12549 3 0 51.577007 51.048 0
38930 12549 3 0 50.348984 51.757 0
38931 12549 3 0 50.348984 53.174999 0
38932 12549 3 0 51.577007 53.883999 0
38933 12549 3 0 54.033058 51.048 0
38934 12549 3 0 52.805035 51.757 0
38935 12549 3 0 52.805035 53.174999 0
38936 12549 3 0 54.033058 53.883999 0
38937 12549 3 0 56.489105 51.048 0
38938 12549 3 0 55.261082 51.757 0
38939 12549 3 0 55.261082 53.174999 0
38940 12549 3 0 56.489105 53.883999 0
38941 12549 3 0 58.945152 51.048 0
38942 12549 3 0 57.717129 51.757 0
38943 12549 3 0 57.717129 53.174999 0
38944 12549 3 0 58.945152 53.883999 0
38945 12549 3 0 0 55.301998 0
38946 12549 3 0 -1.228024 56.011002 0
38947 12549 3 0 -1.228024 57.429001 0
38948 12549 3 0 0 58.138 0
38949 12549 3 0 2.456048 55.301998 0
38950 12549 3 0 1.228024 56.011002 0
38951 12549 3 0 1.228024 57.429001 0
38952 12549 3 0 2.456048 58.138 0
38953 12549 3 0 4.912096 55.301998 0
38954 12549 3 0 3.684072 56.011002 0
38955 12549 3 0 3.684072 57.429001 0
38956 12549 3 0 4.912096 58.138 0
38957 12549 3 0 7.368144 55.301998 0
38958 12549 3 0 6.14012 56.011002 0
38959 12549 3 0 6.14012 57.429001 0
38960 12549 3 0 7.368144 58.138 0
38961 12549 3 0 9.824192 55.301998 0
38962 12549 3 0 8.596169 56.011002 0
38963 12549 3 0 8.596169 57.429001 0
38964 12549 3 0 9.824192 58.138 0
38965 12549 3 0 12.28024 55.301998 0
38966 12549 3 0 11.052217 56.011002 0
38967 12549 3 0 11.052217 57.429001 0
38968 12549 3 0 12.28024 58.138 0
38969 12549 3 0 14.736288 55.301998 0
38970 12549 3 0 13.508265 56.011002 0
38971 12549 3 0 13.508265 57.429001 0
38972 12549 3 0 14.736288 58.138 0
38973 12549 3 0 17.192337 55.301998 0
38974 12549 3 0 15.964313 56.011002 0
38975 12549 3 0 15.964313 57.429001 0
38976 12549 3 0 17.192337 58.138 0
38977 12549 3 0 19.648384 55.301998 0
38978 12549 3 0 18.420361 56.011002 0
38979 12549 3 0 18.420361 57.429001 0
38980 12549 3 0 19.648384 58.138 0
38981 12549 3 0 22.104433 55.301998 0
38982 12549 3 0 20.876408 56.011002 0
38983 12549 3 0 20.876408 57.429001 0
38984 12549 3 0 22.104433 58.138 0
38985 12549 3 0 24.56048 55.301998 0
38986 12549 3 0 23.332457 56.011002 0
38987 12549 3 0 23.332457 57.429001 0
38988 12549 3 0 24.56048 58.138 0
38989 12549 3 0 27.016529 55.301998 0
38990 12549 3 0 25.788504 56.011002 0
38991 12549 3 0 25.788504 57.429001 0
38992 12549 3 0 27.016529 58.138 0
38993 12549 3 0 29.472576 55.301998 0
38994 12549 3 0 28.244553 56.011002 0
38995 12549 3 0 28.244553 57.429001 0
38996 12549 3 0 29.472576 58.138 0
38997 12549 3 0 31.928625 55.301998 0
38998 12549 3 0 30.7006 56.011002 0
38999 12549 3 0 30.7006 57.429001 0
39000 12549 3 0 31.928625 58.138 0
39001 12549 3 0 34.384674 55.301998 0
39002 12549 3 0 33.156647 56.011002 0
39003 12549 3 0 33.156647 57.429001 0
39004 12549 3 0 34.384674 58.138 0
39005 12549 3 0 36.840721 55.301998 0
39006 12549 3 0 35.612698 56.011002 0
39007 12549 3 0 35.612698 57.429001 0
39008 12549 3 0 36.840721 58.138 0
39009 12549 3 0 39.296768 55.301998 0
39010 12549 3 0 38.068745 56.011002 0
39011 12549 3 0 38.068745 57.429001 0
39012 12549 3 0 39.296768 58.138 0
39013 12549 3 0 41.752815 55.301998 0
39014 12549 3 0 40.524792 56.011002 0
39015 12549 3 0 40.524792 57.429001 0
39016 12549 3 0 41.752815 58.138 0
39017 12549 3 0 44.208866 55.301998 0
39018 12549 3 0 42.980843 56.011002 0
39019 12549 3 0 42.980843 57.429001 0
39020 12549 3 0 44.208866 58.138 0
39021 12549 3 0 46.664913 55.301998 0
39022 12549 3 0 45.43689 56.011002 0
39023 12549 3 0 45.43689 57.429001 0
39024 12549 3 0 46.664913 58.138 0
39025 12549 3 0 49.12096 55.301998 0
39026 12549 3 0 47.892937 56.011002 0
39027 12549 3 0 47.892937 57.429001 0
39028 12549 3 0 49.12096 58.138 0
39029 12549 3 0 51.577007 55.301998 0
39030 12549 3 0 50.348984 56.011002 0
39031 12549 3 0 50.348984 57.429001 0
39032 12549 3 0 51.577007 58.138 0
39033 12549 3 0 54.033058 55.301998 0
39034 12549 3 0 52.805035 56.011002 0
39035 12549 3 0 52.805035 57.429001 0
39036 12549 3 0 54.033058 58.138 0
39037 12549 3 0 56.489105 55.301998 0
39038 12549 3 0 55.261082 56.011002 0
39039 12549 3 0 55.261082 57.429001 0
39040 12549 3 0 56.489105 58.138 0
39041 12549 3 0 58.945152 55.301998 0
39042 12549 3 0 57.717129 56.011002 0
39043 12549 3 0 57.717129 57.429001 0
39044 12549 3 0 58.945152 58.138 0
39045 12549 3 0 0 59.556 0
39046 12549 3 0 -1.228024 60.264999 0
39047 12549 3 0 -1.228024 61.682999 0
39048 12549 3 0 0 62.391998 0
39049 12549 3 0 2.456048 59.556 0
39050 12549 3 0 1.228024 60.264999 0
39051 12549 3 0 1.228024 61.682999 0
39052 12549 3 0 2.456048 62.391998 0
39053 12549 3 0 4.912096 59.556 0
39054 12549 3 0 3.684072 60.264999 0
39055 12549 3 0 3.684072 61.682999 0
39056 12549 3 0 4.912096 62.391998 0
39057 12549 3 0 7.368144 59.556 0
39058 12549 3 0 6.14012 60.264999 0
39059 12549 3 0 6.14012 61.682999 0
39060 12549 3 0 7.368144 62.391998 0
39061 12549 3 0 9.824192 59.556 0
39062 12549 3 0 8.596169 60.264999 0
39063 12549 3 0 8.596169 61.682999 0
39064 12549 3 0 9.824192 62.391998 0
39065 12549 3 0 12.28024 59.556 0
39066 12549 3 0 11.052217 60.264999 0
39067 12549 3 0 11.052217 61.682999 0
39068 12549 3 0 12.28024 62.391998 0
39069 12549 3 0 14.736288 59.556 0
39070 12549 3 0 13.508265 60.264999 0
39071 12549 3 0 13.508265 61.682999 0
39072 12549 3 0 14.736288 62.391998 0
39073 12549 3 0 17.192337 59.556 0
39074 12549 3 0 15.964313 60.264999 0
39075 12549 3 0 15.964313 61.682999 0
39076 12549 3 0 17.192337 62.391998 0
39077 12549 3 0 19.648384 59.556 0
39078 12549 3 0 18.420361 60.264999 0
39079 12549 3 0 18.420361 61.682999 0
39080 12549 3 0 19.648384 62.391998 0
39081 12549 3 0 22.104433 59.556 0
39082 12549 3 0 20.876408 60.264999 0
39083 12549 3 0 20.876408 61.682999 0
39084 12549 3 0 22.104433 62.391998 0
39085 12549 3 0 24.56048 59.556 0
39086 12549 3 0 23.332457 60.264999 0
39087 12549 3 0 23.332457 61.682999 0
39088 12549 3 0 24.56048 62.391998 0
39089 12549 3 0 27.016529 59.556 0
39090 12549 3 0 25.788504 60.264999 0
39091 12549 3 0 25.788504 61.682999 0
39092 12549 3 0 27.016529 62.391998 0
39093 12549 3 0 29.472576 59.556 0
39094 12549 3 0 28.244553 60.264999 0
39095 12549 3 0 28.244553 61.682999 0
39096 12549 3 0 29.472576 62.391998 0
39097 12549 3 0 31.928625 59.556 0
39098 12549 3 0 30.7006 60.264999 0
39099 12549 3 0 30.7006 61.682999 0
39100 12549 3 0 31.928625 62.391998 0
39101 12549 3 0 34.384674 59.556 0
39102 12549 3 0 33.156647 60.264999 0
39103 12549 3 0 33.156647 61.682999 0
39104 12549 3 0 34.384674 62.391998 0
39105 12549 3 0 36.840721 59.556 0
39106 12549 3 0 35.612698 60.264999 0
39107 12549 3 0 35.612698 61.682999 0
39108 12549 3 0 36.840721 62.391998 0
39109 12549 3 0 39.296768 59.556 0
39110 12549 3 0 38.068745 60.264999 0
39111 12549 3 0 38.068745 61.682999 0
39112 12549 3 0 39.296768 62.391998 0
39113 12549 3 0 41.752815 59.556 0
39114 12549 3 0 40.524792 60.264999 0
39115 12549 3 0 40.524792 61.682999 0
39116 12549 3 0 41.752815 62.391998 0
39117 12549 3 0 44.208866 59.556 0
39118 12549 3 0 42.980843 60.264999 0
39119 12549 3 0 42.980843 61.682999 0
39120 12549 3 0 44.208866 62.391998 0
39121 12549 3 0 46.664913 59.556 0
39122 12549 3 0 45.43689 60.264999 0
39123 12549 3 0 45.43689 61.682999 0
39124 12549 3 0 46.664913 62.391998 0
39125 12549 3 0 49.12096 59.556 0
39126 12549 3 0 47.892937 60.264999 0
39127 12549 3 0 47.892937 61.682999 0
39128 12549 3 0 49.12096 62.391998 0
39129 12549 3 0 51.577007 59.556 0
39130 12549 3 0 50.348984 60.264999 0
39131 12549 3 0 50.348984 61.682999 0
39132 12549 3 0 51.577007 62.391998 0
39133 12549 3 0 54.033058 59.556 0
39134 12549 3 0 52.805035 60.264999 0
39135 12549 3 0 52.805035 61.682999 0
39136 12549 3 0 54.033058 62.391998 0
39137 12549 3 0 56.489105 59.556 0
39138 12549 3 0 55.261082 60.264999 0
39139 12549 3 0 55.261082 61.682999 0
39140 12549 3 0 56.489105 62.391998 0
39141 12549 3 0 58.945152 59.556 0
39142 12549 3 0 57.717129 60.264999 0
39143 12549 3 0 57.717129 61.682999 0
39144 12549 3 0 58.945152 62.391998 0
