39145	12550	3	0	0	0	100
39146	12550	3	0	-1.228024	0.709	100
39147	12550	3	0	-1.228024	2.127	100
39148	12550	3	0	0	2.836	100
39149	12550	3	0	2.456048	0	100
39150	12550	3	0	1.228024	0.709	100
39151	12550	3	0	1.228024	2.127	100
39152	12550	3	0	2.456048	2.836	100
39153	12550	3	0	4.912096	0	100
39154	12550	3	0	3.684072	0.709	100
39155	12550	3	0	3.684072	2.127	100
39156	12550	3	0	4.912096	2.836	100
39157	12550	3	0	7.368144	0	100
39158	12550	3	0	6.14012	0.709	100
39159	12550	3	0	6.14012	2.127	100
39160	12550	3	0	7.368144	2.836	100
39161	12550	3	0	9.824192	0	100
39162	12550	3	0	8.596169	0.709	100
39163	12550	3	0	8.596169	2.127	100
39164	12550	3	0	9.824192	2.836	100
39165	12550	3	0	12.28024	0	100
39166	12550	3	0	11.052217	0.709	100
39167	12550	3	0	11.052217	2.127	100
39168	12550	3	0	12.28024	2.836	100
39169	12550	3	0	14.736288	0	100
39170	12550	3	0	13.508265	0.709	100
39171	12550	3	0	13.508265	2.127	100
39172	12550	3	0	14.736288	2.836	100
39173	12550	3	0	17.192337	0	100
39174	12550	3	0	15.964313	0.709	100
39175	12550	3	0	15.964313	2.127	100
39176	12550	3	0	17.192337	2.836	100
39177	12550	3	0	19.648384	0	100
39178	12550	3	0	18.420361	0.709	100
39179	12550	3	0	18.420361	2.127	100
39180	12550	3	0	19.648384	2.836	100
39181	12550	3	0	22.104433	0	100
39182	12550	3	0	20.876408	0.709	100
39183	12550	3	0	20.876408	2.127	100
39184	12550	3	0	22.104433	2.836	100
39185	12550	3	0	24.56048	0	100
39186	12550	3	0	23.332457	0.709	100
39187	12550	3	0	23.332457	2.127	100
39188	12550	3	0	24.56048	2.836	100
39189	12550	3	0	27.016529	0	100
39190	12550	3	0	25.788504	0.709	100
39191	12550	3	0	25.788504	2.127	100
39192	12550	3	0	27.016529	2.836	100
39193	12550	3	0	29.472576	0	100
39194	12550	3	0	28.244553	0.709	100
39195	12550	3	0	28.244553	2.127	100
39196	12550	3	0	29.472576	2.836	100
39197	12550	3	0	31.928625	0	100
39198	12550	3	0	30.7006	0.709	100
39199	12550	3	0	30.7006	2.127	100
39200	12550	3	0	31.928625	2.836	100
39201	12550	3	0	34.384674	0	100
39202	12550	3	0	33.156647	0.709	100
39203	12550	3	0	33.156647	2.127	100
39204	12550	3	0	34.384674	2.836	100
39205	12550	3	0	36.840721	0	100
39206	12550	3	0	35.612698	0.709	100
39207	12550	3	0	35.612698	2.127	100
39208	12550	3	0	36.840721	2.836	100
39209	12550	3	0	39.296768	0	100
39210	12550	3	0	38.068745	0.709	100
39211	12550	3	0	38.068745	2.127	100
39212	12550	3	0	39.296768	2.836	100
39213	12550	3	0	41.752815	0	100
39214	12550	3	0	40.524792	0.709	100
39215	12550	3	0	40.524792	2.127	100
39216	12550	3	0	41.752815	2.836	100
39217	12550	3	0	44.208866	0	100
39218	12550	3	0	42.980843	0.709	100
39219	12550	3	0	42.980843	2.127	100
39220	12550	3	0	44.208866	2.836	100
39221	12550	3	0	46.664913	0	100
39222	12550	3	0	45.43689	0.709	100
39223	12550	3	0	45.43689	2.127	100
39224	12550	3	0	46.664913	2.836	100
39225	12550	3	0	49.12096	0	100
39226	12550	3	0	47.892937	0.709	100
39227	12550	3	0	47.892937	2.127	100
39228	12550	3	0	49.12096	2.836	100
39229	12550	3	0	51.577007	0	100
39230	12550	3	0	50.348984	0.709	100
39231	12550	3	0	50.348984	2.127	100
39232	12550	3	0	51.577007	2.836	100
39233	12550	3	0	54.033058	0	100
39234	12550	3	0	52.805035	0.709	100
39235	12550	3	0	52.805035	2.127	100
39236	12550	3	0	54.033058	2.836	100
39237	12550	3	0	56.489105	0	100
39238	12550	3	0	55.261082	0.709	100
39239	12550	3	0	55.261082	2.127	100
39240	12550	3	0	56.489105	2.836	100
39241	12550	3	0	58.945152	0	100
39242	12550	3	0	57.717129	0.709	100
39243	12550	3	0	57.717129	2.127	100
39244	12550	3	0	58.945152	2.836	100
39245	12550	3	0	0	4.254	100
39246	12550	3	0	-1.228024	4.963	100
39247	12550	3	0	-1.228024	6.381	100
39248	12550	3	0	0	7.09	100
39249	12550	3	0	2.456048	4.254	100
39250	12550	3	0	1.228024	4.963	100
39251	12550	3	0	1.228024	6.381	100
39252	12550	3	0	2.456048	7.09	100
39253	12550	3	0	4.912096	4.254	100
39254	12550	3	0	3.684072	4.963	100
39255	12550	3	0	3.684072	6.381	100
39256	12550	3	0	4.912096	7.09	100
39257	12550	3	0	7.368144	4.254	100
39258	12550	3	0	6.14012	4.963	100
39259	12550	3	0	6.14012	6.381	100
39260	12550	3	0	7.368144	7.09	100
39261	12550	3	0	9.824192	4.254	100
39262	12550	3	0	8.596169	4.963	100
39263	12550	3	0	8.596169	6.381	100
39264	12550	3	0	9.824192	7.09	100
39265	12550	3	0	12.28024	4.254	100
39266	12550	3	0	11.052217	4.963	100
39267	12550	3	0	11.052217	6.381	100
39268	12550	3	0	12.28024	7.09	100
39269	12550	3	0	14.736288	4.254	100
39270	12550	3	0	13.508265	4.963	100
39271	12550	3	0	13.508265	6.381	100
39272	12550	3	0	14.736288	7.09	100
39273	12550	3	0	17.192337	4.254	100
39274	12550	3	0	15.964313	4.963	100
39275	12550	3	0	15.964313	6.381	100
39276	12550	3	0	17.192337	7.09	100
39277	12550	3	0	19.648384	4.254	100
39278	12550	3	0	18.420361	4.963	100
39279	12550	3	0	18.420361	6.381	100
39280	12550	3	0	19.648384	7.09	100
39281	12550	3	0	22.104433	4.254	100
39282	12550	3	0	20.876408	4.963	100
39283	12550	3	0	20.876408	6.381	100
39284	12550	3	0	22.104433	7.09	100
39285	12550	3	0	24.56048	4.254	100
39286	12550	3	0	23.332457	4.963	100
39287	12550	3	0	23.332457	6.381	100
39288	12550	3	0	24.56048	7.09	100
39289	12550	3	0	27.016529	4.254	100
39290	12550	3	0	25.788504	4.963	100
39291	12550	3	0	25.788504	6.381	100
39292	12550	3	0	27.016529	7.09	100
39293	12550	3	0	29.472576	4.254	100
39294	12550	3	0	28.244553	4.963	100
39295	12550	3	0	28.244553	6.381	100
39296	12550	3	0	29.472576	7.09	100
39297	12550	3	0	31.928625	4.254	100
39298	12550	3	0	30.7006	4.963	100
39299	12550	3	0	30.7006	6.381	100
39300	12550	3	0	31.928625	7.09	100
39301	12550	3	0	34.384674	4.254	100
39302	12550	3	0	33.156647	4.963	100
39303	12550	3	0	33.156647	6.381	100
39304	12550	3	0	34.384674	7.09	100
39305	12550	3	0	36.840721	4.254	100
39306	12550	3	0	35.612698	4.963	100
39307	12550	3	0	35.612698	6.381	100
39308	12550	3	0	36.840721	7.09	100
39309	12550	3	0	39.296768	4.254	100
39310	12550	3	0	38.068745	4.963	100
39311	12550	3	0	38.068745	6.381	100
39312	12550	3	0	39.296768	7.09	100
39313	12550	3	0	41.752815	4.254	100
39314	12550	3	0	40.524792	4.963	100
39315	12550	3	0	40.524792	6.381	100
39316	12550	3	0	41.752815	7.09	100
39317	12550	3	0	44.208866	4.254	100
39318	12550	3	0	42.980843	4.963	100
39319	12550	3	0	42.980843	6.381	100
39320	12550	3	0	44.208866	7.09	100
39321	12550	3	0	46.664913	4.254	100
39322	12550	3	0	45.43689	4.963	100
39323	12550	3	0	45.43689	6.381	100
39324	12550	3	0	46.664913	7.09	100
39325	12550	3	0	49.12096	4.254	100
39326	12550	3	0	47.892937	4.963	100
39327	12550	3	0	47.892937	6.381	100
39328	12550	3	0	49.12096	7.09	100
39329	12550	3	0	51.577007	4.254	100
39330	12550	3	0	50.348984	4.963	100
39331	12550	3	0	50.348984	6.381	100
39332	12550	3	0	51.577007	7.09	100
39333	12550	3	0	54.033058	4.254	100
39334	12550	3	0	52.805035	4.963	100
39335	12550	3	0	52.805035	6.381	100
39336	12550	3	0	54.033058	7.09	100
39337	12550	3	0	56.489105	4.254	100
39338	12550	3	0	55.261082	4.963	100
39339	12550	3	0	55.261082	6.381	100
39340	12550	3	0	56.489105	7.09	100
39341	12550	3	0	58.945152	4.254	100
39342	12550	3	0	57.717129	4.963	100
39343	12550	3	0	57.717129	6.381	100
39344	12550	3	0	58.945152	7.09	100
39345	12550	3	0	0	8.508	100
39346	12550	3	0	-1.228024	9.217	100
39347	12550	3	0	-1.228024	10.635	100
39348	12550	3	0	0	11.344	100
39349	12550	3	0	2.456048	8.508	100
39350	12550	3	0	1.228024	9.217	100
39351	12550	3	0	1.228024	10.635	100
39352	12550	3	0	2.456048	11.344	100
39353	12550	3	0	4.912096	8.508	100
39354	12550	3	0	3.684072	9.217	100
39355	12550	3	0	3.684072	10.635	100
39356	12550	3	0	4.912096	11.344	100
39357	12550	3	0	7.368144	8.508	100
39358	12550	3	0	6.14012	9.217	100
39359	12550	3	0	6.14012	10.635	100
39360	12550	3	0	7.368144	11.344	100
39361	12550	3	0	9.824192	8.508	100
39362	12550	3	0	8.596169	9.217	100
39363	12550	3	0	8.596169	10.635	100
39364	12550	3	0	9.824192	11.344	100
39365	12550	3	0	12.28024	8.508	100
39366	12550	3	0	11.052217	9.217	100
39367	12550	3	0	11.052217	10.635	100
39368	12550	3	0	12.28024	11.344	100
39369	12550	3	0	14.736288	8.508	100
39370	12550	3	0	13.508265	9.217	100
39371	12550	3	0	13.508265	10.635	100
39372	12550	3	0	14.736288	11.344	100
39373	12550	3	0	17.192337	8.508	100
39374	12550	3	0	15.964313	9.217	100
39375	12550	3	0	15.964313	10.635	100
39376	12550	3	0	17.192337	11.344	100
39377	12550	3	0	19.648384	8.508	100
39378	12550	3	0	18.420361	9.217	100
39379	12550	3	0	18.420361	10.635	100
39380	12550	3	0	19.648384	11.344	100
39381	12550	3	0	22.104433	8.508	100
39382	12550	3	0	20.876408	9.217	100
39383	12550	3	0	20.876408	10.635	100
39384	12550	3	0	22.104433	11.344	100
39385	12550	3	0	24.56048	8.508	100
39386	12550	3	0	23.332457	9.217	100
39387	12550	3	0	23.332457	10.635	100
39388	12550	3	0	24.56048	11.344	100
39389	12550	3	0	27.016529	8.508	100
39390	12550	3	0	25.788504	9.217	100
39391	12550	3	0	25.788504	10.635	100
39392	12550	3	0	27.016529	11.344	100
39393	12550	3	0	29.472576	8.508	100
39394	12550	3	0	28.244553	9.217	100
39395	12550	3	0	28.244553	10.635	100
39396	12550	3	0	29.472576	11.344	100
39397	12550	3	0	31.928625	8.508	100
39398	12550	3	0	30.7006	9.217	100
39399	12550	3	0	30.7006	10.635	100
39400	12550	3	0	31.928625	11.344	100
39401	12550	3	0	34.384674	8.508	100
39402	12550	3	0	33.156647	9.217	100
39403	12550	3	0	33.156647	10.635	100
39404	12550	3	0	34.384674	11.344	100
39405	12550	3	0	36.840721	8.508	100
39406	12550	3	0	35.612698	9.217	100
39407	12550	3	0	35.612698	10.635	100
39408	12550	3	0	36.840721	11.344	100
39409	12550	3	0	39.296768	8.508	100
39410	12550	3	0	38.068745	9.217	100
39411	12550	3	0	38.068745	10.635	100
39412	12550	3	0	39.296768	11.344	100
39413	12550	3	0	41.752815	8.508	100
39414	12550	3	0	40.524792	9.217	100
39415	12550	3	0	40.524792	10.635	100
39416	12550	3	0	41.752815	11.344	100
39417	12550	3	0	44.208866	8.508	100
39418	12550	3	0	42.980843	9.217	100
39419	12550	3	0	42.980843	10.635	100
39420	12550	3	0	44.208866	11.344	100
39421	12550	3	0	46.664913	8.508	100
39422	12550	3	0	45.43689	9.217	100
39423	12550	3	0	45.43689	10.635	100
39424	12550	3	0	46.664913	11.344	100
39425	12550	3	0	49.12096	8.508	100
39426	12550	3	0	47.892937	9.217	100
39427	12550	3	0	47.892937	10.635	100
39428	12550	3	0	49.12096	11.344	100
39429	12550	3	0	51.577007	8.508	100
39430	12550	3	0	50.348984	9.217	100
39431	12550	3	0	50.348984	10.635	100
39432	12550	3	0	51.577007	11.344	100
39433	12550	3	0	54.033058	8.508	100
39434	12550	3	0	52.805035	9.217	100
39435	12550	3	0	52.805035	10.635	100
39436	12550	3	0	54.033058	11.344	100
39437	12550	3	0	56.489105	8.508	100
39438	12550	3	0	55.261082	9.217	100
39439	12550	3	0	55.261082	10.635	100
39440	12550	3	0	56.489105	11.344	100
39441	12550	3	0	58.945152	8.508	100
39442	12550	3	0	57.717129	9.217	100
39443	12550	3	0	57.717129	10.635	100
39444	12550	3	0	58.945152	11.344	100
39445	12550	3	0	0	12.762	100
39446	12550	3	0	-1.228024	13.471	100
39447	12550	3	0	-1.228024	14.889	100
39448	12550	3	0	0	15.598	100
39449	12550	3	0	2.456048	12.762	100
39450	12550	3	0	1.228024	13.471	100
39451	12550	3	0	1.228024	14.889	100
39452	12550	3	0	2.456048	15.598	100
39453	12550	3	0	4.912096	12.762	100
39454	12550	3	0	3.684072	13.471	100
39455	12550	3	0	3.684072	14.889	100
39456	12550	3	0	4.912096	15.598	100
39457	12550	3	0	7.368144	12.762	100
39458	12550	3	0	6.14012	13.471	100
39459	12550	3	0	6.14012	14.889	100
39460	12550	3	0	7.368144	15.598	100
39461	12550	3	0	9.824192	12.762	100
39462	12550	3	0	8.596169	13.471	100
39463	12550	3	0	8.596169	14.889	100
39464	12550	3	0	9.824192	15.598	100
39465	12550	3	0	12.28024	12.762	100
39466	12550	3	0	11.052217	13.471	100
39467	12550	3	0	11.052217	14.889	100
39468	12550	3	0	12.28024	15.598	100
39469	12550	3	0	14.736288	12.762	100
39470	12550	3	0	13.508265	13.471	100
39471	12550	3	0	13.508265	14.889	100
39472	12550	3	0	14.736288	15.598	100
39473	12550	3	0	17.192337	12.762	100
39474	12550	3	0	15.964313	13.471	100
39475	12550	3	0	15.964313	14.889	100
39476	12550	3	0	17.192337	15.598	100
39477	12550	3	0	19.648384	12.762	100
39478	12550	3	0	18.420361	13.471	100
39479	12550	3	0	18.420361	14.889	100
39480	12550	3	0	19.648384	15.598	100
39481	12550	3	0	22.104433	12.762	100
39482	12550	3	0	20.876408	13.471	100
39483	12550	3	0	20.876408	14.889	100
39484	12550	3	0	22.104433	15.598	100
39485	12550	3	0	24.56048	12.762	100
39486	12550	3	0	23.332457	13.471	100
39487	12550	3	0	23.332457	14.889	100
39488	12550	3	0	24.56048	15.598	100
39489	12550	3	0	27.016529	12.762	100
39490	12550	3	0	25.788504	13.471	100
39491	12550	3	0	25.788504	14.889	100
39492	12550	3	0	27.016529	15.598	100
39493	12550	3	0	29.472576	12.762	100
39494	12550	3	0	28.244553	13.471	100
39495	12550	3	0	28.244553	14.889	100
39496	12550	3	0	29.472576	15.598	100
39497	12550	3	0	31.928625	12.762	100
39498	12550	3	0	30.7006	13.471	100
39499	12550	3	0	30.7006	14.889	100
39500	12550	3	0	31.928625	15.598	100
39501	12550	3	0	34.384674	12.762	100
39502	12550	3	0	33.156647	13.471	100
39503	12550	3	0	33.156647	14.889	100
39504	12550	3	0	34.384674	15.598	100
39505	12550	3	0	36.840721	12.762	100
39506	12550	3	0	35.612698	13.471	100
39507	12550	3	0	35.612698	14.889	100
39508	12550	3	0	36.840721	15.598	100
39509	12550	3	0	39.296768	12.762	100
39510	12550	3	0	38.068745	13.471	100
39511	12550	3	0	38.068745	14.889	100
39512	12550	3	0	39.296768	15.598	100
39513	12550	3	0	41.752815	12.762	100
39514	12550	3	0	40.524792	13.471	100
39515	12550	3	0	40.524792	14.889	100
39516	12550	3	0	41.752815	15.598	100
39517	12550	3	0	44.208866	12.762	100
39518	12550	3	0	42.980843	13.471	100
39519	12550	3	0	42.980843	14.889	100
39520	12550	3	0	44.208866	15.598	100
39521	12550	3	0	46.664913	12.762	100
39522	12550	3	0	45.43689	13.471	100
39523	12550	3	0	45.43689	14.889	100
39524	12550	3	0	46.664913	15.598	100
39525	12550	3	0	49.12096	12.762	100
39526	12550	3	0	47.892937	13.471	100
39527	12550	3	0	47.892937	14.889	100
39528	12550	3	0	49.12096	15.598	100
39529	12550	3	0	51.577007	12.762	100
39530	12550	3	0	50.348984	13.471	100
39531	12550	3	0	50.348984	14.889	100
39532	12550	3	0	51.577007	15.598	100
39533	12550	3	0	54.033058	12.762	100
39534	12550	3	0	52.805035	13.471	100
39535	12550	3	0	52.805035	14.889	100
39536	12550	3	0	54.033058	15.598	100
39537	12550	3	0	56.489105	12.762	100
39538	12550	3	0	55.261082	13.471	100
39539	12550	3	0	55.261082	14.889	100
39540	12550	3	0	56.489105	15.598	100
39541	12550	3	0	58.945152	12.762	100
39542	12550	3	0	57.717129	13.471	100
39543	12550	3	0	57.717129	14.889	100
39544	12550	3	0	58.945152	15.598	100
39545	12550	3	0	0	17.016001	100
39546	12550	3	0	-1.228024	17.725	100
39547	12550	3	0	-1.228024	19.143	100
39548	12550	3	0	0	19.851999	100
39549	12550	3	0	2.456048	17.016001	100
39550	12550	3	0	1.228024	17.725	100
39551	12550	3	0	1.228024	19.143	100
39552	12550	3	0	2.456048	19.851999	100
39553	12550	3	0	4.912096	17.016001	100
39554	12550	3	0	3.684072	17.725	100
39555	12550	3	0	3.684072	19.143	100
39556	12550	3	0	4.912096	19.851999	100
39557	12550	3	0	7.368144	17.016001	100
39558	12550	3	0	6.14012	17.725	100
39559	12550	3	0	6.14012	19.143	100
39560	12550	3	0	7.368144	19.851999	100
39561	12550	3	0	9.824192	17.016001	100
39562	12550	3	0	8.596169	17.725	100
39563	12550	3	0	8.596169	19.143	100
39564	12550	3	0	9.824192	19.851999	100
39565	12550	3	0	12.28024	17.016001	100
39566	12550	3	0	11.052217	17.725	100
39567	12550	3	0	11.052217	19.143	100
39568	12550	3	0	12.28024	19.851999	100
39569	12550	3	0	14.736288	17.016001	100
39570	12550	3	0	13.508265	17.725	100
39571	12550	3	0	13.508265	19.143	100
39572	12550	3	0	14.736288	19.851999	100
39573	12550	3	0	17.192337	17.016001	100
39574	12550	3	0	15.964313	17.725	100
39575	12550	3	0	15.964313	19.143	100
39576	12550	3	0	17.192337	19.851999	100
39577	12550	3	0	19.648384	17.016001	100
39578	12550	3	0	18.420361	17.725	100
39579	12550	3	0	18.420361	19.143	100
39580	12550	3	0	19.648384	19.851999	100
39581	12550	3	0	22.104433	17.016001	100
39582	12550	3	0	20.876408	17.725	100
39583	12550	3	0	20.876408	19.143	100
39584	12550	3	0	22.104433	19.851999	100
39585	12550	3	0	24.56048	17.016001	100
39586	12550	3	0	23.332457	17.725	100
39587	12550	3	0	23.332457	19.143	100
39588	12550	3	0	24.56048	19.851999	100
39589	12550	3	0	27.016529	17.016001	100
39590	12550	3	0	25.788504	17.725	100
39591	12550	3	0	25.788504	19.143	100
39592	12550	3	0	27.016529	19.851999	100
39593	12550	3	0	29.472576	17.016001	100
39594	12550	3	0	28.244553	17.725	100
39595	12550	3	0	28.244553	19.143	100
39596	12550	3	0	29.472576	19.851999	100
39597	12550	3	0	31.928625	17.016001	100
39598	12550	3	0	30.7006	17.725	100
39599	12550	3	0	30.7006	19.143	100
39600	12550	3	0	31.928625	19.851999	100
39601	12550	3	0	34.384674	17.016001	100
39602	12550	3	0	33.156647	17.725	100
39603	12550	3	0	33.156647	19.143	100
39604	12550	3	0	34.384674	19.851999	100
39605	12550	3	0	36.840721	17.016001	100
39606	12550	3	0	35.612698	17.725	100
39607	12550	3	0	35.612698	19.143	100
39608	12550	3	0	36.840721	19.851999	100
39609	12550	3	0	39.296768	17.016001	100
39610	12550	3	0	38.068745	17.725	100
39611	12550	3	0	38.068745	19.143	100
39612	12550	3	0	39.296768	19.851999	100
39613	12550	3	0	41.752815	17.016001	100
39614	12550	3	0	40.524792	17.725	100
39615	12550	3	0	40.524792	19.143	100
39616	12550	3	0	41.752815	19.851999	100
39617	12550	3	0	44.208866	17.016001	100
39618	12550	3	0	42.980843	17.725	100
39619	12550	3	0	42.980843	19.143	100
39620	12550	3	0	44.208866	19.851999	100
39621	12550	3	0	46.664913	17.016001	100
39622	12550	3	0	45.43689	17.725	100
39623	12550	3	0	45.43689	19.143	100
39624	12550	3	0	46.664913	19.851999	100
39625	12550	3	0	49.12096	17.016001	100
39626	12550	3	0	47.892937	17.725	100
39627	12550	3	0	47.892937	19.143	100
39628	12550	3	0	49.12096	19.851999	100
39629	12550	3	0	51.577007	17.016001	100
39630	12550	3	0	50.348984	17.725	100
39631	12550	3	0	50.348984	19.143	100
39632	12550	3	0	51.577007	19.851999	100
39633	12550	3	0	54.033058	17.016001	100
39634	12550	3	0	52.805035	17.725	100
39635	12550	3	0	52.805035	19.143	100
39636	12550	3	0	54.033058	19.851999	100
39637	12550	3	0	56.489105	17.016001	100
39638	12550	3	0	55.261082	17.725	100
39639	12550	3	0	55.261082	19.143	100
39640	12550	3	0	56.489105	19.851999	100
39641	12550	3	0	58.945152	17.016001	100
39642	12550	3	0	57.717129	17.725	100
39643	12550	3	0	57.717129	19.143	100
39644	12550	3	0	58.945152	19.851999	100
39645	12550	3	0	0	21.27	100
39646	12550	3	0	-1.228024	21.979	100
39647	12550	3	0	-1.228024	23.396999	100
39648	12550	3	0	0	24.106001	100
39649	12550	3	0	2.456048	21.27	100
39650	12550	3	0	1.228024	21.979	100
39651	12550	3	0	1.228024	23.396999	100
39652	12550	3	0	2.456048	24.106001	100
39653	12550	3	0	4.912096	21.27	100
39654	12550	3	0	3.684072	21.979	100
39655	12550	3	0	3.684072	23.396999	100
39656	12550	3	0	4.912096	24.106001	100
39657	12550	3	0	7.368144	21.27	100
39658	12550	3	0	6.14012	21.979	100
39659	12550	3	0	6.14012	23.396999	100
39660	12550	3	0	7.368144	24.106001	100
39661	12550	3	0	9.824192	21.27	100
39662	12550	3	0	8.596169	21.979	100
39663	12550	3	0	8.596169	23.396999	100
39664	12550	3	0	9.824192	24.106001	100
39665	12550	3	0	12.28024	21.27	100
39666	12550	3	0	11.052217	21.979	100
39667	12550	3	0	11.052217	23.396999	100
39668	12550	3	0	12.28024	24.106001	100
39669	12550	3	0	14.736288	21.27	100
39670	12550	3	0	13.508265	21.979	100
39671	12550	3	0	13.508265	23.396999	100
39672	12550	3	0	14.736288	24.106001	100
39673	12550	3	0	17.192337	21.27	100
39674	12550	3	0	15.964313	21.979	100
39675	12550	3	0	15.964313	23.396999	100
39676	12550	3	0	17.192337	24.106001	100
39677	12550	3	0	19.648384	21.27	100
39678	12550	3	0	18.420361	21.979	100
39679	12550	3	0	18.420361	23.396999	100
39680	12550	3	0	19.648384	24.106001	100
39681	12550	3	0	22.104433	21.27	100
39682	12550	3	0	20.876408	21.979	100
39683	12550	3	0	20.876408	23.396999	100
39684	12550	3	0	22.104433	24.106001	100
39685	12550	3	0	24.56048	21.27	100
39686	12550	3	0	23.332457	21.979	100
39687	12550	3	0	23.332457	23.396999	100
39688	12550	3	0	24.56048	24.106001	100
39689	12550	3	0	27.016529	21.27	100
39690	12550	3	0	25.788504	21.979	100
39691	12550	3	0	25.788504	23.396999	100
39692	12550	3	0	27.016529	24.106001	100
39693	12550	3	0	29.472576	21.27	100
39694	12550	3	0	28.244553	21.979	100
39695	12550	3	0	28.244553	23.396999	100
39696	12550	3	0	29.472576	24.106001	100
39697	12550	3	0	31.928625	21.27	100
39698	12550	3	0	30.7006	21.979	100
39699	12550	3	0	30.7006	23.396999	100
39700	12550	3	0	31.928625	24.106001	100
39701	12550	3	0	34.384674	21.27	100
39702	12550	3	0	33.156647	21.979	100
39703	12550	3	0	33.156647	23.396999	100
39704	12550	3	0	34.384674	24.106001	100
39705	12550	3	0	36.840721	21.27	100
39706	12550	3	0	35.612698	21.979	100
39707	12550	3	0	35.612698	23.396999	100
39708	12550	3	0	36.840721	24.106001	100
39709	12550	3	0	39.296768	21.27	100
39710	12550	3	0	38.068745	21.979	100
39711	12550	3	0	38.068745	23.396999	100
39712	12550	3	0	39.296768	24.106001	100
39713	12550	3	0	41.752815	21.27	100
39714	12550	3	0	40.524792	21.979	100
39715	12550	3	0	40.524792	23.396999	100
39716	12550	3	0	41.752815	24.106001	100
39717	12550	3	0	44.208866	21.27	100
39718	12550	3	0	42.980843	21.979	100
39719	12550	3	0	42.980843	23.396999	100
39720	12550	3	0	44.208866	24.106001	100
39721	12550	3	0	46.664913	21.27	100
39722	12550	3	0	45.43689	21.979	100
39723	12550	3	0	45.43689	23.396999	100
39724	12550	3	0	46.664913	24.106001	100
39725	12550	3	0	49.12096	21.27	100
39726	12550	3	0	47.892937	21.979	100
39727	12550	3	0	47.892937	23.396999	100
39728	12550	3	0	49.12096	24.106001	100
39729	12550	3	0	51.577007	21.27	100
39730	12550	3	0	50.348984	21.979	100
39731	12550	3	0	50.348984	23.396999	100
39732	12550	3	0	51.577007	24.106001	100
39733	12550	3	0	54.033058	21.27	100
39734	12550	3	0	52.805035	21.979	100
39735	12550	3	0	52.805035	23.396999	100
39736	12550	3	0	54.033058	24.106001	100
39737	12550	3	0	56.489105	21.27	100
39738	12550	3	0	55.261082	21.979	100
39739	12550	3	0	55.261082	23.396999	100
39740	12550	3	0	56.489105	24.106001	100
39741	12550	3	0	58.945152	21.27	100
39742	12550	3	0	57.717129	21.979	100
39743	12550	3	0	57.717129	23.396999	100
39744	12550	3	0	58.945152	24.106001	100
39745	12550	3	0	0	25.524	100
39746	12550	3	0	-1.228024	26.233	100
39747	12550	3	0	-1.228024	27.650999	100
39748	12550	3	0	0	28.360001	100
39749	12550	3	0	2.456048	25.524	100
39750	12550	3	0	1.228024	26.233	100
39751	12550	3	0	1.228024	27.650999	100
39752	12550	3	0	2.456048	28.360001	100
39753	12550	3	0	4.912096	25.524	100
39754	12550	3	0	3.684072	26.233	100
39755	12550	3	0	3.684072	27.650999	100
39756	12550	3	0	4.912096	28.360001	100
39757	12550	3	0	7.368144	25.524	100
39758	12550	3	0	6.14012	26.233	100
39759	12550	3	0	6.14012	27.650999	100
39760	12550	3	0	7.368144	28.360001	100
39761	12550	3	0	9.824192	25.524	100
39762	12550	3	0	8.596169	26.233	100
39763	12550	3	0	8.596169	27.650999	100
39764	12550	3	0	9.824192	28.360001	100
39765	12550	3	0	12.28024	25.524	100
39766	12550	3	0	11.052217	26.233	100
39767	12550	3	0	11.052217	27.650999	100
39768	12550	3	0	12.28024	28.360001	100
39769	12550	3	0	14.736288	25.524	100
39770	12550	3	0	13.508265	26.233	100
39771	12550	3	0	13.508265	27.650999	100
39772	12550	3	0	14.736288	28.360001	100
39773	12550	3	0	17.192337	25.524	100
39774	12550	3	0	15.964313	26.233	100
39775	12550	3	0	15.964313	27.650999	100
39776	12550	3	0	17.192337	28.360001	100
39777	12550	3	0	19.648384	25.524	100
39778	12550	3	0	18.420361	26.233	100
39779	12550	3	0	18.420361	27.650999	100
39780	12550	3	0	19.648384	28.360001	100
39781	12550	3	0	22.104433	25.524	100
39782	12550	3	0	20.876408	26.233	100
39783	12550	3	0	20.876408	27.650999	100
39784	12550	3	0	22.104433	28.360001	100
39785	12550	3	0	24.56048	25.524	100
39786	12550	3	0	23.332457	26.233	100
39787	12550	3	0	23.332457	27.650999	100
39788	12550	3	0	24.56048	28.360001	100
39789	12550	3	0	27.016529	25.524	100
39790	12550	3	0	25.788504	26.233	100
39791	12550	3	0	25.788504	27.650999	100
39792	12550	3	0	27.016529	28.360001	100
39793	12550	3	0	29.472576	25.524	100
39794	12550	3	0	28.244553	26.233	100
39795	12550	3	0	28.244553	27.650999	100
39796	12550	3	0	29.472576	28.360001	100
39797	12550	3	0	31.928625	25.524	100
39798	12550	3	0	30.7006	26.233	100
39799	12550	3	0	30.7006	27.650999	100
39800	12550	3	0	31.928625	28.360001	100
39801	12550	3	0	34.384674	25.524	100
39802	12550	3	0	33.156647	26.233	100
39803	12550	3	0	33.156647	27.650999	100
39804	12550	3	0	34.384674	28.360001	100
39805	12550	3	0	36.840721	25.524	100
39806	12550	3	0	35.612698	26.233	100
39807	12550	3	0	35.612698	27.650999	100
39808	12550	3	0	36.840721	28.360001	100
39809	12550	3	0	39.296768	25.524	100
39810	12550	3	0	38.068745	26.233	100
39811	12550	3	0	38.068745	27.650999	100
39812	12550	3	0	39.296768	28.360001	100
39813	12550	3	0	41.752815	25.524	100
39814	12550	3	0	40.524792	26.233	100
39815	12550	3	0	40.524792	27.650999	100
39816	12550	3	0	41.752815	28.360001	100
39817	12550	3	0	44.208866	25.524	100
39818	12550	3	0	42.980843	26.233	100
39819	12550	3	0	42.980843	27.650999	100
39820	12550	3	0	44.208866	28.360001	100
39821	12550	3	0	46.664913	25.524	100
39822	12550	3	0	45.43689	26.233	100
39823	12550	3	0	45.43689	27.650999	100
39824	12550	3	0	46.664913	28.360001	100
39825	12550	3	0	49.12096	25.524	100
39826	12550	3	0	47.892937	26.233	100
39827	12550	3	0	47.892937	27.650999	100
39828	12550	3	0	49.12096	28.360001	100
39829	12550	3	0	51.577007	25.524	100
39830	12550	3	0	50.348984	26.233	100
39831	12550	3	0	50.348984	27.650999	100
39832	12550	3	0	51.577007	28.360001	100
39833	12550	3	0	54.033058	25.524	100
39834	12550	3	0	52.805035	26.233	100
39835	12550	3	0	52.805035	27.650999	100
39836	12550	3	0	54.033058	28.360001	100
39837	12550	3	0	56.489105	25.524	100
39838	12550	3	0	55.261082	26.233	100
39839	12550	3	0	55.261082	27.650999	100
39840	12550	3	0	56.489105	28.360001	100
39841	12550	3	0	58.945152	25.524	100
39842	12550	3	0	57.717129	26.233	100
39843	12550	3	0	57.717129	27.650999	100
39844	12550	3	0	58.945152	28.360001	100
39845	12550	3	0	0	29.778	100
39846	12550	3	0	-1.228024	30.487	100
39847	12550	3	0	-1.228024	31.905001	100
39848	12550	3	0	0	32.613998	100
39849	12550	3	0	2.456048	29.778	100
39850	12550	3	0	1.228024	30.487	100
39851	12550	3	0	1.228024	31.905001	100
39852	12550	3	0	2.456048	32.613998	100
39853	12550	3	0	4.912096	29.778	100
39854	12550	3	0	3.684072	30.487	100
39855	12550	3	0	3.684072	31.905001	100
39856	12550	3	0	4.912096	32.613998	100
39857	12550	3	0	7.368144	29.778	100
39858	12550	3	0	6.14012	30.487	100
39859	12550	3	0	6.14012	31.905001	100
39860	12550	3	0	7.368144	32.613998	100
39861	12550	3	0	9.824192	29.778	100
39862	12550	3	0	8.596169	30.487	100
39863	12550	3	0	8.596169	31.905001	100
39864	12550	3	0	9.824192	32.613998	100
39865	12550	3	0	12.28024	29.778	100
39866	12550	3	0	11.052217	30.487	100
39867	12550	3	0	11.052217	31.905001	100
39868	12550	3	0	12.28024	32.613998	100
39869	12550	3	0	14.736288	29.778	100
39870	12550	3	0	13.508265	30.487	100
39871	12550	3	0	13.508265	31.905001	100
39872	12550	3	0	14.736288	32.613998	100
39873	12550	3	0	17.192337	29.778	100
39874	12550	3	0	15.964313	30.487	100
39875	12550	3	0	15.964313	31.905001	100
39876	12550	3	0	17.192337	32.613998	100
39877	12550	3	0	19.648384	29.778	100
39878	12550	3	0	18.420361	30.487	100
39879	12550	3	0	18.420361	31.905001	100
39880	12550	3	0	19.648384	32.613998	100
39881	12550	3	0	22.104433	29.778	100
39882	12550	3	0	20.876408	30.487	100
39883	12550	3	0	20.876408	31.905001	100
39884	12550	3	0	22.104433	32.613998	100
39885	12550	3	0	24.56048	29.778	100
39886	12550	3	0	23.332457	30.487	100
39887	12550	3	0	23.332457	31.905001	100
39888	12550	3	0	24.56048	32.613998	100
39889	12550	3	0	27.016529	29.778	100
39890	12550	3	0	25.788504	30.487	100
39891	12550	3	0	25.788504	31.905001	100
39892	12550	3	0	27.016529	32.613998	100
39893	12550	3	0	29.472576	29.778	100
39894	12550	3	0	28.244553	30.487	100
39895	12550	3	0	28.244553	31.905001	100
39896	12550	3	0	29.472576	32.613998	100
39897	12550	3	0	31.928625	29.778	100
39898	12550	3	0	30.7006	30.487	100
39899	12550	3	0	30.7006	31.905001	100
39900	12550	3	0	31.928625	32.613998	100
39901	12550	3	0	34.384674	29.778	100
39902	12550	3	0	33.156647	30.487	100
39903	12550	3	0	33.156647	31.905001	100
39904	12550	3	0	34.384674	32.613998	100
39905	12550	3	0	36.840721	29.778	100
39906	12550	3	0	35.612698	30.487	100
39907	12550	3	0	35.612698	31.905001	100
39908	12550	3	0	36.840721	32.613998	100
39909	12550	3	0	39.296768	29.778	100
39910	12550	3	0	38.068745	30.487	100
39911	12550	3	0	38.068745	31.905001	100
39912	12550	3	0	39.296768	32.613998	100
39913	12550	3	0	41.752815	29.778	100
39914	12550	3	0	40.524792	30.487	100
39915	12550	3	0	40.524792	31.905001	100
39916	12550	3	0	41.752815	32.613998	100
39917	12550	3	0	44.208866	29.778	100
39918	12550	3	0	42.980843	30.487	100
39919	12550	3	0	42.980843	31.905001	100
39920	12550	3	0	44.208866	32.613998	100
39921	12550	3	0	46.664913	29.778	100
39922	12550	3	0	45.43689	30.487	100
39923	12550	3	0	45.43689	31.905001	100
39924	12550	3	0	46.664913	32.613998	100
39925	12550	3	0	49.12096	29.778	100
39926	12550	3	0	47.892937	30.487	100
39927	12550	3	0	47.892937	31.905001	100
39928	12550	3	0	49.12096	32.613998	100
39929	12550	3	0	51.577007	29.778	100
39930	12550	3	0	50.348984	30.487	100
39931	12550	3	0	50.348984	31.905001	100
39932	12550	3	0	51.577007	32.613998	100
39933	12550	3	0	54.033058	29.778	100
39934	12550	3	0	52.805035	30.487	100
39935	12550	3	0	52.805035	31.905001	100
39936	12550	3	0	54.033058	32.613998	100
39937	12550	3	0	56.489105	29.778	100
39938	12550	3	0	55.261082	30.487	100
39939	12550	3	0	55.261082	31.905001	100
39940	12550	3	0	56.489105	32.613998	100
39941	12550	3	0	58.945152	29.778	100
39942	12550	3	0	57.717129	30.487	100
39943	12550	3	0	57.717129	31.905001	100
39944	12550	3	0	58.945152	32.613998	100
39945	12550	3	0	0	34.032001	100
39946	12550	3	0	-1.228024	34.741001	100
39947	12550	3	0	-1.228024	36.159	100
39948	12550	3	0	0	36.868	100
39949	12550	3	0	2.456048	34.032001	100
39950	12550	3	0	1.228024	34.741001	100
39951	12550	3	0	1.228024	36.159	100
39952	12550	3	0	2.456048	36.868	100
39953	12550	3	0	4.912096	34.032001	100
39954	12550	3	0	3.684072	34.741001	100
39955	12550	3	0	3.684072	36.159	100
39956	12550	3	0	4.912096	36.868	100
39957	12550	3	0	7.368144	34.032001	100
39958	12550	3	0	6.14012	34.741001	100
39959	12550	3	0	6.14012	36.159	100
39960	12550	3	0	7.368144	36.868	100
39961	12550	3	0	9.824192	34.032001	100
39962	12550	3	0	8.596169	34.741001	100
39963	12550	3	0	8.596169	36.159	100
39964	12550	3	0	9.824192	36.868	100
39965	12550	3	0	12.28024	34.032001	100
39966	12550	3	0	11.052217	34.741001	100
39967	12550	3	0	11.052217	36.159	100
39968	12550	3	0	12.28024	36.868	100
39969	12550	3	0	14.736288	34.032001	100
39970	12550	3	0	13.508265	34.741001	100
39971	12550	3	0	13.508265	36.159	100
39972	12550	3	0	14.736288	36.868	100
39973	12550	3	0	17.192337	34.032001	100
39974	12550	3	0	15.964313	34.741001	100
39975	12550	3	0	15.964313	36.159	100
39976	12550	3	0	17.192337	36.868	100
39977	12550	3	0	19.648384	34.032001	100
39978	12550	3	0	18.420361	34.741001	100
39979	12550	3	0	18.420361	36.159	100
39980	12550	3	0	19.648384	36.868	100
39981	12550	3	0	22.104433	34.032001	100
39982	12550	3	0	20.876408	34.741001	100
39983	12550	3	0	20.876408	36.159	100
39984	12550	3	0	22.104433	36.868	100
39985	12550	3	0	24.56048	34.032001	100
39986	12550	3	0	23.332457	34.741001	100
39987	12550	3	0	23.332457	36.159	100
39988	12550	3	0	24.56048	36.868	100
39989	12550	3	0	27.016529	34.032001	100
39990	12550	3	0	25.788504	34.741001	100
39991	12550	3	0	25.788504	36.159	100
39992	12550	3	0	27.016529	36.868	100
39993	12550	3	0	29.472576	34.032001	100
39994	12550	3	0	28.244553	34.741001	100
39995	12550	3	0	28.244553	36.159	100
39996	12550	3	0	29.472576	36.868	100
39997	12550	3	0	31.928625	34.032001	100
39998	12550	3	0	30.7006	34.741001	100
39999	12550	3	0	30.7006	36.159	100
40000	12550	3	0	31.928625	36.868	100
40001	12550	3	0	34.384674	34.032001	100
40002	12550	3	0	33.156647	34.741001	100
40003	12550	3	0	33.156647	36.159	100
40004	12550	3	0	34.384674	36.868	100
40005	12550	3	0	36.840721	34.032001	100
40006	12550	3	0	35.612698	34.741001	100
40007	12550	3	0	35.612698	36.159	100
40008	12550	3	0	36.840721	36.868	100
40009	12550	3	0	39.296768	34.032001	100
40010	12550	3	0	38.068745	34.741001	100
40011	12550	3	0	38.068745	36.159	100
40012	12550	3	0	39.296768	36.868	100
40013	12550	3	0	41.752815	34.032001	100
40014	12550	3	0	40.524792	34.741001	100
40015	12550	3	0	40.524792	36.159	100
40016	12550	3	0	41.752815	36.868	100
40017	12550	3	0	44.208866	34.032001	100
40018	12550	3	0	42.980843	34.741001	100
40019	12550	3	0	42.980843	36.159	100
40020	12550	3	0	44.208866	36.868	100
40021	12550	3	0	46.664913	34.032001	100
40022	12550	3	0	45.43689	34.741001	100
40023	12550	3	0	45.43689	36.159	100
40024	12550	3	0	46.664913	36.868	100
40025	12550	3	0	49.12096	34.032001	100
40026	12550	3	0	47.892937	34.741001	100
40027	12550	3	0	47.892937	36.159	100
40028	12550	3	0	49.12096	36.868	100
40029	12550	3	0	51.577007	34.032001	100
40030	12550	3	0	50.348984	34.741001	100
40031	12550	3	0	50.348984	36.159	100
40032	12550	3	0	51.577007	36.868	100
40033	12550	3	0	54.033058	34.032001	100
40034	12550	3	0	52.805035	34.741001	100
40035	12550	3	0	52.805035	36.159	100
40036	12550	3	0	54.033058	36.868	100
40037	12550	3	0	56.489105	34.032001	100
40038	12550	3	0	55.261082	34.741001	100
40039	12550	3	0	55.261082	36.159	100
40040	12550	3	0	56.489105	36.868	100
40041	12550	3	0	58.945152	34.032001	100
40042	12550	3	0	57.717129	34.741001	100
40043	12550	3	0	57.717129	36.159	100
40044	12550	3	0	58.945152	36.868	100
40045	12550	3	0	0	38.285999	100
40046	12550	3	0	-1.228024	38.994999	100
40047	12550	3	0	-1.228024	40.412998	100
40048	12550	3	0	0	41.122002	100
40049	12550	3	0	2.456048	38.285999	100
40050	12550	3	0	1.228024	38.994999	100
40051	12550	3	0	1.228024	40.412998	100
40052	12550	3	0	2.456048	41.122002	100
40053	12550	3	0	4.912096	38.285999	100
40054	12550	3	0	3.684072	38.994999	100
40055	12550	3	0	3.684072	40.412998	100
40056	12550	3	0	4.912096	41.122002	100
40057	12550	3	0	7.368144	38.285999	100
40058	12550	3	0	6.14012	38.994999	100
40059	12550	3	0	6.14012	40.412998	100
40060	12550	3	0	7.368144	41.122002	100
40061	12550	3	0	9.824192	38.285999	100
40062	12550	3	0	8.596169	38.994999	100
40063	12550	3	0	8.596169	40.412998	100
40064	12550	3	0	9.824192	41.122002	100
40065	12550	3	0	12.28024	38.285999	100
40066	12550	3	0	11.052217	38.994999	100
40067	12550	3	0	11.052217	40.412998	100
40068	12550	3	0	12.28024	41.122002	100
40069	12550	3	0	14.736288	38.285999	100
40070	12550	3	0	13.508265	38.994999	100
40071	12550	3	0	13.508265	40.412998	100
40072	12550	3	0	14.736288	41.122002	100
40073	12550	3	0	17.192337	38.285999	100
40074	12550	3	0	15.964313	38.994999	100
40075	12550	3	0	15.964313	40.412998	100
40076	12550	3	0	17.192337	41.122002	100
40077	12550	3	0	19.648384	38.285999	100
40078	12550	3	0	18.420361	38.994999	100
40079	12550	3	0	18.420361	40.412998	100
40080	12550	3	0	19.648384	41.122002	100
40081	12550	3	0	22.104433	38.285999	100
40082	12550	3	0	20.876408	38.994999	100
40083	12550	3	0	20.876408	40.412998	100
40084	12550	3	0	22.104433	41.122002	100
40085	12550	3	0	24.56048	38.285999	100
40086	12550	3	0	23.332457	38.994999	100
40087	12550	3	0	23.332457	40.412998	100
40088	12550	3	0	24.56048	41.122002	100
40089	12550	3	0	27.016529	38.285999	100
40090	12550	3	0	25.788504	38.994999	100
40091	12550	3	0	25.788504	40.412998	100
40092	12550	3	0	27.016529	41.122002	100
40093	12550	3	0	29.472576	38.285999	100
40094	12550	3	0	28.244553	38.994999	100
40095	12550	3	0	28.244553	40.412998	100
40096	12550	3	0	29.472576	41.122002	100
40097	12550	3	0	31.928625	38.285999	100
40098	12550	3	0	30.7006	38.994999	100
40099	12550	3	0	30.7006	40.412998	100
40100	12550	3	0	31.928625	41.122002	100
40101	12550	3	0	34.384674	38.285999	100
40102	12550	3	0	33.156647	38.994999	100
40103	12550	3	0	33.156647	40.412998	100
40104	12550	3	0	34.384674	41.122002	100
40105	12550	3	0	36.840721	38.285999	100
40106	12550	3	0	35.612698	38.994999	100
40107	12550	3	0	35.612698	40.412998	100
40108	12550	3	0	36.840721	41.122002	100
40109	12550	3	0	39.296768	38.285999	100
40110	12550	3	0	38.068745	38.994999	100
40111	12550	3	0	38.068745	40.412998	100
40112	12550	3	0	39.296768	41.122002	100
40113	12550	3	0	41.752815	38.285999	100
40114	12550	3	0	40.524792	38.994999	100
40115	12550	3	0	40.524792	40.412998	100
40116	12550	3	0	41.752815	41.122002	100
40117	12550	3	0	44.208866	38.285999	100
40118	12550	3	0	42.980843	38.994999	100
40119	12550	3	0	42.980843	40.412998	100
40120	12550	3	0	44.208866	41.122002	100
40121	12550	3	0	46.664913	38.285999	100
40122	12550	3	0	45.43689	38.994999	100
40123	12550	3	0	45.43689	40.412998	100
40124	12550	3	0	46.664913	41.122002	100
40125	12550	3	0	49.12096	38.285999	100
40126	12550	3	0	47.892937	38.994999	100
40127	12550	3	0	47.892937	40.412998	100
40128	12550	3	0	49.12096	41.122002	100
40129	12550	3	0	51.577007	38.285999	100
40130	12550	3	0	50.348984	38.994999	100
40131	12550	3	0	50.348984	40.412998	100
40132	12550	3	0	51.577007	41.122002	100
40133	12550	3	0	54.033058	38.285999	100
40134	12550	3	0	52.805035	38.994999	100
40135	12550	3	0	52.805035	40.412998	100
40136	12550	3	0	54.033058	41.122002	100
40137	12550	3	0	56.489105	38.285999	100
40138	12550	3	0	55.261082	38.994999	100
40139	12550	3	0	55.261082	40.412998	100
40140	12550	3	0	56.489105	41.122002	100
40141	12550	3	0	58.945152	38.285999	100
40142	12550	3	0	57.717129	38.994999	100
40143	12550	3	0	57.717129	40.412998	100
40144	12550	3	0	58.945152	41.122002	100
40145	12550	3	0	0	42.540001	100
40146	12550	3	0	-1.228024	43.249001	100
40147	12550	3	0	-1.228024	44.667	100
40148	12550	3	0	0	45.375999	100
40149	12550	3	0	2.456048	42.540001	100
40150	12550	3	0	1.228024	43.249001	100
40151	12550	3	0	1.228024	44.667	100
40152	12550	3	0	2.456048	45.375999	100
40153	12550	3	0	4.912096	42.540001	100
40154	12550	3	0	3.684072	43.249001	100
40155	12550	3	0	3.684072	44.667	100
40156	12550	3	0	4.912096	45.375999	100
40157	12550	3	0	7.368144	42.540001	100
40158	12550	3	0	6.14012	43.249001	100
40159	12550	3	0	6.14012	44.667	100
40160	12550	3	0	7.368144	45.375999	100
40161	12550	3	0	9.824192	42.540001	100
40162	12550	3	0	8.596169	43.249001	100
40163	12550	3	0	8.596169	44.667	100
40164	12550	3	0	9.824192	45.375999	100
40165	12550	3	0	12.28024	42.540001	100
40166	12550	3	0	11.052217	43.249001	100
40167	12550	3	0	11.052217	44.667	100
40168	12550	3	0	12.28024	45.375999	100
40169	12550	3	0	14.736288	42.540001	100
40170	12550	3	0	13.508265	43.249001	100
40171	12550	3	0	13.508265	44.667	100
40172	12550	3	0	14.736288	45.375999	100
40173	12550	3	0	17.192337	42.540001	100
40174	12550	3	0	15.964313	43.249001	100
40175	12550	3	0	15.964313	44.667	100
40176	12550	3	0	17.192337	45.375999	100
40177	12550	3	0	19.648384	42.540001	100
40178	12550	3	0	18.420361	43.249001	100
40179	12550	3	0	18.420361	44.667	100
40180	12550	3	0	19.648384	45.375999	100
40181	12550	3	0	22.104433	42.540001	100
40182	12550	3	0	20.876408	43.249001	100
40183	12550	3	0	20.876408	44.667	100
40184	12550	3	0	22.104433	45.375999	100
40185	12550	3	0	24.56048	42.540001	100
40186	12550	3	0	23.332457	43.249001	100
40187	12550	3	0	23.332457	44.667	100
40188	12550	3	0	24.56048	45.375999	100
40189	12550	3	0	27.016529	42.540001	100
40190	12550	3	0	25.788504	43.249001	100
40191	12550	3	0	25.788504	44.667	100
40192	12550	3	0	27.016529	45.375999	100
40193	12550	3	0	29.472576	42.540001	100
40194	12550	3	0	28.244553	43.249001	100
40195	12550	3	0	28.244553	44.667	100
40196	12550	3	0	29.472576	45.375999	100
40197	12550	3	0	31.928625	42.540001	100
40198	12550	3	0	30.7006	43.249001	100
40199	12550	3	0	30.7006	44.667	100
40200	12550	3	0	31.928625	45.375999	100
40201	12550	3	0	34.384674	42.540001	100
40202	12550	3	0	33.156647	43.249001	100
40203	12550	3	0	33.156647	44.667	100
40204	12550	3	0	34.384674	45.375999	100
40205	12550	3	0	36.840721	42.540001	100
40206	12550	3	0	35.612698	43.249001	100
40207	12550	3	0	35.612698	44.667	100
40208	12550	3	0	36.840721	45.375999	100
40209	12550	3	0	39.296768	42.540001	100
40210	12550	3	0	38.068745	43.249001	100
40211	12550	3	0	38.068745	44.667	100
40212	12550	3	0	39.296768	45.375999	100
40213	12550	3	0	41.752815	42.540001	100
40214	12550	3	0	40.524792	43.249001	100
40215	12550	3	0	40.524792	44.667	100
40216	12550	3	0	41.752815	45.375999	100
40217	12550	3	0	44.208866	42.540001	100
40218	12550	3	0	42.980843	43.249001	100
40219	12550	3	0	42.980843	44.667	100
40220	12550	3	0	44.208866	45.375999	100
40221	12550	3	0	46.664913	42.540001	100
40222	12550	3	0	45.43689	43.249001	100
40223	12550	3	0	45.43689	44.667	100
40224	12550	3	0	46.664913	45.375999	100
40225	12550	3	0	49.12096	42.540001	100
40226	12550	3	0	47.892937	43.249001	100
40227	12550	3	0	47.892937	44.667	100
40228	12550	3	0	49.12096	45.375999	100
40229	12550	3	0	51.577007	42.540001	100
40230	12550	3	0	50.348984	43.249001	100
40231	12550	3	0	50.348984	44.667	100
40232	12550	3	0	51.577007	45.375999	100
40233	12550	3	0	54.033058	42.540001	100
40234	12550	3	0	52.805035	43.249001	100
40235	12550	3	0	52.805035	44.667	100
40236	12550	3	0	54.033058	45.375999	100
40237	12550	3	0	56.489105	42.540001	100
40238	12550	3	0	55.261082	43.249001	100
40239	12550	3	0	55.261082	44.667	100
40240	12550	3	0	56.489105	45.375999	100
40241	12550	3	0	58.945152	42.540001	100
40242	12550	3	0	57.717129	43.249001	100
40243	12550	3	0	57.717129	44.667	100
40244	12550	3	0	58.945152	45.375999	100
40245	12550	3	0	0	46.793999	100
40246	12550	3	0	-1.228024	47.502998	100
40247	12550	3	0	-1.228024	48.921001	100
40248	12550	3	0	0	49.630001	100
40249	12550	3	0	2.456048	46.793999	100
40250	12550	3	0	1.228024	47.502998	100
40251	12550	3	0	1.228024	48.921001	100
40252	12550	3	0	2.456048	49.630001	100
40253	12550	3	0	4.912096	46.793999	100
40254	12550	3	0	3.684072	47.502998	100
40255	12550	3	0	3.684072	48.921001	100
40256	12550	3	0	4.912096	49.630001	100
40257	12550	3	0	7.368144	46.793999	100
40258	12550	3	0	6.14012	47.502998	100
40259	12550	3	0	6.14012	48.921001	100
40260	12550	3	0	7.368144	49.630001	100
40261	12550	3	0	9.824192	46.793999	100
40262	12550	3	0	8.596169	47.502998	100
40263	12550	3	0	8.596169	48.921001	100
40264	12550	3	0	9.824192	49.630001	100
40265	12550	3	0	12.28024	46.793999	100
40266	12550	3	0	11.052217	47.502998	100
40267	12550	3	0	11.052217	48.921001	100
40268	12550	3	0	12.28024	49.630001	100
40269	12550	3	0	14.736288	46.793999	100
40270	12550	3	0	13.508265	47.502998	100
40271	12550	3	0	13.508265	48.921001	100
40272	12550	3	0	14.736288	49.630001	100
40273	12550	3	0	17.192337	46.793999	100
40274	12550	3	0	15.964313	47.502998	100
40275	12550	3	0	15.964313	48.921001	100
40276	12550	3	0	17.192337	49.630001	100
40277	12550	3	0	19.648384	46.793999	100
40278	12550	3	0	18.420361	47.502998	100
40279	12550	3	0	18.420361	48.921001	100
40280	12550	3	0	19.648384	49.630001	100
40281	12550	3	0	22.104433	46.793999	100
40282	12550	3	0	20.876408	47.502998	100
40283	12550	3	0	20.876408	48.921001	100
40284	12550	3	0	22.104433	49.630001	100
40285	12550	3	0	24.56048	46.793999	100
40286	12550	3	0	23.332457	47.502998	100
40287	12550	3	0	23.332457	48.921001	100
40288	12550	3	0	24.56048	49.630001	100
40289	12550	3	0	27.016529	46.793999	100
40290	12550	3	0	25.788504	47.502998	100
40291	12550	3	0	25.788504	48.921001	100
40292	12550	3	0	27.016529	49.630001	100
40293	12550	3	0	29.472576	46.793999	100
40294	12550	3	0	28.244553	47.502998	100
40295	12550	3	0	28.244553	48.921001	100
40296	12550	3	0	29.472576	49.630001	100
40297	12550	3	0	31.928625	46.793999	100
40298	12550	3	0	30.7006	47.502998	100
40299	12550	3	0	30.7006	48.921001	100
40300	12550	3	0	31.928625	49.630001	100
40301	12550	3	0	34.384674	46.793999	100
40302	12550	3	0	33.156647	47.502998	100
40303	12550	3	0	33.156647	48.921001	100
40304	12550	3	0	34.384674	49.630001	100
40305	12550	3	0	36.840721	46.793999	100
40306	12550	3	0	35.612698	47.502998	100
40307	12550	3	0	35.612698	48.921001	100
40308	12550	3	0	36.840721	49.630001	100
40309	12550	3	0	39.296768	46.793999	100
40310	12550	3	0	38.068745	47.502998	100
40311	12550	3	0	38.068745	48.921001	100
40312	12550	3	0	39.296768	49.630001	100
40313	12550	3	0	41.752815	46.793999	100
40314	12550	3	0	40.524792	47.502998	100
40315	12550	3	0	40.524792	48.921001	100
40316	12550	3	0	41.752815	49.630001	100
40317	12550	3	0	44.208866	46.793999	100
40318	12550	3	0	42.980843	47.502998	100
40319	12550	3	0	42.980843	48.921001	100
40320	12550	3	0	44.208866	49.630001	100
40321	12550	3	0	46.664913	46.793999	100
40322	12550	3	0	45.43689	47.502998	100
40323	12550	3	0	45.43689	48.921001	100
40324	12550	3	0	46.664913	49.630001	100
40325	12550	3	0	49.12096	46.793999	100
40326	12550	3	0	47.892937	47.502998	100
40327	12550	3	0	47.892937	48.921001	100
40328	12550	3	0	49.12096	49.630001	100
40329	12550	3	0	51.577007	46.793999	100
40330	12550	3	0	50.348984	47.502998	100
40331	12550	3	0	50.348984	48.921001	100
40332	12550	3	0	51.577007	49.630001	100
40333	12550	3	0	54.033058	46.793999	100
40334	12550	3	0	52.805035	47.502998	100
40335	12550	3	0	52.805035	48.921001	100
40336	12550	3	0	54.033058	49.630001	100
40337	12550	3	0	56.489105	46.793999	100
40338	12550	3	0	55.261082	47.502998	100
40339	12550	3	0	55.261082	48.921001	100
40340	12550	3	0	56.489105	49.630001	100
40341	12550	3	0	58.945152	46.793999	100
40342	12550	3	0	57.717129	47.502998	100
40343	12550	3	0	57.717129	48.921001	100
40344	12550	3	0	58.945152	49.630001	100
40345	12550	3	0	0	51.048	100
40346	12550	3	0	-1.228024	51.757	100
40347	12550	3	0	-1.228024	53.174999	100
40348	12550	3	0	0	53.883999	100
40349	12550	3	0	2.456048	51.048	100
40350	12550	3	0	1.228024	51.757	100
40351	12550	3	0	1.228024	53.174999	100
40352	12550	3	0	2.456048	53.883999	100
40353	12550	3	0	4.912096	51.048	100
40354	12550	3	0	3.684072	51.757	100
40355	12550	3	0	3.684072	53.174999	100
40356	12550	3	0	4.912096	53.883999	100
40357	12550	3	0	7.368144	51.048	100
40358	12550	3	0	6.14012	51.757	100
40359	12550	3	0	6.14012	53.174999	100
40360	12550	3	0	7.368144	53.883999	100
40361	12550	3	0	9.824192	51.048	100
40362	12550	3	0	8.596169	51.757	100
40363	12550	3	0	8.596169	53.174999	100
40364	12550	3	0	9.824192	53.883999	100
40365	12550	3	0	12.28024	51.048	100
40366	12550	3	0	11.052217	51.757	100
40367	12550	3	0	11.052217	53.174999	100
40368	12550	3	0	12.28024	53.883999	100
40369	12550	3	0	14.736288	51.048	100
40370	12550	3	0	13.508265	51.757	100
40371	12550	3	0	13.508265	53.174999	100
40372	12550	3	0	14.736288	53.883999	100
40373	12550	3	0	17.192337	51.048	100
40374	12550	3	0	15.964313	51.757	100
40375	12550	3	0	15.964313	53.174999	100
40376	12550	3	0	17.192337	53.883999	100
40377	12550	3	0	19.648384	51.048	100
40378	12550	3	0	18.420361	51.757	100
40379	12550	3	0	18.420361	53.174999	100
40380	12550	3	0	19.648384	53.883999	100
40381	12550	3	0	22.104433	51.048	100
40382	12550	3	0	20.876408	51.757	100
40383	12550	3	0	20.876408	53.174999	100
40384	12550	3	0	22.104433	53.883999	100
40385	12550	3	0	24.56048	51.048	100
40386	12550	3	0	23.332457	51.757	100
40387	12550	3	0	23.332457	53.174999	100
40388	12550	3	0	24.56048	53.883999	100
40389	12550	3	0	27.016529	51.048	100
40390	12550	3	0	25.788504	51.757	100
40391	12550	3	0	25.788504	53.174999	100
40392	12550	3	0	27.016529	53.883999	100
40393	12550	3	0	29.472576	51.048	100
40394	12550	3	0	28.244553	51.757	100
40395	12550	3	0	28.244553	53.174999	100
40396	12550	3	0	29.472576	53.883999	100
40397	12550	3	0	31.928625	51.048	100
40398	12550	3	0	30.7006	51.757	100
40399	12550	3	0	30.7006	53.174999	100
40400	12550	3	0	31.928625	53.883999	100
40401	12550	3	0	34.384674	51.048	100
40402	12550	3	0	33.156647	51.757	100
40403	12550	3	0	33.156647	53.174999	100
40404	12550	3	0	34.384674	53.883999	100
40405	12550	3	0	36.840721	51.048	100
40406	12550	3	0	35.612698	51.757	100
40407	12550	3	0	35.612698	53.174999	100
40408	12550	3	0	36.840721	53.883999	100
40409	12550	3	0	39.296768	51.048	100
40410	12550	3	0	38.068745	51.757	100
40411	12550	3	0	38.068745	53.174999	100
40412	12550	3	0	39.296768	53.883999	100
40413	12550	3	0	41.752815	51.048	100
40414	12550	3	0	40.524792	51.757	100
40415	12550	3	0	40.524792	53.174999	100
40416	12550	3	0	41.752815	53.883999	100
40417	12550	3	0	44.208866	51.048	100
40418	12550	3	0	42.980843	51.757	100
40419	12550	3	0	42.980843	53.174999	100
40420	12550	3	0	44.208866	53.883999	100
40421	12550	3	0	46.664913	51.048	100
40422	12550	3	0	45.43689	51.757	100
40423	12550	3	0	45.43689	53.174999	100
40424	12550	3	0	46.664913	53.883999	100
40425	12550	3	0	49.12096	51.048	100
40426	12550	3	0	47.892937	51.757	100
40427	12550	3	0	47.892937	53.174999	100
40428	12550	3	0	49.12096	53.883999	100
40429	12550	3	0	51.577007	51.048	100
40430	12550	3	0	50.348984	51.757	100
40431	12550	3	0	50.348984	53.174999	100
40432	12550	3	0	51.577007	53.883999	100
40433	12550	3	0	54.033058	51.048	100
40434	12550	3	0	52.805035	51.757	100
40435	12550	3	0	52.805035	53.174999	100
40436	12550	3	0	54.033058	53.883999	100
40437	12550	3	0	56.489105	51.048	100
40438	12550	3	0	55.261082	51.757	100
40439	12550	3	0	55.261082	53.174999	100
40440	12550	3	0	56.489105	53.883999	100
40441	12550	3	0	58.945152	51.048	100
40442	12550	3	0	57.717129	51.757	100
40443	12550	3	0	57.717129	53.174999	100
40444	12550	3	0	58.945152	53.883999	100
40445	12550	3	0	0	55.301998	100
40446	12550	3	0	-1.228024	56.011002	100
40447	12550	3	0	-1.228024	57.429001	100
40448	12550	3	0	0	58.138	100
40449	12550	3	0	2.456048	55.301998	100
40450	12550	3	0	1.228024	56.011002	100
40451	12550	3	0	1.228024	57.429001	100
40452	12550	3	0	2.456048	58.138	100
40453	12550	3	0	4.912096	55.301998	100
40454	12550	3	0	3.684072	56.011002	100
40455	12550	3	0	3.684072	57.429001	100
40456	12550	3	0	4.912096	58.138	100
40457	12550	3	0	7.368144	55.301998	100
40458	12550	3	0	6.14012	56.011002	100
40459	12550	3	0	6.14012	57.429001	100
40460	12550	3	0	7.368144	58.138	100
40461	12550	3	0	9.824192	55.301998	100
40462	12550	3	0	8.596169	56.011002	100
40463	12550	3	0	8.596169	57.429001	100
40464	12550	3	0	9.824192	58.138	100
40465	12550	3	0	12.28024	55.301998	100
40466	12550	3	0	11.052217	56.011002	100
40467	12550	3	0	11.052217	57.429001	100
40468	12550	3	0	12.28024	58.138	100
40469	12550	3	0	14.736288	55.301998	100
40470	12550	3	0	13.508265	56.011002	100
40471	12550	3	0	13.508265	57.429001	100
40472	12550	3	0	14.736288	58.138	100
40473	12550	3	0	17.192337	55.301998	100
40474	12550	3	0	15.964313	56.011002	100
40475	12550	3	0	15.964313	57.429001	100
40476	12550	3	0	17.192337	58.138	100
40477	12550	3	0	19.648384	55.301998	100
40478	12550	3	0	18.420361	56.011002	100
40479	12550	3	0	18.420361	57.429001	100
40480	12550	3	0	19.648384	58.138	100
40481	12550	3	0	22.104433	55.301998	100
40482	12550	3	0	20.876408	56.011002	100
40483	12550	3	0	20.876408	57.429001	100
40484	12550	3	0	22.104433	58.138	100
40485	12550	3	0	24.56048	55.301998	100
40486	12550	3	0	23.332457	56.011002	100
40487	12550	3	0	23.332457	57.429001	100
40488	12550	3	0	24.56048	58.138	100
40489	12550	3	0	27.016529	55.301998	100
40490	12550	3	0	25.788504	56.011002	100
40491	12550	3	0	25.788504	57.429001	100
40492	12550	3	0	27.016529	58.138	100
40493	12550	3	0	29.472576	55.301998	100
40494	12550	3	0	28.244553	56.011002	100
40495	12550	3	0	28.244553	57.429001	100
40496	12550	3	0	29.472576	58.138	100
40497	12550	3	0	31.928625	55.301998	100
40498	12550	3	0	30.7006	56.011002	100
40499	12550	3	0	30.7006	57.429001	100
40500	12550	3	0	31.928625	58.138	100
40501	12550	3	0	34.384674	55.301998	100
40502	12550	3	0	33.156647	56.011002	100
40503	12550	3	0	33.156647	57.429001	100
40504	12550	3	0	34.384674	58.138	100
40505	12550	3	0	36.840721	55.301998	100
40506	12550	3	0	35.612698	56.011002	100
40507	12550	3	0	35.612698	57.429001	100
40508	12550	3	0	36.840721	58.138	100
40509	12550	3	0	39.296768	55.301998	100
40510	12550	3	0	38.068745	56.011002	100
40511	12550	3	0	38.068745	57.429001	100
40512	12550	3	0	39.296768	58.138	100
40513	12550	3	0	41.752815	55.301998	100
40514	12550	3	0	40.524792	56.011002	100
40515	12550	3	0	40.524792	57.429001	100
40516	12550	3	0	41.752815	58.138	100
40517	12550	3	0	44.208866	55.301998	100
40518	12550	3	0	42.980843	56.011002	100
40519	12550	3	0	42.980843	57.429001	100
40520	12550	3	0	44.208866	58.138	100
40521	12550	3	0	46.664913	55.301998	100
40522	12550	3	0	45.43689	56.011002	100
40523	12550	3	0	45.43689	57.429001	100
40524	12550	3	0	46.664913	58.138	100
40525	12550	3	0	49.12096	55.301998	100
40526	12550	3	0	47.892937	56.011002	100
40527	12550	3	0	47.892937	57.429001	100
40528	12550	3	0	49.12096	58.138	100
40529	12550	3	0	51.577007	55.301998	100
40530	12550	3	0	50.348984	56.011002	100
40531	12550	3	0	50.348984	57.429001	100
40532	12550	3	0	51.577007	58.138	100
40533	12550	3	0	54.033058	55.301998	100
40534	12550	3	0	52.805035	56.011002	100
40535	12550	3	0	52.805035	57.429001	100
40536	12550	3	0	54.033058	58.138	100
40537	12550	3	0	56.489105	55.301998	100
40538	12550	3	0	55.261082	56.011002	100
40539	12550	3	0	55.261082	57.429001	100
40540	12550	3	0	56.489105	58.138	100
40541	12550	3	0	58.945152	55.301998	100
40542	12550	3	0	57.717129	56.011002	100
40543	12550	3	0	57.717129	57.429001	100
40544	12550	3	0	58.945152	58.138	100
40545	12550	3	0	0	59.556	100
40546	12550	3	0	-1.228024	60.264999	100
40547	12550	3	0	-1.228024	61.682999	100
40548	12550	3	0	0	62.391998	100
40549	12550	3	0	2.456048	59.556	100
40550	12550	3	0	1.228024	60.264999	100
40551	12550	3	0	1.228024	61.682999	100
40552	12550	3	0	2.456048	62.391998	100
40553	12550	3	0	4.912096	59.556	100
40554	12550	3	0	3.684072	60.264999	100
40555	12550	3	0	3.684072	61.682999	100
40556	12550	3	0	4.912096	62.391998	100
40557	12550	3	0	7.368144	59.556	100
40558	12550	3	0	6.14012	60.264999	100
40559	12550	3	0	6.14012	61.682999	100
40560	12550	3	0	7.368144	62.391998	100
40561	12550	3	0	9.824192	59.556	100
40562	12550	3	0	8.596169	60.264999	100
40563	12550	3	0	8.596169	61.682999	100
40564	12550	3	0	9.824192	62.391998	100
40565	12550	3	0	12.28024	59.556	100
40566	12550	3	0	11.052217	60.264999	100
40567	12550	3	0	11.052217	61.682999	100
40568	12550	3	0	12.28024	62.391998	100
40569	12550	3	0	14.736288	59.556	100
40570	12550	3	0	13.508265	60.264999	100
40571	12550	3	0	13.508265	61.682999	100
40572	12550	3	0	14.736288	62.391998	100
40573	12550	3	0	17.192337	59.556	100
40574	12550	3	0	15.964313	60.264999	100
40575	12550	3	0	15.964313	61.682999	100
40576	12550	3	0	17.192337	62.391998	100
40577	12550	3	0	19.648384	59.556	100
40578	12550	3	0	18.420361	60.264999	100
40579	12550	3	0	18.420361	61.682999	100
40580	12550	3	0	19.648384	62.391998	100
40581	12550	3	0	22.104433	59.556	100
40582	12550	3	0	20.876408	60.264999	100
40583	12550	3	0	20.876408	61.682999	100
40584	12550	3	0	22.104433	62.391998	100
40585	12550	3	0	24.56048	59.556	100
40586	12550	3	0	23.332457	60.264999	100
40587	12550	3	0	23.332457	61.682999	100
40588	12550	3	0	24.56048	62.391998	100
40589	12550	3	0	27.016529	59.556	100
40590	12550	3	0	25.788504	60.264999	100
40591	12550	3	0	25.788504	61.682999	100
40592	12550	3	0	27.016529	62.391998	100
40593	12550	3	0	29.472576	59.556	100
40594	12550	3	0	28.244553	60.264999	100
40595	12550	3	0	28.244553	61.682999	100
40596	12550	3	0	29.472576	62.391998	100
40597	12550	3	0	31.928625	59.556	100
40598	12550	3	0	30.7006	60.264999	100
40599	12550	3	0	30.7006	61.682999	100
40600	12550	3	0	31.928625	62.391998	100
40601	12550	3	0	34.384674	59.556	100
40602	12550	3	0	33.156647	60.264999	100
40603	12550	3	0	33.156647	61.682999	100
40604	12550	3	0	34.384674	62.391998	100
40605	12550	3	0	36.840721	59.556	100
40606	12550	3	0	35.612698	60.264999	100
40607	12550	3	0	35.612698	61.682999	100
40608	12550	3	0	36.840721	62.391998	100
40609	12550	3	0	39.296768	59.556	100
40610	12550	3	0	38.068745	60.264999	100
40611	12550	3	0	38.068745	61.682999	100
40612	12550	3	0	39.296768	62.391998	100
40613	12550	3	0	41.752815	59.556	100
40614	12550	3	0	40.524792	60.264999	100
40615	12550	3	0	40.524792	61.682999	100
40616	12550	3	0	41.752815	62.391998	100
40617	12550	3	0	44.208866	59.556	100
40618	12550	3	0	42.980843	60.264999	100
40619	12550	3	0	42.980843	61.682999	100
40620	12550	3	0	44.208866	62.391998	100
40621	12550	3	0	46.664913	59.556	100
40622	12550	3	0	45.43689	60.264999	100
40623	12550	3	0	45.43689	61.682999	100
40624	12550	3	0	46.664913	62.391998	100
40625	12550	3	0	49.12096	59.556	100
40626	12550	3	0	47.892937	60.264999	100
40627	12550	3	0	47.892937	61.682999	100
40628	12550	3	0	49.12096	62.391998	100
40629	12550	3	0	51.577007	59.556	100
40630	12550	3	0	50.348984	60.264999	100
40631	12550	3	0	50.348984	61.682999	100
40632	12550	3	0	51.577007	62.391998	100
40633	12550	3	0	54.033058	59.556	100
40634	12550	3	0	52.805035	60.264999	100
40635	12550	3	0	52.805035	61.682999	100
40636	12550	3	0	54.033058	62.391998	100
40637	12550	3	0	56.489105	59.556	100
40638	12550	3	0	55.261082	60.264999	100
40639	12550	3	0	55.261082	61.682999	100
40640	12550	3	0	56.489105	62.391998	100
40641	12550	3	0	58.945152	59.556	100
40642	12550	3	0	57.717129	60.264999	100
40643	12550	3	0	57.717129	61.682999	100
40644	12550	3	0	58.945152	62.391998	100
