15850 4949 5 0 0 0 40
15851 4949 5 0 -1.195115 0.69 40
15852 4949 5 0 -1.195115 2.07 40
15853 4949 5 0 0 2.76 40
15854 4949 5 0 2.39023 0 40
15855 4949 5 0 1.195115 0.69 40
15856 4949 5 0 1.195115 2.07 40
15857 4949 5 0 2.39023 2.76 40
15858 4949 5 0 4.78046 0 40
15859 4949 5 0 3.585345 0.69 40
15860 4949 5 0 3.585345 2.07 40
15861 4949 5 0 4.78046 2.76 40
15862 4949 5 0 7.170691 0 40
15863 4949 5 0 5.975575 0.69 40
15864 4949 5 0 5.975575 2.07 40
15865 4949 5 0 7.170691 2.76 40
15866 4949 5 0 9.560921 0 40
15867 4949 5 0 8.365806 0.69 40
15868 4949 5 0 8.365806 2.07 40
15869 4949 5 0 9.560921 2.76 40
15870 4949 5 0 11.951151 0 40
15871 4949 5 0 10.756036 0.69 40
15872 4949 5 0 10.756036 2.07 40
15873 4949 5 0 11.951151 2.76 40
15874 4949 5 0 14.341381 0 40
15875 4949 5 0 13.146266 0.69 40
15876 4949 5 0 13.146266 2.07 40
15877 4949 5 0 14.341381 2.76 40
15878 4949 5 0 16.731611 0 40
15879 4949 5 0 15.536496 0.69 40
15880 4949 5 0 15.536496 2.07 40
15881 4949 5 0 16.731611 2.76 40
15882 4949 5 0 19.121841 0 40
15883 4949 5 0 17.926725 0.69 40
15884 4949 5 0 17.926725 2.07 40
15885 4949 5 0 19.121841 2.76 40
15886 4949 5 0 21.512072 0 40
15887 4949 5 0 20.316956 0.69 40
15888 4949 5 0 20.316956 2.07 40
15889 4949 5 0 21.512072 2.76 40
15890 4949 5 0 23.902302 0 40
15891 4949 5 0 22.707186 0.69 40
15892 4949 5 0 22.707186 2.07 40
15893 4949 5 0 23.902302 2.76 40
15894 4949 5 0 26.292532 0 40
15895 4949 5 0 25.097416 0.69 40
15896 4949 5 0 25.097416 2.07 40
15897 4949 5 0 26.292532 2.76 40
15898 4949 5 0 28.682762 0 40
15899 4949 5 0 27.487646 0.69 40
15900 4949 5 0 27.487646 2.07 40
15901 4949 5 0 28.682762 2.76 40
15902 4949 5 0 31.072992 0 40
15903 4949 5 0 29.877876 0.69 40
15904 4949 5 0 29.877876 2.07 40
15905 4949 5 0 31.072992 2.76 40
15906 4949 5 0 33.463223 0 40
15907 4949 5 0 32.268108 0.69 40
15908 4949 5 0 32.268108 2.07 40
15909 4949 5 0 33.463223 2.76 40
15910 4949 5 0 35.853451 0 40
15911 4949 5 0 34.658337 0.69 40
15912 4949 5 0 34.658337 2.07 40
15913 4949 5 0 35.853451 2.76 40
15914 4949 5 0 38.243683 0 40
15915 4949 5 0 37.048565 0.69 40
15916 4949 5 0 37.048565 2.07 40
15917 4949 5 0 38.243683 2.76 40
15918 4949 5 0 40.633911 0 40
15919 4949 5 0 39.438797 0.69 40
15920 4949 5 0 39.438797 2.07 40
15921 4949 5 0 40.633911 2.76 40
15922 4949 5 0 43.024143 0 40
15923 4949 5 0 41.829025 0.69 40
15924 4949 5 0 41.829025 2.07 40
15925 4949 5 0 43.024143 2.76 40
15926 4949 5 0 45.414371 0 40
15927 4949 5 0 44.219257 0.69 40
15928 4949 5 0 44.219257 2.07 40
15929 4949 5 0 45.414371 2.76 40
15930 4949 5 0 47.804604 0 40
15931 4949 5 0 46.609486 0.69 40
15932 4949 5 0 46.609486 2.07 40
15933 4949 5 0 47.804604 2.76 40
15934 4949 5 0 50.194832 0 40
15935 4949 5 0 48.999718 0.69 40
15936 4949 5 0 48.999718 2.07 40
15937 4949 5 0 50.194832 2.76 40
15938 4949 5 0 52.585064 0 40
15939 4949 5 0 51.389946 0.69 40
15940 4949 5 0 51.389946 2.07 40
15941 4949 5 0 52.585064 2.76 40
15942 4949 5 0 54.975292 0 40
15943 4949 5 0 53.780178 0.69 40
15944 4949 5 0 53.780178 2.07 40
15945 4949 5 0 54.975292 2.76 40
15946 4949 5 0 57.365524 0 40
15947 4949 5 0 56.170406 0.69 40
15948 4949 5 0 56.170406 2.07 40
15949 4949 5 0 57.365524 2.76 40
15950 4949 5 0 59.755753 0 40
15951 4949 5 0 58.560638 0.69 40
15952 4949 5 0 58.560638 2.07 40
15953 4949 5 0 59.755753 2.76 40
15954 4949 5 0 0 4.14 40
15955 4949 5 0 -1.195115 4.83 40
15956 4949 5 0 -1.195115 6.21 40
15957 4949 5 0 0 6.9 40
15958 4949 5 0 2.39023 4.14 40
15959 4949 5 0 1.195115 4.83 40
15960 4949 5 0 1.195115 6.21 40
15961 4949 5 0 2.39023 6.9 40
15962 4949 5 0 4.78046 4.14 40
15963 4949 5 0 3.585345 4.83 40
15964 4949 5 0 3.585345 6.21 40
15965 4949 5 0 4.78046 6.9 40
15966 4949 5 0 7.170691 4.14 40
15967 4949 5 0 5.975575 4.83 40
15968 4949 5 0 5.975575 6.21 40
15969 4949 5 0 7.170691 6.9 40
15970 4949 5 0 9.560921 4.14 40
15971 4949 5 0 8.365806 4.83 40
15972 4949 5 0 8.365806 6.21 40
15973 4949 5 0 9.560921 6.9 40
15974 4949 5 0 11.951151 4.14 40
15975 4949 5 0 10.756036 4.83 40
15976 4949 5 0 10.756036 6.21 40
15977 4949 5 0 11.951151 6.9 40
15978 4949 5 0 14.341381 4.14 40
15979 4949 5 0 13.146266 4.83 40
15980 4949 5 0 13.146266 6.21 40
15981 4949 5 0 14.341381 6.9 40
15982 4949 5 0 16.731611 4.14 40
15983 4949 5 0 15.536496 4.83 40
15984 4949 5 0 15.536496 6.21 40
15985 4949 5 0 16.731611 6.9 40
15986 4949 5 0 19.121841 4.14 40
15987 4949 5 0 17.926725 4.83 40
15988 4949 5 0 17.926725 6.21 40
15989 4949 5 0 19.121841 6.9 40
15990 4949 5 0 21.512072 4.14 40
15991 4949 5 0 20.316956 4.83 40
15992 4949 5 0 20.316956 6.21 40
15993 4949 5 0 21.512072 6.9 40
15994 4949 5 0 23.902302 4.14 40
15995 4949 5 0 22.707186 4.83 40
15996 4949 5 0 22.707186 6.21 40
15997 4949 5 0 23.902302 6.9 40
15998 4949 5 0 26.292532 4.14 40
15999 4949 5 0 25.097416 4.83 40
16000 4949 5 0 25.097416 6.21 40
16001 4949 5 0 26.292532 6.9 40
16002 4949 5 0 28.682762 4.14 40
16003 4949 5 0 27.487646 4.83 40
16004 4949 5 0 27.487646 6.21 40
16005 4949 5 0 28.682762 6.9 40
16006 4949 5 0 31.072992 4.14 40
16007 4949 5 0 29.877876 4.83 40
16008 4949 5 0 29.877876 6.21 40
16009 4949 5 0 31.072992 6.9 40
16010 4949 5 0 33.463223 4.14 40
16011 4949 5 0 32.268108 4.83 40
16012 4949 5 0 32.268108 6.21 40
16013 4949 5 0 33.463223 6.9 40
16014 4949 5 0 35.853451 4.14 40
16015 4949 5 0 34.658337 4.83 40
16016 4949 5 0 34.658337 6.21 40
16017 4949 5 0 35.853451 6.9 40
16018 4949 5 0 38.243683 4.14 40
16019 4949 5 0 37.048565 4.83 40
16020 4949 5 0 37.048565 6.21 40
16021 4949 5 0 38.243683 6.9 40
16022 4949 5 0 40.633911 4.14 40
16023 4949 5 0 39.438797 4.83 40
16024 4949 5 0 39.438797 6.21 40
16025 4949 5 0 40.633911 6.9 40
16026 4949 5 0 43.024143 4.14 40
16027 4949 5 0 41.829025 4.83 40
16028 4949 5 0 41.829025 6.21 40
16029 4949 5 0 43.024143 6.9 40
16030 4949 5 0 45.414371 4.14 40
16031 4949 5 0 44.219257 4.83 40
16032 4949 5 0 44.219257 6.21 40
16033 4949 5 0 45.414371 6.9 40
16034 4949 5 0 47.804604 4.14 40
16035 4949 5 0 46.609486 4.83 40
16036 4949 5 0 46.609486 6.21 40
16037 4949 5 0 47.804604 6.9 40
16038 4949 5 0 50.194832 4.14 40
16039 4949 5 0 48.999718 4.83 40
16040 4949 5 0 48.999718 6.21 40
16041 4949 5 0 50.194832 6.9 40
16042 4949 5 0 52.585064 4.14 40
16043 4949 5 0 51.389946 4.83 40
16044 4949 5 0 51.389946 6.21 40
16045 4949 5 0 52.585064 6.9 40
16046 4949 5 0 54.975292 4.14 40
16047 4949 5 0 53.780178 4.83 40
16048 4949 5 0 53.780178 6.21 40
16049 4949 5 0 54.975292 6.9 40
16050 4949 5 0 57.365524 4.14 40
16051 4949 5 0 56.170406 4.83 40
16052 4949 5 0 56.170406 6.21 40
16053 4949 5 0 57.365524 6.9 40
16054 4949 5 0 59.755753 4.14 40
16055 4949 5 0 58.560638 4.83 40
16056 4949 5 0 58.560638 6.21 40
16057 4949 5 0 59.755753 6.9 40
16058 4949 5 0 0 8.28 40
16059 4949 5 0 -1.195115 8.97 40
16060 4949 5 0 -1.195115 10.35 40
16061 4949 5 0 0 11.04 40
16062 4949 5 0 2.39023 8.28 40
16063 4949 5 0 1.195115 8.97 40
16064 4949 5 0 1.195115 10.35 40
16065 4949 5 0 2.39023 11.04 40
16066 4949 5 0 4.78046 8.28 40
16067 4949 5 0 3.585345 8.97 40
16068 4949 5 0 3.585345 10.35 40
16069 4949 5 0 4.78046 11.04 40
16070 4949 5 0 7.170691 8.28 40
16071 4949 5 0 5.975575 8.97 40
16072 4949 5 0 5.975575 10.35 40
16073 4949 5 0 7.170691 11.04 40
16074 4949 5 0 9.560921 8.28 40
16075 4949 5 0 8.365806 8.97 40
16076 4949 5 0 8.365806 10.35 40
16077 4949 5 0 9.560921 11.04 40
16078 4949 5 0 11.951151 8.28 40
16079 4949 5 0 10.756036 8.97 40
16080 4949 5 0 10.756036 10.35 40
16081 4949 5 0 11.951151 11.04 40
16082 4949 5 0 14.341381 8.28 40
16083 4949 5 0 13.146266 8.97 40
16084 4949 5 0 13.146266 10.35 40
16085 4949 5 0 14.341381 11.04 40
16086 4949 5 0 16.731611 8.28 40
16087 4949 5 0 15.536496 8.97 40
16088 4949 5 0 15.536496 10.35 40
16089 4949 5 0 16.731611 11.04 40
16090 4949 5 0 19.121841 8.28 40
16091 4949 5 0 17.926725 8.97 40
16092 4949 5 0 17.926725 10.35 40
16093 4949 5 0 19.121841 11.04 40
16094 4949 5 0 21.512072 8.28 40
16095 4949 5 0 20.316956 8.97 40
16096 4949 5 0 20.316956 10.35 40
16097 4949 5 0 21.512072 11.04 40
16098 4949 5 0 23.902302 8.28 40
16099 4949 5 0 22.707186 8.97 40
16100 4949 5 0 22.707186 10.35 40
16101 4949 5 0 23.902302 11.04 40
16102 4949 5 0 26.292532 8.28 40
16103 4949 5 0 25.097416 8.97 40
16104 4949 5 0 25.097416 10.35 40
16105 4949 5 0 26.292532 11.04 40
16106 4949 5 0 28.682762 8.28 40
16107 4949 5 0 27.487646 8.97 40
16108 4949 5 0 27.487646 10.35 40
16109 4949 5 0 28.682762 11.04 40
16110 4949 5 0 31.072992 8.28 40
16111 4949 5 0 29.877876 8.97 40
16112 4949 5 0 29.877876 10.35 40
16113 4949 5 0 31.072992 11.04 40
16114 4949 5 0 33.463223 8.28 40
16115 4949 5 0 32.268108 8.97 40
16116 4949 5 0 32.268108 10.35 40
16117 4949 5 0 33.463223 11.04 40
16118 4949 5 0 35.853451 8.28 40
16119 4949 5 0 34.658337 8.97 40
16120 4949 5 0 34.658337 10.35 40
16121 4949 5 0 35.853451 11.04 40
16122 4949 5 0 38.243683 8.28 40
16123 4949 5 0 37.048565 8.97 40
16124 4949 5 0 37.048565 10.35 40
16125 4949 5 0 38.243683 11.04 40
16126 4949 5 0 40.633911 8.28 40
16127 4949 5 0 39.438797 8.97 40
16128 4949 5 0 39.438797 10.35 40
16129 4949 5 0 40.633911 11.04 40
16130 4949 5 0 43.024143 8.28 40
16131 4949 5 0 41.829025 8.97 40
16132 4949 5 0 41.829025 10.35 40
16133 4949 5 0 43.024143 11.04 40
16134 4949 5 0 45.414371 8.28 40
16135 4949 5 0 44.219257 8.97 40
16136 4949 5 0 44.219257 10.35 40
16137 4949 5 0 45.414371 11.04 40
16138 4949 5 0 47.804604 8.28 40
16139 4949 5 0 46.609486 8.97 40
16140 4949 5 0 46.609486 10.35 40
16141 4949 5 0 47.804604 11.04 40
16142 4949 5 0 50.194832 8.28 40
16143 4949 5 0 48.999718 8.97 40
16144 4949 5 0 48.999718 10.35 40
16145 4949 5 0 50.194832 11.04 40
16146 4949 5 0 52.585064 8.28 40
16147 4949 5 0 51.389946 8.97 40
16148 4949 5 0 51.389946 10.35 40
16149 4949 5 0 52.585064 11.04 40
16150 4949 5 0 54.975292 8.28 40
16151 4949 5 0 53.780178 8.97 40
16152 4949 5 0 53.780178 10.35 40
16153 4949 5 0 54.975292 11.04 40
16154 4949 5 0 57.365524 8.28 40
16155 4949 5 0 56.170406 8.97 40
16156 4949 5 0 56.170406 10.35 40
16157 4949 5 0 57.365524 11.04 40
16158 4949 5 0 59.755753 8.28 40
16159 4949 5 0 58.560638 8.97 40
16160 4949 5 0 58.560638 10.35 40
16161 4949 5 0 59.755753 11.04 40
16162 4949 5 0 0 12.42 40
16163 4949 5 0 -1.195115 13.11 40
16164 4949 5 0 -1.195115 14.49 40
16165 4949 5 0 0 15.18 40
16166 4949 5 0 2.39023 12.42 40
16167 4949 5 0 1.195115 13.11 40
16168 4949 5 0 1.195115 14.49 40
16169 4949 5 0 2.39023 15.18 40
16170 4949 5 0 4.78046 12.42 40
16171 4949 5 0 3.585345 13.11 40
16172 4949 5 0 3.585345 14.49 40
16173 4949 5 0 4.78046 15.18 40
16174 4949 5 0 7.170691 12.42 40
16175 4949 5 0 5.975575 13.11 40
16176 4949 5 0 5.975575 14.49 40
16177 4949 5 0 7.170691 15.18 40
16178 4949 5 0 9.560921 12.42 40
16179 4949 5 0 8.365806 13.11 40
16180 4949 5 0 8.365806 14.49 40
16181 4949 5 0 9.560921 15.18 40
16182 4949 5 0 11.951151 12.42 40
16183 4949 5 0 10.756036 13.11 40
16184 4949 5 0 10.756036 14.49 40
16185 4949 5 0 11.951151 15.18 40
16186 4949 5 0 14.341381 12.42 40
16187 4949 5 0 13.146266 13.11 40
16188 4949 5 0 13.146266 14.49 40
16189 4949 5 0 14.341381 15.18 40
16190 4949 5 0 16.731611 12.42 40
16191 4949 5 0 15.536496 13.11 40
16192 4949 5 0 15.536496 14.49 40
16193 4949 5 0 16.731611 15.18 40
16194 4949 5 0 19.121841 12.42 40
16195 4949 5 0 17.926725 13.11 40
16196 4949 5 0 17.926725 14.49 40
16197 4949 5 0 19.121841 15.18 40
16198 4949 5 0 21.512072 12.42 40
16199 4949 5 0 20.316956 13.11 40
16200 4949 5 0 20.316956 14.49 40
16201 4949 5 0 21.512072 15.18 40
16202 4949 5 0 23.902302 12.42 40
16203 4949 5 0 22.707186 13.11 40
16204 4949 5 0 22.707186 14.49 40
16205 4949 5 0 23.902302 15.18 40
16206 4949 5 0 26.292532 12.42 40
16207 4949 5 0 25.097416 13.11 40
16208 4949 5 0 25.097416 14.49 40
16209 4949 5 0 26.292532 15.18 40
16210 4949 5 0 28.682762 12.42 40
16211 4949 5 0 27.487646 13.11 40
16212 4949 5 0 27.487646 14.49 40
16213 4949 5 0 28.682762 15.18 40
16214 4949 5 0 31.072992 12.42 40
16215 4949 5 0 29.877876 13.11 40
16216 4949 5 0 29.877876 14.49 40
16217 4949 5 0 31.072992 15.18 40
16218 4949 5 0 33.463223 12.42 40
16219 4949 5 0 32.268108 13.11 40
16220 4949 5 0 32.268108 14.49 40
16221 4949 5 0 33.463223 15.18 40
16222 4949 5 0 35.853451 12.42 40
16223 4949 5 0 34.658337 13.11 40
16224 4949 5 0 34.658337 14.49 40
16225 4949 5 0 35.853451 15.18 40
16226 4949 5 0 38.243683 12.42 40
16227 4949 5 0 37.048565 13.11 40
16228 4949 5 0 37.048565 14.49 40
16229 4949 5 0 38.243683 15.18 40
16230 4949 5 0 40.633911 12.42 40
16231 4949 5 0 39.438797 13.11 40
16232 4949 5 0 39.438797 14.49 40
16233 4949 5 0 40.633911 15.18 40
16234 4949 5 0 43.024143 12.42 40
16235 4949 5 0 41.829025 13.11 40
16236 4949 5 0 41.829025 14.49 40
16237 4949 5 0 43.024143 15.18 40
16238 4949 5 0 45.414371 12.42 40
16239 4949 5 0 44.219257 13.11 40
16240 4949 5 0 44.219257 14.49 40
16241 4949 5 0 45.414371 15.18 40
16242 4949 5 0 47.804604 12.42 40
16243 4949 5 0 46.609486 13.11 40
16244 4949 5 0 46.609486 14.49 40
16245 4949 5 0 47.804604 15.18 40
16246 4949 5 0 50.194832 12.42 40
16247 4949 5 0 48.999718 13.11 40
16248 4949 5 0 48.999718 14.49 40
16249 4949 5 0 50.194832 15.18 40
16250 4949 5 0 52.585064 12.42 40
16251 4949 5 0 51.389946 13.11 40
16252 4949 5 0 51.389946 14.49 40
16253 4949 5 0 52.585064 15.18 40
16254 4949 5 0 54.975292 12.42 40
16255 4949 5 0 53.780178 13.11 40
16256 4949 5 0 53.780178 14.49 40
16257 4949 5 0 54.975292 15.18 40
16258 4949 5 0 57.365524 12.42 40
16259 4949 5 0 56.170406 13.11 40
16260 4949 5 0 56.170406 14.49 40
16261 4949 5 0 57.365524 15.18 40
16262 4949 5 0 59.755753 12.42 40
16263 4949 5 0 58.560638 13.11 40
16264 4949 5 0 58.560638 14.49 40
16265 4949 5 0 59.755753 15.18 40
16266 4949 5 0 0 16.559999 40
16267 4949 5 0 -1.195115 17.25 40
16268 4949 5 0 -1.195115 18.629999 40
16269 4949 5 0 0 19.32 40
16270 4949 5 0 2.39023 16.559999 40
16271 4949 5 0 1.195115 17.25 40
16272 4949 5 0 1.195115 18.629999 40
16273 4949 5 0 2.39023 19.32 40
16274 4949 5 0 4.78046 16.559999 40
16275 4949 5 0 3.585345 17.25 40
16276 4949 5 0 3.585345 18.629999 40
16277 4949 5 0 4.78046 19.32 40
16278 4949 5 0 7.170691 16.559999 40
16279 4949 5 0 5.975575 17.25 40
16280 4949 5 0 5.975575 18.629999 40
16281 4949 5 0 7.170691 19.32 40
16282 4949 5 0 9.560921 16.559999 40
16283 4949 5 0 8.365806 17.25 40
16284 4949 5 0 8.365806 18.629999 40
16285 4949 5 0 9.560921 19.32 40
16286 4949 5 0 11.951151 16.559999 40
16287 4949 5 0 10.756036 17.25 40
16288 4949 5 0 10.756036 18.629999 40
16289 4949 5 0 11.951151 19.32 40
16290 4949 5 0 14.341381 16.559999 40
16291 4949 5 0 13.146266 17.25 40
16292 4949 5 0 13.146266 18.629999 40
16293 4949 5 0 14.341381 19.32 40
16294 4949 5 0 16.731611 16.559999 40
16295 4949 5 0 15.536496 17.25 40
16296 4949 5 0 15.536496 18.629999 40
16297 4949 5 0 16.731611 19.32 40
16298 4949 5 0 19.121841 16.559999 40
16299 4949 5 0 17.926725 17.25 40
16300 4949 5 0 17.926725 18.629999 40
16301 4949 5 0 19.121841 19.32 40
16302 4949 5 0 21.512072 16.559999 40
16303 4949 5 0 20.316956 17.25 40
16304 4949 5 0 20.316956 18.629999 40
16305 4949 5 0 21.512072 19.32 40
16306 4949 5 0 23.902302 16.559999 40
16307 4949 5 0 22.707186 17.25 40
16308 4949 5 0 22.707186 18.629999 40
16309 4949 5 0 23.902302 19.32 40
16310 4949 5 0 26.292532 16.559999 40
16311 4949 5 0 25.097416 17.25 40
16312 4949 5 0 25.097416 18.629999 40
16313 4949 5 0 26.292532 19.32 40
16314 4949 5 0 28.682762 16.559999 40
16315 4949 5 0 27.487646 17.25 40
16316 4949 5 0 27.487646 18.629999 40
16317 4949 5 0 28.682762 19.32 40
16318 4949 5 0 31.072992 16.559999 40
16319 4949 5 0 29.877876 17.25 40
16320 4949 5 0 29.877876 18.629999 40
16321 4949 5 0 31.072992 19.32 40
16322 4949 5 0 33.463223 16.559999 40
16323 4949 5 0 32.268108 17.25 40
16324 4949 5 0 32.268108 18.629999 40
16325 4949 5 0 33.463223 19.32 40
16326 4949 5 0 35.853451 16.559999 40
16327 4949 5 0 34.658337 17.25 40
16328 4949 5 0 34.658337 18.629999 40
16329 4949 5 0 35.853451 19.32 40
16330 4949 5 0 38.243683 16.559999 40
16331 4949 5 0 37.048565 17.25 40
16332 4949 5 0 37.048565 18.629999 40
16333 4949 5 0 38.243683 19.32 40
16334 4949 5 0 40.633911 16.559999 40
16335 4949 5 0 39.438797 17.25 40
16336 4949 5 0 39.438797 18.629999 40
16337 4949 5 0 40.633911 19.32 40
16338 4949 5 0 43.024143 16.559999 40
16339 4949 5 0 41.829025 17.25 40
16340 4949 5 0 41.829025 18.629999 40
16341 4949 5 0 43.024143 19.32 40
16342 4949 5 0 45.414371 16.559999 40
16343 4949 5 0 44.219257 17.25 40
16344 4949 5 0 44.219257 18.629999 40
16345 4949 5 0 45.414371 19.32 40
16346 4949 5 0 47.804604 16.559999 40
16347 4949 5 0 46.609486 17.25 40
16348 4949 5 0 46.609486 18.629999 40
16349 4949 5 0 47.804604 19.32 40
16350 4949 5 0 50.194832 16.559999 40
16351 4949 5 0 48.999718 17.25 40
16352 4949 5 0 48.999718 18.629999 40
16353 4949 5 0 50.194832 19.32 40
16354 4949 5 0 52.585064 16.559999 40
16355 4949 5 0 51.389946 17.25 40
16356 4949 5 0 51.389946 18.629999 40
16357 4949 5 0 52.585064 19.32 40
16358 4949 5 0 54.975292 16.559999 40
16359 4949 5 0 53.780178 17.25 40
16360 4949 5 0 53.780178 18.629999 40
16361 4949 5 0 54.975292 19.32 40
16362 4949 5 0 57.365524 16.559999 40
16363 4949 5 0 56.170406 17.25 40
16364 4949 5 0 56.170406 18.629999 40
16365 4949 5 0 57.365524 19.32 40
16366 4949 5 0 59.755753 16.559999 40
16367 4949 5 0 58.560638 17.25 40
16368 4949 5 0 58.560638 18.629999 40
16369 4949 5 0 59.755753 19.32 40
16370 4949 5 0 0 20.700001 40
16371 4949 5 0 -1.195115 21.389999 40
16372 4949 5 0 -1.195115 22.77 40
16373 4949 5 0 0 23.459999 40
16374 4949 5 0 2.39023 20.700001 40
16375 4949 5 0 1.195115 21.389999 40
16376 4949 5 0 1.195115 22.77 40
16377 4949 5 0 2.39023 23.459999 40
16378 4949 5 0 4.78046 20.700001 40
16379 4949 5 0 3.585345 21.389999 40
16380 4949 5 0 3.585345 22.77 40
16381 4949 5 0 4.78046 23.459999 40
16382 4949 5 0 7.170691 20.700001 40
16383 4949 5 0 5.975575 21.389999 40
16384 4949 5 0 5.975575 22.77 40
16385 4949 5 0 7.170691 23.459999 40
16386 4949 5 0 9.560921 20.700001 40
16387 4949 5 0 8.365806 21.389999 40
16388 4949 5 0 8.365806 22.77 40
16389 4949 5 0 9.560921 23.459999 40
16390 4949 5 0 11.951151 20.700001 40
16391 4949 5 0 10.756036 21.389999 40
16392 4949 5 0 10.756036 22.77 40
16393 4949 5 0 11.951151 23.459999 40
16394 4949 5 0 14.341381 20.700001 40
16395 4949 5 0 13.146266 21.389999 40
16396 4949 5 0 13.146266 22.77 40
16397 4949 5 0 14.341381 23.459999 40
16398 4949 5 0 16.731611 20.700001 40
16399 4949 5 0 15.536496 21.389999 40
16400 4949 5 0 15.536496 22.77 40
16401 4949 5 0 16.731611 23.459999 40
16402 4949 5 0 19.121841 20.700001 40
16403 4949 5 0 17.926725 21.389999 40
16404 4949 5 0 17.926725 22.77 40
16405 4949 5 0 19.121841 23.459999 40
16406 4949 5 0 21.512072 20.700001 40
16407 4949 5 0 20.316956 21.389999 40
16408 4949 5 0 20.316956 22.77 40
16409 4949 5 0 21.512072 23.459999 40
16410 4949 5 0 23.902302 20.700001 40
16411 4949 5 0 22.707186 21.389999 40
16412 4949 5 0 22.707186 22.77 40
16413 4949 5 0 23.902302 23.459999 40
16414 4949 5 0 26.292532 20.700001 40
16415 4949 5 0 25.097416 21.389999 40
16416 4949 5 0 25.097416 22.77 40
16417 4949 5 0 26.292532 23.459999 40
16418 4949 5 0 28.682762 20.700001 40
16419 4949 5 0 27.487646 21.389999 40
16420 4949 5 0 27.487646 22.77 40
16421 4949 5 0 28.682762 23.459999 40
16422 4949 5 0 31.072992 20.700001 40
16423 4949 5 0 29.877876 21.389999 40
16424 4949 5 0 29.877876 22.77 40
16425 4949 5 0 31.072992 23.459999 40
16426 4949 5 0 33.463223 20.700001 40
16427 4949 5 0 32.268108 21.389999 40
16428 4949 5 0 32.268108 22.77 40
16429 4949 5 0 33.463223 23.459999 40
16430 4949 5 0 35.853451 20.700001 40
16431 4949 5 0 34.658337 21.389999 40
16432 4949 5 0 34.658337 22.77 40
16433 4949 5 0 35.853451 23.459999 40
16434 4949 5 0 38.243683 20.700001 40
16435 4949 5 0 37.048565 21.389999 40
16436 4949 5 0 37.048565 22.77 40
16437 4949 5 0 38.243683 23.459999 40
16438 4949 5 0 40.633911 20.700001 40
16439 4949 5 0 39.438797 21.389999 40
16440 4949 5 0 39.438797 22.77 40
16441 4949 5 0 40.633911 23.459999 40
16442 4949 5 0 43.024143 20.700001 40
16443 4949 5 0 41.829025 21.389999 40
16444 4949 5 0 41.829025 22.77 40
16445 4949 5 0 43.024143 23.459999 40
16446 4949 5 0 45.414371 20.700001 40
16447 4949 5 0 44.219257 21.389999 40
16448 4949 5 0 44.219257 22.77 40
16449 4949 5 0 45.414371 23.459999 40
16450 4949 5 0 47.804604 20.700001 40
16451 4949 5 0 46.609486 21.389999 40
16452 4949 5 0 46.609486 22.77 40
16453 4949 5 0 47.804604 23.459999 40
16454 4949 5 0 50.194832 20.700001 40
16455 4949 5 0 48.999718 21.389999 40
16456 4949 5 0 48.999718 22.77 40
16457 4949 5 0 50.194832 23.459999 40
16458 4949 5 0 52.585064 20.700001 40
16459 4949 5 0 51.389946 21.389999 40
16460 4949 5 0 51.389946 22.77 40
16461 4949 5 0 52.585064 23.459999 40
16462 4949 5 0 54.975292 20.700001 40
16463 4949 5 0 53.780178 21.389999 40
16464 4949 5 0 53.780178 22.77 40
16465 4949 5 0 54.975292 23.459999 40
16466 4949 5 0 57.365524 20.700001 40
16467 4949 5 0 56.170406 21.389999 40
16468 4949 5 0 56.170406 22.77 40
16469 4949 5 0 57.365524 23.459999 40
16470 4949 5 0 59.755753 20.700001 40
16471 4949 5 0 58.560638 21.389999 40
16472 4949 5 0 58.560638 22.77 40
16473 4949 5 0 59.755753 23.459999 40
16474 4949 5 0 0 24.84 40
16475 4949 5 0 -1.195115 25.530001 40
16476 4949 5 0 -1.195115 26.91 40
16477 4949 5 0 0 27.6 40
16478 4949 5 0 2.39023 24.84 40
16479 4949 5 0 1.195115 25.530001 40
16480 4949 5 0 1.195115 26.91 40
16481 4949 5 0 2.39023 27.6 40
16482 4949 5 0 4.78046 24.84 40
16483 4949 5 0 3.585345 25.530001 40
16484 4949 5 0 3.585345 26.91 40
16485 4949 5 0 4.78046 27.6 40
16486 4949 5 0 7.170691 24.84 40
16487 4949 5 0 5.975575 25.530001 40
16488 4949 5 0 5.975575 26.91 40
16489 4949 5 0 7.170691 27.6 40
16490 4949 5 0 9.560921 24.84 40
16491 4949 5 0 8.365806 25.530001 40
16492 4949 5 0 8.365806 26.91 40
16493 4949 5 0 9.560921 27.6 40
16494 4949 5 0 11.951151 24.84 40
16495 4949 5 0 10.756036 25.530001 40
16496 4949 5 0 10.756036 26.91 40
16497 4949 5 0 11.951151 27.6 40
16498 4949 5 0 14.341381 24.84 40
16499 4949 5 0 13.146266 25.530001 40
16500 4949 5 0 13.146266 26.91 40
16501 4949 5 0 14.341381 27.6 40
16502 4949 5 0 16.731611 24.84 40
16503 4949 5 0 15.536496 25.530001 40
16504 4949 5 0 15.536496 26.91 40
16505 4949 5 0 16.731611 27.6 40
16506 4949 5 0 19.121841 24.84 40
16507 4949 5 0 17.926725 25.530001 40
16508 4949 5 0 17.926725 26.91 40
16509 4949 5 0 19.121841 27.6 40
16510 4949 5 0 21.512072 24.84 40
16511 4949 5 0 20.316956 25.530001 40
16512 4949 5 0 20.316956 26.91 40
16513 4949 5 0 21.512072 27.6 40
16514 4949 5 0 23.902302 24.84 40
16515 4949 5 0 22.707186 25.530001 40
16516 4949 5 0 22.707186 26.91 40
16517 4949 5 0 23.902302 27.6 40
16518 4949 5 0 26.292532 24.84 40
16519 4949 5 0 25.097416 25.530001 40
16520 4949 5 0 25.097416 26.91 40
16521 4949 5 0 26.292532 27.6 40
16522 4949 5 0 28.682762 24.84 40
16523 4949 5 0 27.487646 25.530001 40
16524 4949 5 0 27.487646 26.91 40
16525 4949 5 0 28.682762 27.6 40
16526 4949 5 0 31.072992 24.84 40
16527 4949 5 0 29.877876 25.530001 40
16528 4949 5 0 29.877876 26.91 40
16529 4949 5 0 31.072992 27.6 40
16530 4949 5 0 33.463223 24.84 40
16531 4949 5 0 32.268108 25.530001 40
16532 4949 5 0 32.268108 26.91 40
16533 4949 5 0 33.463223 27.6 40
16534 4949 5 0 35.853451 24.84 40
16535 4949 5 0 34.658337 25.530001 40
16536 4949 5 0 34.658337 26.91 40
16537 4949 5 0 35.853451 27.6 40
16538 4949 5 0 38.243683 24.84 40
16539 4949 5 0 37.048565 25.530001 40
16540 4949 5 0 37.048565 26.91 40
16541 4949 5 0 38.243683 27.6 40
16542 4949 5 0 40.633911 24.84 40
16543 4949 5 0 39.438797 25.530001 40
16544 4949 5 0 39.438797 26.91 40
16545 4949 5 0 40.633911 27.6 40
16546 4949 5 0 43.024143 24.84 40
16547 4949 5 0 41.829025 25.530001 40
16548 4949 5 0 41.829025 26.91 40
16549 4949 5 0 43.024143 27.6 40
16550 4949 5 0 45.414371 24.84 40
16551 4949 5 0 44.219257 25.530001 40
16552 4949 5 0 44.219257 26.91 40
16553 4949 5 0 45.414371 27.6 40
16554 4949 5 0 47.804604 24.84 40
16555 4949 5 0 46.609486 25.530001 40
16556 4949 5 0 46.609486 26.91 40
16557 4949 5 0 47.804604 27.6 40
16558 4949 5 0 50.194832 24.84 40
16559 4949 5 0 48.999718 25.530001 40
16560 4949 5 0 48.999718 26.91 40
16561 4949 5 0 50.194832 27.6 40
16562 4949 5 0 52.585064 24.84 40
16563 4949 5 0 51.389946 25.530001 40
16564 4949 5 0 51.389946 26.91 40
16565 4949 5 0 52.585064 27.6 40
16566 4949 5 0 54.975292 24.84 40
16567 4949 5 0 53.780178 25.530001 40
16568 4949 5 0 53.780178 26.91 40
16569 4949 5 0 54.975292 27.6 40
16570 4949 5 0 57.365524 24.84 40
16571 4949 5 0 56.170406 25.530001 40
16572 4949 5 0 56.170406 26.91 40
16573 4949 5 0 57.365524 27.6 40
16574 4949 5 0 59.755753 24.84 40
16575 4949 5 0 58.560638 25.530001 40
16576 4949 5 0 58.560638 26.91 40
16577 4949 5 0 59.755753 27.6 40
16578 4949 5 0 0 28.98 40
16579 4949 5 0 -1.195115 29.67 40
16580 4949 5 0 -1.195115 31.049999 40
16581 4949 5 0 0 31.74 40
16582 4949 5 0 2.39023 28.98 40
16583 4949 5 0 1.195115 29.67 40
16584 4949 5 0 1.195115 31.049999 40
16585 4949 5 0 2.39023 31.74 40
16586 4949 5 0 4.78046 28.98 40
16587 4949 5 0 3.585345 29.67 40
16588 4949 5 0 3.585345 31.049999 40
16589 4949 5 0 4.78046 31.74 40
16590 4949 5 0 7.170691 28.98 40
16591 4949 5 0 5.975575 29.67 40
16592 4949 5 0 5.975575 31.049999 40
16593 4949 5 0 7.170691 31.74 40
16594 4949 5 0 9.560921 28.98 40
16595 4949 5 0 8.365806 29.67 40
16596 4949 5 0 8.365806 31.049999 40
16597 4949 5 0 9.560921 31.74 40
16598 4949 5 0 11.951151 28.98 40
16599 4949 5 0 10.756036 29.67 40
16600 4949 5 0 10.756036 31.049999 40
16601 4949 5 0 11.951151 31.74 40
16602 4949 5 0 14.341381 28.98 40
16603 4949 5 0 13.146266 29.67 40
16604 4949 5 0 13.146266 31.049999 40
16605 4949 5 0 14.341381 31.74 40
16606 4949 5 0 16.731611 28.98 40
16607 4949 5 0 15.536496 29.67 40
16608 4949 5 0 15.536496 31.049999 40
16609 4949 5 0 16.731611 31.74 40
16610 4949 5 0 19.121841 28.98 40
16611 4949 5 0 17.926725 29.67 40
16612 4949 5 0 17.926725 31.049999 40
16613 4949 5 0 19.121841 31.74 40
16614 4949 5 0 21.512072 28.98 40
16615 4949 5 0 20.316956 29.67 40
16616 4949 5 0 20.316956 31.049999 40
16617 4949 5 0 21.512072 31.74 40
16618 4949 5 0 23.902302 28.98 40
16619 4949 5 0 22.707186 29.67 40
16620 4949 5 0 22.707186 31.049999 40
16621 4949 5 0 23.902302 31.74 40
16622 4949 5 0 26.292532 28.98 40
16623 4949 5 0 25.097416 29.67 40
16624 4949 5 0 25.097416 31.049999 40
16625 4949 5 0 26.292532 31.74 40
16626 4949 5 0 28.682762 28.98 40
16627 4949 5 0 27.487646 29.67 40
16628 4949 5 0 27.487646 31.049999 40
16629 4949 5 0 28.682762 31.74 40
16630 4949 5 0 31.072992 28.98 40
16631 4949 5 0 29.877876 29.67 40
16632 4949 5 0 29.877876 31.049999 40
16633 4949 5 0 31.072992 31.74 40
16634 4949 5 0 33.463223 28.98 40
16635 4949 5 0 32.268108 29.67 40
16636 4949 5 0 32.268108 31.049999 40
16637 4949 5 0 33.463223 31.74 40
16638 4949 5 0 35.853451 28.98 40
16639 4949 5 0 34.658337 29.67 40
16640 4949 5 0 34.658337 31.049999 40
16641 4949 5 0 35.853451 31.74 40
16642 4949 5 0 38.243683 28.98 40
16643 4949 5 0 37.048565 29.67 40
16644 4949 5 0 37.048565 31.049999 40
16645 4949 5 0 38.243683 31.74 40
16646 4949 5 0 40.633911 28.98 40
16647 4949 5 0 39.438797 29.67 40
16648 4949 5 0 39.438797 31.049999 40
16649 4949 5 0 40.633911 31.74 40
16650 4949 5 0 43.024143 28.98 40
16651 4949 5 0 41.829025 29.67 40
16652 4949 5 0 41.829025 31.049999 40
16653 4949 5 0 43.024143 31.74 40
16654 4949 5 0 45.414371 28.98 40
16655 4949 5 0 44.219257 29.67 40
16656 4949 5 0 44.219257 31.049999 40
16657 4949 5 0 45.414371 31.74 40
16658 4949 5 0 47.804604 28.98 40
16659 4949 5 0 46.609486 29.67 40
16660 4949 5 0 46.609486 31.049999 40
16661 4949 5 0 47.804604 31.74 40
16662 4949 5 0 50.194832 28.98 40
16663 4949 5 0 48.999718 29.67 40
16664 4949 5 0 48.999718 31.049999 40
16665 4949 5 0 50.194832 31.74 40
16666 4949 5 0 52.585064 28.98 40
16667 4949 5 0 51.389946 29.67 40
16668 4949 5 0 51.389946 31.049999 40
16669 4949 5 0 52.585064 31.74 40
16670 4949 5 0 54.975292 28.98 40
16671 4949 5 0 53.780178 29.67 40
16672 4949 5 0 53.780178 31.049999 40
16673 4949 5 0 54.975292 31.74 40
16674 4949 5 0 57.365524 28.98 40
16675 4949 5 0 56.170406 29.67 40
16676 4949 5 0 56.170406 31.049999 40
16677 4949 5 0 57.365524 31.74 40
16678 4949 5 0 59.755753 28.98 40
16679 4949 5 0 58.560638 29.67 40
16680 4949 5 0 58.560638 31.049999 40
16681 4949 5 0 59.755753 31.74 40
16682 4949 5 0 0 33.119999 40
16683 4949 5 0 -1.195115 33.810001 40
16684 4949 5 0 -1.195115 35.189999 40
16685 4949 5 0 0 35.880001 40
16686 4949 5 0 2.39023 33.119999 40
16687 4949 5 0 1.195115 33.810001 40
16688 4949 5 0 1.195115 35.189999 40
16689 4949 5 0 2.39023 35.880001 40
16690 4949 5 0 4.78046 33.119999 40
16691 4949 5 0 3.585345 33.810001 40
16692 4949 5 0 3.585345 35.189999 40
16693 4949 5 0 4.78046 35.880001 40
16694 4949 5 0 7.170691 33.119999 40
16695 4949 5 0 5.975575 33.810001 40
16696 4949 5 0 5.975575 35.189999 40
16697 4949 5 0 7.170691 35.880001 40
16698 4949 5 0 9.560921 33.119999 40
16699 4949 5 0 8.365806 33.810001 40
16700 4949 5 0 8.365806 35.189999 40
16701 4949 5 0 9.560921 35.880001 40
16702 4949 5 0 11.951151 33.119999 40
16703 4949 5 0 10.756036 33.810001 40
16704 4949 5 0 10.756036 35.189999 40
16705 4949 5 0 11.951151 35.880001 40
16706 4949 5 0 14.341381 33.119999 40
16707 4949 5 0 13.146266 33.810001 40
16708 4949 5 0 13.146266 35.189999 40
16709 4949 5 0 14.341381 35.880001 40
16710 4949 5 0 16.731611 33.119999 40
16711 4949 5 0 15.536496 33.810001 40
16712 4949 5 0 15.536496 35.189999 40
16713 4949 5 0 16.731611 35.880001 40
16714 4949 5 0 19.121841 33.119999 40
16715 4949 5 0 17.926725 33.810001 40
16716 4949 5 0 17.926725 35.189999 40
16717 4949 5 0 19.121841 35.880001 40
16718 4949 5 0 21.512072 33.119999 40
16719 4949 5 0 20.316956 33.810001 40
16720 4949 5 0 20.316956 35.189999 40
16721 4949 5 0 21.512072 35.880001 40
16722 4949 5 0 23.902302 33.119999 40
16723 4949 5 0 22.707186 33.810001 40
16724 4949 5 0 22.707186 35.189999 40
16725 4949 5 0 23.902302 35.880001 40
16726 4949 5 0 26.292532 33.119999 40
16727 4949 5 0 25.097416 33.810001 40
16728 4949 5 0 25.097416 35.189999 40
16729 4949 5 0 26.292532 35.880001 40
16730 4949 5 0 28.682762 33.119999 40
16731 4949 5 0 27.487646 33.810001 40
16732 4949 5 0 27.487646 35.189999 40
16733 4949 5 0 28.682762 35.880001 40
16734 4949 5 0 31.072992 33.119999 40
16735 4949 5 0 29.877876 33.810001 40
16736 4949 5 0 29.877876 35.189999 40
16737 4949 5 0 31.072992 35.880001 40
16738 4949 5 0 33.463223 33.119999 40
16739 4949 5 0 32.268108 33.810001 40
16740 4949 5 0 32.268108 35.189999 40
16741 4949 5 0 33.463223 35.880001 40
16742 4949 5 0 35.853451 33.119999 40
16743 4949 5 0 34.658337 33.810001 40
16744 4949 5 0 34.658337 35.189999 40
16745 4949 5 0 35.853451 35.880001 40
16746 4949 5 0 38.243683 33.119999 40
16747 4949 5 0 37.048565 33.810001 40
16748 4949 5 0 37.048565 35.189999 40
16749 4949 5 0 38.243683 35.880001 40
16750 4949 5 0 40.633911 33.119999 40
16751 4949 5 0 39.438797 33.810001 40
16752 4949 5 0 39.438797 35.189999 40
16753 4949 5 0 40.633911 35.880001 40
16754 4949 5 0 43.024143 33.119999 40
16755 4949 5 0 41.829025 33.810001 40
16756 4949 5 0 41.829025 35.189999 40
16757 4949 5 0 43.024143 35.880001 40
16758 4949 5 0 45.414371 33.119999 40
16759 4949 5 0 44.219257 33.810001 40
16760 4949 5 0 44.219257 35.189999 40
16761 4949 5 0 45.414371 35.880001 40
16762 4949 5 0 47.804604 33.119999 40
16763 4949 5 0 46.609486 33.810001 40
16764 4949 5 0 46.609486 35.189999 40
16765 4949 5 0 47.804604 35.880001 40
16766 4949 5 0 50.194832 33.119999 40
16767 4949 5 0 48.999718 33.810001 40
16768 4949 5 0 48.999718 35.189999 40
16769 4949 5 0 50.194832 35.880001 40
16770 4949 5 0 52.585064 33.119999 40
16771 4949 5 0 51.389946 33.810001 40
16772 4949 5 0 51.389946 35.189999 40
16773 4949 5 0 52.585064 35.880001 40
16774 4949 5 0 54.975292 33.119999 40
16775 4949 5 0 53.780178 33.810001 40
16776 4949 5 0 53.780178 35.189999 40
16777 4949 5 0 54.975292 35.880001 40
16778 4949 5 0 57.365524 33.119999 40
16779 4949 5 0 56.170406 33.810001 40
16780 4949 5 0 56.170406 35.189999 40
16781 4949 5 0 57.365524 35.880001 40
16782 4949 5 0 59.755753 33.119999 40
16783 4949 5 0 58.560638 33.810001 40
16784 4949 5 0 58.560638 35.189999 40
16785 4949 5 0 59.755753 35.880001 40
16786 4949 5 0 0 37.259998 40
16787 4949 5 0 -1.195115 37.950001 40
16788 4949 5 0 -1.195115 39.330002 40
16789 4949 5 0 0 40.02 40
16790 4949 5 0 2.39023 37.259998 40
16791 4949 5 0 1.195115 37.950001 40
16792 4949 5 0 1.195115 39.330002 40
16793 4949 5 0 2.39023 40.02 40
16794 4949 5 0 4.78046 37.259998 40
16795 4949 5 0 3.585345 37.950001 40
16796 4949 5 0 3.585345 39.330002 40
16797 4949 5 0 4.78046 40.02 40
16798 4949 5 0 7.170691 37.259998 40
16799 4949 5 0 5.975575 37.950001 40
16800 4949 5 0 5.975575 39.330002 40
16801 4949 5 0 7.170691 40.02 40
16802 4949 5 0 9.560921 37.259998 40
16803 4949 5 0 8.365806 37.950001 40
16804 4949 5 0 8.365806 39.330002 40
16805 4949 5 0 9.560921 40.02 40
16806 4949 5 0 11.951151 37.259998 40
16807 4949 5 0 10.756036 37.950001 40
16808 4949 5 0 10.756036 39.330002 40
16809 4949 5 0 11.951151 40.02 40
16810 4949 5 0 14.341381 37.259998 40
16811 4949 5 0 13.146266 37.950001 40
16812 4949 5 0 13.146266 39.330002 40
16813 4949 5 0 14.341381 40.02 40
16814 4949 5 0 16.731611 37.259998 40
16815 4949 5 0 15.536496 37.950001 40
16816 4949 5 0 15.536496 39.330002 40
16817 4949 5 0 16.731611 40.02 40
16818 4949 5 0 19.121841 37.259998 40
16819 4949 5 0 17.926725 37.950001 40
16820 4949 5 0 17.926725 39.330002 40
16821 4949 5 0 19.121841 40.02 40
16822 4949 5 0 21.512072 37.259998 40
16823 4949 5 0 20.316956 37.950001 40
16824 4949 5 0 20.316956 39.330002 40
16825 4949 5 0 21.512072 40.02 40
16826 4949 5 0 23.902302 37.259998 40
16827 4949 5 0 22.707186 37.950001 40
16828 4949 5 0 22.707186 39.330002 40
16829 4949 5 0 23.902302 40.02 40
16830 4949 5 0 26.292532 37.259998 40
16831 4949 5 0 25.097416 37.950001 40
16832 4949 5 0 25.097416 39.330002 40
16833 4949 5 0 26.292532 40.02 40
16834 4949 5 0 28.682762 37.259998 40
16835 4949 5 0 27.487646 37.950001 40
16836 4949 5 0 27.487646 39.330002 40
16837 4949 5 0 28.682762 40.02 40
16838 4949 5 0 31.072992 37.259998 40
16839 4949 5 0 29.877876 37.950001 40
16840 4949 5 0 29.877876 39.330002 40
16841 4949 5 0 31.072992 40.02 40
16842 4949 5 0 33.463223 37.259998 40
16843 4949 5 0 32.268108 37.950001 40
16844 4949 5 0 32.268108 39.330002 40
16845 4949 5 0 33.463223 40.02 40
16846 4949 5 0 35.853451 37.259998 40
16847 4949 5 0 34.658337 37.950001 40
16848 4949 5 0 34.658337 39.330002 40
16849 4949 5 0 35.853451 40.02 40
16850 4949 5 0 38.243683 37.259998 40
16851 4949 5 0 37.048565 37.950001 40
16852 4949 5 0 37.048565 39.330002 40
16853 4949 5 0 38.243683 40.02 40
16854 4949 5 0 40.633911 37.259998 40
16855 4949 5 0 39.438797 37.950001 40
16856 4949 5 0 39.438797 39.330002 40
16857 4949 5 0 40.633911 40.02 40
16858 4949 5 0 43.024143 37.259998 40
16859 4949 5 0 41.829025 37.950001 40
16860 4949 5 0 41.829025 39.330002 40
16861 4949 5 0 43.024143 40.02 40
16862 4949 5 0 45.414371 37.259998 40
16863 4949 5 0 44.219257 37.950001 40
16864 4949 5 0 44.219257 39.330002 40
16865 4949 5 0 45.414371 40.02 40
16866 4949 5 0 47.804604 37.259998 40
16867 4949 5 0 46.609486 37.950001 40
16868 4949 5 0 46.609486 39.330002 40
16869 4949 5 0 47.804604 40.02 40
16870 4949 5 0 50.194832 37.259998 40
16871 4949 5 0 48.999718 37.950001 40
16872 4949 5 0 48.999718 39.330002 40
16873 4949 5 0 50.194832 40.02 40
16874 4949 5 0 52.585064 37.259998 40
16875 4949 5 0 51.389946 37.950001 40
16876 4949 5 0 51.389946 39.330002 40
16877 4949 5 0 52.585064 40.02 40
16878 4949 5 0 54.975292 37.259998 40
16879 4949 5 0 53.780178 37.950001 40
16880 4949 5 0 53.780178 39.330002 40
16881 4949 5 0 54.975292 40.02 40
16882 4949 5 0 57.365524 37.259998 40
16883 4949 5 0 56.170406 37.950001 40
16884 4949 5 0 56.170406 39.330002 40
16885 4949 5 0 57.365524 40.02 40
16886 4949 5 0 59.755753 37.259998 40
16887 4949 5 0 58.560638 37.950001 40
16888 4949 5 0 58.560638 39.330002 40
16889 4949 5 0 59.755753 40.02 40
16890 4949 5 0 0 41.400002 40
16891 4949 5 0 -1.195115 42.09 40
16892 4949 5 0 -1.195115 43.470001 40
16893 4949 5 0 0 44.16 40
16894 4949 5 0 2.39023 41.400002 40
16895 4949 5 0 1.195115 42.09 40
16896 4949 5 0 1.195115 43.470001 40
16897 4949 5 0 2.39023 44.16 40
16898 4949 5 0 4.78046 41.400002 40
16899 4949 5 0 3.585345 42.09 40
16900 4949 5 0 3.585345 43.470001 40
16901 4949 5 0 4.78046 44.16 40
16902 4949 5 0 7.170691 41.400002 40
16903 4949 5 0 5.975575 42.09 40
16904 4949 5 0 5.975575 43.470001 40
16905 4949 5 0 7.170691 44.16 40
16906 4949 5 0 9.560921 41.400002 40
16907 4949 5 0 8.365806 42.09 40
16908 4949 5 0 8.365806 43.470001 40
16909 4949 5 0 9.560921 44.16 40
16910 4949 5 0 11.951151 41.400002 40
16911 4949 5 0 10.756036 42.09 40
16912 4949 5 0 10.756036 43.470001 40
16913 4949 5 0 11.951151 44.16 40
16914 4949 5 0 14.341381 41.400002 40
16915 4949 5 0 13.146266 42.09 40
16916 4949 5 0 13.146266 43.470001 40
16917 4949 5 0 14.341381 44.16 40
16918 4949 5 0 16.731611 41.400002 40
16919 4949 5 0 15.536496 42.09 40
16920 4949 5 0 15.536496 43.470001 40
16921 4949 5 0 16.731611 44.16 40
16922 4949 5 0 19.121841 41.400002 40
16923 4949 5 0 17.926725 42.09 40
16924 4949 5 0 17.926725 43.470001 40
16925 4949 5 0 19.121841 44.16 40
16926 4949 5 0 21.512072 41.400002 40
16927 4949 5 0 20.316956 42.09 40
16928 4949 5 0 20.316956 43.470001 40
16929 4949 5 0 21.512072 44.16 40
16930 4949 5 0 23.902302 41.400002 40
16931 4949 5 0 22.707186 42.09 40
16932 4949 5 0 22.707186 43.470001 40
16933 4949 5 0 23.902302 44.16 40
16934 4949 5 0 26.292532 41.400002 40
16935 4949 5 0 25.097416 42.09 40
16936 4949 5 0 25.097416 43.470001 40
16937 4949 5 0 26.292532 44.16 40
16938 4949 5 0 28.682762 41.400002 40
16939 4949 5 0 27.487646 42.09 40
16940 4949 5 0 27.487646 43.470001 40
16941 4949 5 0 28.682762 44.16 40
16942 4949 5 0 31.072992 41.400002 40
16943 4949 5 0 29.877876 42.09 40
16944 4949 5 0 29.877876 43.470001 40
16945 4949 5 0 31.072992 44.16 40
16946 4949 5 0 33.463223 41.400002 40
16947 4949 5 0 32.268108 42.09 40
16948 4949 5 0 32.268108 43.470001 40
16949 4949 5 0 33.463223 44.16 40
16950 4949 5 0 35.853451 41.400002 40
16951 4949 5 0 34.658337 42.09 40
16952 4949 5 0 34.658337 43.470001 40
16953 4949 5 0 35.853451 44.16 40
16954 4949 5 0 38.243683 41.400002 40
16955 4949 5 0 37.048565 42.09 40
16956 4949 5 0 37.048565 43.470001 40
16957 4949 5 0 38.243683 44.16 40
16958 4949 5 0 40.633911 41.400002 40
16959 4949 5 0 39.438797 42.09 40
16960 4949 5 0 39.438797 43.470001 40
16961 4949 5 0 40.633911 44.16 40
16962 4949 5 0 43.024143 41.400002 40
16963 4949 5 0 41.829025 42.09 40
16964 4949 5 0 41.829025 43.470001 40
16965 4949 5 0 43.024143 44.16 40
16966 4949 5 0 45.414371 41.400002 40
16967 4949 5 0 44.219257 42.09 40
16968 4949 5 0 44.219257 43.470001 40
16969 4949 5 0 45.414371 44.16 40
16970 4949 5 0 47.804604 41.400002 40
16971 4949 5 0 46.609486 42.09 40
16972 4949 5 0 46.609486 43.470001 40
16973 4949 5 0 47.804604 44.16 40
16974 4949 5 0 50.194832 41.400002 40
16975 4949 5 0 48.999718 42.09 40
16976 4949 5 0 48.999718 43.470001 40
16977 4949 5 0 50.194832 44.16 40
16978 4949 5 0 52.585064 41.400002 40
16979 4949 5 0 51.389946 42.09 40
16980 4949 5 0 51.389946 43.470001 40
16981 4949 5 0 52.585064 44.16 40
16982 4949 5 0 54.975292 41.400002 40
16983 4949 5 0 53.780178 42.09 40
16984 4949 5 0 53.780178 43.470001 40
16985 4949 5 0 54.975292 44.16 40
16986 4949 5 0 57.365524 41.400002 40
16987 4949 5 0 56.170406 42.09 40
16988 4949 5 0 56.170406 43.470001 40
16989 4949 5 0 57.365524 44.16 40
16990 4949 5 0 59.755753 41.400002 40
16991 4949 5 0 58.560638 42.09 40
16992 4949 5 0 58.560638 43.470001 40
16993 4949 5 0 59.755753 44.16 40
16994 4949 5 0 0 45.540001 40
16995 4949 5 0 -1.195115 46.23 40
16996 4949 5 0 -1.195115 47.610001 40
16997 4949 5 0 0 48.299999 40
16998 4949 5 0 2.39023 45.540001 40
16999 4949 5 0 1.195115 46.23 40
17000 4949 5 0 1.195115 47.610001 40
17001 4949 5 0 2.39023 48.299999 40
17002 4949 5 0 4.78046 45.540001 40
17003 4949 5 0 3.585345 46.23 40
17004 4949 5 0 3.585345 47.610001 40
17005 4949 5 0 4.78046 48.299999 40
17006 4949 5 0 7.170691 45.540001 40
17007 4949 5 0 5.975575 46.23 40
17008 4949 5 0 5.975575 47.610001 40
17009 4949 5 0 7.170691 48.299999 40
17010 4949 5 0 9.560921 45.540001 40
17011 4949 5 0 8.365806 46.23 40
17012 4949 5 0 8.365806 47.610001 40
17013 4949 5 0 9.560921 48.299999 40
17014 4949 5 0 11.951151 45.540001 40
17015 4949 5 0 10.756036 46.23 40
17016 4949 5 0 10.756036 47.610001 40
17017 4949 5 0 11.951151 48.299999 40
17018 4949 5 0 14.341381 45.540001 40
17019 4949 5 0 13.146266 46.23 40
17020 4949 5 0 13.146266 47.610001 40
17021 4949 5 0 14.341381 48.299999 40
17022 4949 5 0 16.731611 45.540001 40
17023 4949 5 0 15.536496 46.23 40
17024 4949 5 0 15.536496 47.610001 40
17025 4949 5 0 16.731611 48.299999 40
17026 4949 5 0 19.121841 45.540001 40
17027 4949 5 0 17.926725 46.23 40
17028 4949 5 0 17.926725 47.610001 40
17029 4949 5 0 19.121841 48.299999 40
17030 4949 5 0 21.512072 45.540001 40
17031 4949 5 0 20.316956 46.23 40
17032 4949 5 0 20.316956 47.610001 40
17033 4949 5 0 21.512072 48.299999 40
17034 4949 5 0 23.902302 45.540001 40
17035 4949 5 0 22.707186 46.23 40
17036 4949 5 0 22.707186 47.610001 40
17037 4949 5 0 23.902302 48.299999 40
17038 4949 5 0 26.292532 45.540001 40
17039 4949 5 0 25.097416 46.23 40
17040 4949 5 0 25.097416 47.610001 40
17041 4949 5 0 26.292532 48.299999 40
17042 4949 5 0 28.682762 45.540001 40
17043 4949 5 0 27.487646 46.23 40
17044 4949 5 0 27.487646 47.610001 40
17045 4949 5 0 28.682762 48.299999 40
17046 4949 5 0 31.072992 45.540001 40
17047 4949 5 0 29.877876 46.23 40
17048 4949 5 0 29.877876 47.610001 40
17049 4949 5 0 31.072992 48.299999 40
17050 4949 5 0 33.463223 45.540001 40
17051 4949 5 0 32.268108 46.23 40
17052 4949 5 0 32.268108 47.610001 40
17053 4949 5 0 33.463223 48.299999 40
17054 4949 5 0 35.853451 45.540001 40
17055 4949 5 0 34.658337 46.23 40
17056 4949 5 0 34.658337 47.610001 40
17057 4949 5 0 35.853451 48.299999 40
17058 4949 5 0 38.243683 45.540001 40
17059 4949 5 0 37.048565 46.23 40
17060 4949 5 0 37.048565 47.610001 40
17061 4949 5 0 38.243683 48.299999 40
17062 4949 5 0 40.633911 45.540001 40
17063 4949 5 0 39.438797 46.23 40
17064 4949 5 0 39.438797 47.610001 40
17065 4949 5 0 40.633911 48.299999 40
17066 4949 5 0 43.024143 45.540001 40
17067 4949 5 0 41.829025 46.23 40
17068 4949 5 0 41.829025 47.610001 40
17069 4949 5 0 43.024143 48.299999 40
17070 4949 5 0 45.414371 45.540001 40
17071 4949 5 0 44.219257 46.23 40
17072 4949 5 0 44.219257 47.610001 40
17073 4949 5 0 45.414371 48.299999 40
17074 4949 5 0 47.804604 45.540001 40
17075 4949 5 0 46.609486 46.23 40
17076 4949 5 0 46.609486 47.610001 40
17077 4949 5 0 47.804604 48.299999 40
17078 4949 5 0 50.194832 45.540001 40
17079 4949 5 0 48.999718 46.23 40
17080 4949 5 0 48.999718 47.610001 40
17081 4949 5 0 50.194832 48.299999 40
17082 4949 5 0 52.585064 45.540001 40
17083 4949 5 0 51.389946 46.23 40
17084 4949 5 0 51.389946 47.610001 40
17085 4949 5 0 52.585064 48.299999 40
17086 4949 5 0 54.975292 45.540001 40
17087 4949 5 0 53.780178 46.23 40
17088 4949 5 0 53.780178 47.610001 40
17089 4949 5 0 54.975292 48.299999 40
17090 4949 5 0 57.365524 45.540001 40
17091 4949 5 0 56.170406 46.23 40
17092 4949 5 0 56.170406 47.610001 40
17093 4949 5 0 57.365524 48.299999 40
17094 4949 5 0 59.755753 45.540001 40
17095 4949 5 0 58.560638 46.23 40
17096 4949 5 0 58.560638 47.610001 40
17097 4949 5 0 59.755753 48.299999 40
17098 4949 5 0 0 49.68 40
17099 4949 5 0 -1.195115 50.369999 40
17100 4949 5 0 -1.195115 51.75 40
17101 4949 5 0 0 52.439999 40
17102 4949 5 0 2.39023 49.68 40
17103 4949 5 0 1.195115 50.369999 40
17104 4949 5 0 1.195115 51.75 40
17105 4949 5 0 2.39023 52.439999 40
17106 4949 5 0 4.78046 49.68 40
17107 4949 5 0 3.585345 50.369999 40
17108 4949 5 0 3.585345 51.75 40
17109 4949 5 0 4.78046 52.439999 40
17110 4949 5 0 7.170691 49.68 40
17111 4949 5 0 5.975575 50.369999 40
17112 4949 5 0 5.975575 51.75 40
17113 4949 5 0 7.170691 52.439999 40
17114 4949 5 0 9.560921 49.68 40
17115 4949 5 0 8.365806 50.369999 40
17116 4949 5 0 8.365806 51.75 40
17117 4949 5 0 9.560921 52.439999 40
17118 4949 5 0 11.951151 49.68 40
17119 4949 5 0 10.756036 50.369999 40
17120 4949 5 0 10.756036 51.75 40
17121 4949 5 0 11.951151 52.439999 40
17122 4949 5 0 14.341381 49.68 40
17123 4949 5 0 13.146266 50.369999 40
17124 4949 5 0 13.146266 51.75 40
17125 4949 5 0 14.341381 52.439999 40
17126 4949 5 0 16.731611 49.68 40
17127 4949 5 0 15.536496 50.369999 40
17128 4949 5 0 15.536496 51.75 40
17129 4949 5 0 16.731611 52.439999 40
17130 4949 5 0 19.121841 49.68 40
17131 4949 5 0 17.926725 50.369999 40
17132 4949 5 0 17.926725 51.75 40
17133 4949 5 0 19.121841 52.439999 40
17134 4949 5 0 21.512072 49.68 40
17135 4949 5 0 20.316956 50.369999 40
17136 4949 5 0 20.316956 51.75 40
17137 4949 5 0 21.512072 52.439999 40
17138 4949 5 0 23.902302 49.68 40
17139 4949 5 0 22.707186 50.369999 40
17140 4949 5 0 22.707186 51.75 40
17141 4949 5 0 23.902302 52.439999 40
17142 4949 5 0 26.292532 49.68 40
17143 4949 5 0 25.097416 50.369999 40
17144 4949 5 0 25.097416 51.75 40
17145 4949 5 0 26.292532 52.439999 40
17146 4949 5 0 28.682762 49.68 40
17147 4949 5 0 27.487646 50.369999 40
17148 4949 5 0 27.487646 51.75 40
17149 4949 5 0 28.682762 52.439999 40
17150 4949 5 0 31.072992 49.68 40
17151 4949 5 0 29.877876 50.369999 40
17152 4949 5 0 29.877876 51.75 40
17153 4949 5 0 31.072992 52.439999 40
17154 4949 5 0 33.463223 49.68 40
17155 4949 5 0 32.268108 50.369999 40
17156 4949 5 0 32.268108 51.75 40
17157 4949 5 0 33.463223 52.439999 40
17158 4949 5 0 35.853451 49.68 40
17159 4949 5 0 34.658337 50.369999 40
17160 4949 5 0 34.658337 51.75 40
17161 4949 5 0 35.853451 52.439999 40
17162 4949 5 0 38.243683 49.68 40
17163 4949 5 0 37.048565 50.369999 40
17164 4949 5 0 37.048565 51.75 40
17165 4949 5 0 38.243683 52.439999 40
17166 4949 5 0 40.633911 49.68 40
17167 4949 5 0 39.438797 50.369999 40
17168 4949 5 0 39.438797 51.75 40
17169 4949 5 0 40.633911 52.439999 40
17170 4949 5 0 43.024143 49.68 40
17171 4949 5 0 41.829025 50.369999 40
17172 4949 5 0 41.829025 51.75 40
17173 4949 5 0 43.024143 52.439999 40
17174 4949 5 0 45.414371 49.68 40
17175 4949 5 0 44.219257 50.369999 40
17176 4949 5 0 44.219257 51.75 40
17177 4949 5 0 45.414371 52.439999 40
17178 4949 5 0 47.804604 49.68 40
17179 4949 5 0 46.609486 50.369999 40
17180 4949 5 0 46.609486 51.75 40
17181 4949 5 0 47.804604 52.439999 40
17182 4949 5 0 50.194832 49.68 40
17183 4949 5 0 48.999718 50.369999 40
17184 4949 5 0 48.999718 51.75 40
17185 4949 5 0 50.194832 52.439999 40
17186 4949 5 0 52.585064 49.68 40
17187 4949 5 0 51.389946 50.369999 40
17188 4949 5 0 51.389946 51.75 40
17189 4949 5 0 52.585064 52.439999 40
17190 4949 5 0 54.975292 49.68 40
17191 4949 5 0 53.780178 50.369999 40
17192 4949 5 0 53.780178 51.75 40
17193 4949 5 0 54.975292 52.439999 40
17194 4949 5 0 57.365524 49.68 40
17195 4949 5 0 56.170406 50.369999 40
17196 4949 5 0 56.170406 51.75 40
17197 4949 5 0 57.365524 52.439999 40
17198 4949 5 0 59.755753 49.68 40
17199 4949 5 0 58.560638 50.369999 40
17200 4949 5 0 58.560638 51.75 40
17201 4949 5 0 59.755753 52.439999 40
17202 4949 5 0 0 53.82 40
17203 4949 5 0 -1.195115 54.509998 40
17204 4949 5 0 -1.195115 55.889999 40
17205 4949 5 0 0 56.580002 40
17206 4949 5 0 2.39023 53.82 40
17207 4949 5 0 1.195115 54.509998 40
17208 4949 5 0 1.195115 55.889999 40
17209 4949 5 0 2.39023 56.580002 40
17210 4949 5 0 4.78046 53.82 40
17211 4949 5 0 3.585345 54.509998 40
17212 4949 5 0 3.585345 55.889999 40
17213 4949 5 0 4.78046 56.580002 40
17214 4949 5 0 7.170691 53.82 40
17215 4949 5 0 5.975575 54.509998 40
17216 4949 5 0 5.975575 55.889999 40
17217 4949 5 0 7.170691 56.580002 40
17218 4949 5 0 9.560921 53.82 40
17219 4949 5 0 8.365806 54.509998 40
17220 4949 5 0 8.365806 55.889999 40
17221 4949 5 0 9.560921 56.580002 40
17222 4949 5 0 11.951151 53.82 40
17223 4949 5 0 10.756036 54.509998 40
17224 4949 5 0 10.756036 55.889999 40
17225 4949 5 0 11.951151 56.580002 40
17226 4949 5 0 14.341381 53.82 40
17227 4949 5 0 13.146266 54.509998 40
17228 4949 5 0 13.146266 55.889999 40
17229 4949 5 0 14.341381 56.580002 40
17230 4949 5 0 16.731611 53.82 40
17231 4949 5 0 15.536496 54.509998 40
17232 4949 5 0 15.536496 55.889999 40
17233 4949 5 0 16.731611 56.580002 40
17234 4949 5 0 19.121841 53.82 40
17235 4949 5 0 17.926725 54.509998 40
17236 4949 5 0 17.926725 55.889999 40
17237 4949 5 0 19.121841 56.580002 40
17238 4949 5 0 21.512072 53.82 40
17239 4949 5 0 20.316956 54.509998 40
17240 4949 5 0 20.316956 55.889999 40
17241 4949 5 0 21.512072 56.580002 40
17242 4949 5 0 23.902302 53.82 40
17243 4949 5 0 22.707186 54.509998 40
17244 4949 5 0 22.707186 55.889999 40
17245 4949 5 0 23.902302 56.580002 40
17246 4949 5 0 26.292532 53.82 40
17247 4949 5 0 25.097416 54.509998 40
17248 4949 5 0 25.097416 55.889999 40
17249 4949 5 0 26.292532 56.580002 40
17250 4949 5 0 28.682762 53.82 40
17251 4949 5 0 27.487646 54.509998 40
17252 4949 5 0 27.487646 55.889999 40
17253 4949 5 0 28.682762 56.580002 40
17254 4949 5 0 31.072992 53.82 40
17255 4949 5 0 29.877876 54.509998 40
17256 4949 5 0 29.877876 55.889999 40
17257 4949 5 0 31.072992 56.580002 40
17258 4949 5 0 33.463223 53.82 40
17259 4949 5 0 32.268108 54.509998 40
17260 4949 5 0 32.268108 55.889999 40
17261 4949 5 0 33.463223 56.580002 40
17262 4949 5 0 35.853451 53.82 40
17263 4949 5 0 34.658337 54.509998 40
17264 4949 5 0 34.658337 55.889999 40
17265 4949 5 0 35.853451 56.580002 40
17266 4949 5 0 38.243683 53.82 40
17267 4949 5 0 37.048565 54.509998 40
17268 4949 5 0 37.048565 55.889999 40
17269 4949 5 0 38.243683 56.580002 40
17270 4949 5 0 40.633911 53.82 40
17271 4949 5 0 39.438797 54.509998 40
17272 4949 5 0 39.438797 55.889999 40
17273 4949 5 0 40.633911 56.580002 40
17274 4949 5 0 43.024143 53.82 40
17275 4949 5 0 41.829025 54.509998 40
17276 4949 5 0 41.829025 55.889999 40
17277 4949 5 0 43.024143 56.580002 40
17278 4949 5 0 45.414371 53.82 40
17279 4949 5 0 44.219257 54.509998 40
17280 4949 5 0 44.219257 55.889999 40
17281 4949 5 0 45.414371 56.580002 40
17282 4949 5 0 47.804604 53.82 40
17283 4949 5 0 46.609486 54.509998 40
17284 4949 5 0 46.609486 55.889999 40
17285 4949 5 0 47.804604 56.580002 40
17286 4949 5 0 50.194832 53.82 40
17287 4949 5 0 48.999718 54.509998 40
17288 4949 5 0 48.999718 55.889999 40
17289 4949 5 0 50.194832 56.580002 40
17290 4949 5 0 52.585064 53.82 40
17291 4949 5 0 51.389946 54.509998 40
17292 4949 5 0 51.389946 55.889999 40
17293 4949 5 0 52.585064 56.580002 40
17294 4949 5 0 54.975292 53.82 40
17295 4949 5 0 53.780178 54.509998 40
17296 4949 5 0 53.780178 55.889999 40
17297 4949 5 0 54.975292 56.580002 40
17298 4949 5 0 57.365524 53.82 40
17299 4949 5 0 56.170406 54.509998 40
17300 4949 5 0 56.170406 55.889999 40
17301 4949 5 0 57.365524 56.580002 40
17302 4949 5 0 59.755753 53.82 40
17303 4949 5 0 58.560638 54.509998 40
17304 4949 5 0 58.560638 55.889999 40
17305 4949 5 0 59.755753 56.580002 40
17306 4949 5 0 0 57.959999 40
17307 4949 5 0 -1.195115 58.650002 40
17308 4949 5 0 -1.195115 60.029999 40
17309 4949 5 0 0 60.720001 40
17310 4949 5 0 2.39023 57.959999 40
17311 4949 5 0 1.195115 58.650002 40
17312 4949 5 0 1.195115 60.029999 40
17313 4949 5 0 2.39023 60.720001 40
17314 4949 5 0 4.78046 57.959999 40
17315 4949 5 0 3.585345 58.650002 40
17316 4949 5 0 3.585345 60.029999 40
17317 4949 5 0 4.78046 60.720001 40
17318 4949 5 0 7.170691 57.959999 40
17319 4949 5 0 5.975575 58.650002 40
17320 4949 5 0 5.975575 60.029999 40
17321 4949 5 0 7.170691 60.720001 40
17322 4949 5 0 9.560921 57.959999 40
17323 4949 5 0 8.365806 58.650002 40
17324 4949 5 0 8.365806 60.029999 40
17325 4949 5 0 9.560921 60.720001 40
17326 4949 5 0 11.951151 57.959999 40
17327 4949 5 0 10.756036 58.650002 40
17328 4949 5 0 10.756036 60.029999 40
17329 4949 5 0 11.951151 60.720001 40
17330 4949 5 0 14.341381 57.959999 40
17331 4949 5 0 13.146266 58.650002 40
17332 4949 5 0 13.146266 60.029999 40
17333 4949 5 0 14.341381 60.720001 40
17334 4949 5 0 16.731611 57.959999 40
17335 4949 5 0 15.536496 58.650002 40
17336 4949 5 0 15.536496 60.029999 40
17337 4949 5 0 16.731611 60.720001 40
17338 4949 5 0 19.121841 57.959999 40
17339 4949 5 0 17.926725 58.650002 40
17340 4949 5 0 17.926725 60.029999 40
17341 4949 5 0 19.121841 60.720001 40
17342 4949 5 0 21.512072 57.959999 40
17343 4949 5 0 20.316956 58.650002 40
17344 4949 5 0 20.316956 60.029999 40
17345 4949 5 0 21.512072 60.720001 40
17346 4949 5 0 23.902302 57.959999 40
17347 4949 5 0 22.707186 58.650002 40
17348 4949 5 0 22.707186 60.029999 40
17349 4949 5 0 23.902302 60.720001 40
17350 4949 5 0 26.292532 57.959999 40
17351 4949 5 0 25.097416 58.650002 40
17352 4949 5 0 25.097416 60.029999 40
17353 4949 5 0 26.292532 60.720001 40
17354 4949 5 0 28.682762 57.959999 40
17355 4949 5 0 27.487646 58.650002 40
17356 4949 5 0 27.487646 60.029999 40
17357 4949 5 0 28.682762 60.720001 40
17358 4949 5 0 31.072992 57.959999 40
17359 4949 5 0 29.877876 58.650002 40
17360 4949 5 0 29.877876 60.029999 40
17361 4949 5 0 31.072992 60.720001 40
17362 4949 5 0 33.463223 57.959999 40
17363 4949 5 0 32.268108 58.650002 40
17364 4949 5 0 32.268108 60.029999 40
17365 4949 5 0 33.463223 60.720001 40
17366 4949 5 0 35.853451 57.959999 40
17367 4949 5 0 34.658337 58.650002 40
17368 4949 5 0 34.658337 60.029999 40
17369 4949 5 0 35.853451 60.720001 40
17370 4949 5 0 38.243683 57.959999 40
17371 4949 5 0 37.048565 58.650002 40
17372 4949 5 0 37.048565 60.029999 40
17373 4949 5 0 38.243683 60.720001 40
17374 4949 5 0 40.633911 57.959999 40
17375 4949 5 0 39.438797 58.650002 40
17376 4949 5 0 39.438797 60.029999 40
17377 4949 5 0 40.633911 60.720001 40
17378 4949 5 0 43.024143 57.959999 40
17379 4949 5 0 41.829025 58.650002 40
17380 4949 5 0 41.829025 60.029999 40
17381 4949 5 0 43.024143 60.720001 40
17382 4949 5 0 45.414371 57.959999 40
17383 4949 5 0 44.219257 58.650002 40
17384 4949 5 0 44.219257 60.029999 40
17385 4949 5 0 45.414371 60.720001 40
17386 4949 5 0 47.804604 57.959999 40
17387 4949 5 0 46.609486 58.650002 40
17388 4949 5 0 46.609486 60.029999 40
17389 4949 5 0 47.804604 60.720001 40
17390 4949 5 0 50.194832 57.959999 40
17391 4949 5 0 48.999718 58.650002 40
17392 4949 5 0 48.999718 60.029999 40
17393 4949 5 0 50.194832 60.720001 40
17394 4949 5 0 52.585064 57.959999 40
17395 4949 5 0 51.389946 58.650002 40
17396 4949 5 0 51.389946 60.029999 40
17397 4949 5 0 52.585064 60.720001 40
17398 4949 5 0 54.975292 57.959999 40
17399 4949 5 0 53.780178 58.650002 40
17400 4949 5 0 53.780178 60.029999 40
17401 4949 5 0 54.975292 60.720001 40
17402 4949 5 0 57.365524 57.959999 40
17403 4949 5 0 56.170406 58.650002 40
17404 4949 5 0 56.170406 60.029999 40
17405 4949 5 0 57.365524 60.720001 40
17406 4949 5 0 59.755753 57.959999 40
17407 4949 5 0 58.560638 58.650002 40
17408 4949 5 0 58.560638 60.029999 40
17409 4949 5 0 59.755753 60.720001 40
