12139 3712 5 0 0 0 30
12140 3712 5 0 -1.195115 0.69 30
12141 3712 5 0 -1.195115 2.07 30
12142 3712 5 0 0 2.76 30
12143 3712 5 0 2.39023 0 30
12144 3712 5 0 1.195115 0.69 30
12145 3712 5 0 1.195115 2.07 30
12146 3712 5 0 2.39023 2.76 30
12147 3712 5 0 4.78046 0 30
12148 3712 5 0 3.585345 0.69 30
12149 3712 5 0 3.585345 2.07 30
12150 3712 5 0 4.78046 2.76 30
12151 3712 5 0 7.170691 0 30
12152 3712 5 0 5.975575 0.69 30
12153 3712 5 0 5.975575 2.07 30
12154 3712 5 0 7.170691 2.76 30
12155 3712 5 0 9.560921 0 30
12156 3712 5 0 8.365806 0.69 30
12157 3712 5 0 8.365806 2.07 30
12158 3712 5 0 9.560921 2.76 30
12159 3712 5 0 11.951151 0 30
12160 3712 5 0 10.756036 0.69 30
12161 3712 5 0 10.756036 2.07 30
12162 3712 5 0 11.951151 2.76 30
12163 3712 5 0 14.341381 0 30
12164 3712 5 0 13.146266 0.69 30
12165 3712 5 0 13.146266 2.07 30
12166 3712 5 0 14.341381 2.76 30
12167 3712 5 0 16.731611 0 30
12168 3712 5 0 15.536496 0.69 30
12169 3712 5 0 15.536496 2.07 30
12170 3712 5 0 16.731611 2.76 30
12171 3712 5 0 19.121841 0 30
12172 3712 5 0 17.926725 0.69 30
12173 3712 5 0 17.926725 2.07 30
12174 3712 5 0 19.121841 2.76 30
12175 3712 5 0 21.512072 0 30
12176 3712 5 0 20.316956 0.69 30
12177 3712 5 0 20.316956 2.07 30
12178 3712 5 0 21.512072 2.76 30
12179 3712 5 0 23.902302 0 30
12180 3712 5 0 22.707186 0.69 30
12181 3712 5 0 22.707186 2.07 30
12182 3712 5 0 23.902302 2.76 30
12183 3712 5 0 26.292532 0 30
12184 3712 5 0 25.097416 0.69 30
12185 3712 5 0 25.097416 2.07 30
12186 3712 5 0 26.292532 2.76 30
12187 3712 5 0 28.682762 0 30
12188 3712 5 0 27.487646 0.69 30
12189 3712 5 0 27.487646 2.07 30
12190 3712 5 0 28.682762 2.76 30
12191 3712 5 0 31.072992 0 30
12192 3712 5 0 29.877876 0.69 30
12193 3712 5 0 29.877876 2.07 30
12194 3712 5 0 31.072992 2.76 30
12195 3712 5 0 33.463223 0 30
12196 3712 5 0 32.268108 0.69 30
12197 3712 5 0 32.268108 2.07 30
12198 3712 5 0 33.463223 2.76 30
12199 3712 5 0 35.853451 0 30
12200 3712 5 0 34.658337 0.69 30
12201 3712 5 0 34.658337 2.07 30
12202 3712 5 0 35.853451 2.76 30
12203 3712 5 0 38.243683 0 30
12204 3712 5 0 37.048565 0.69 30
12205 3712 5 0 37.048565 2.07 30
12206 3712 5 0 38.243683 2.76 30
12207 3712 5 0 40.633911 0 30
12208 3712 5 0 39.438797 0.69 30
12209 3712 5 0 39.438797 2.07 30
12210 3712 5 0 40.633911 2.76 30
12211 3712 5 0 43.024143 0 30
12212 3712 5 0 41.829025 0.69 30
12213 3712 5 0 41.829025 2.07 30
12214 3712 5 0 43.024143 2.76 30
12215 3712 5 0 45.414371 0 30
12216 3712 5 0 44.219257 0.69 30
12217 3712 5 0 44.219257 2.07 30
12218 3712 5 0 45.414371 2.76 30
12219 3712 5 0 47.804604 0 30
12220 3712 5 0 46.609486 0.69 30
12221 3712 5 0 46.609486 2.07 30
12222 3712 5 0 47.804604 2.76 30
12223 3712 5 0 50.194832 0 30
12224 3712 5 0 48.999718 0.69 30
12225 3712 5 0 48.999718 2.07 30
12226 3712 5 0 50.194832 2.76 30
12227 3712 5 0 52.585064 0 30
12228 3712 5 0 51.389946 0.69 30
12229 3712 5 0 51.389946 2.07 30
12230 3712 5 0 52.585064 2.76 30
12231 3712 5 0 54.975292 0 30
12232 3712 5 0 53.780178 0.69 30
12233 3712 5 0 53.780178 2.07 30
12234 3712 5 0 54.975292 2.76 30
12235 3712 5 0 57.365524 0 30
12236 3712 5 0 56.170406 0.69 30
12237 3712 5 0 56.170406 2.07 30
12238 3712 5 0 57.365524 2.76 30
12239 3712 5 0 59.755753 0 30
12240 3712 5 0 58.560638 0.69 30
12241 3712 5 0 58.560638 2.07 30
12242 3712 5 0 59.755753 2.76 30
12243 3712 5 0 0 4.14 30
12244 3712 5 0 -1.195115 4.83 30
12245 3712 5 0 -1.195115 6.21 30
12246 3712 5 0 0 6.9 30
12247 3712 5 0 2.39023 4.14 30
12248 3712 5 0 1.195115 4.83 30
12249 3712 5 0 1.195115 6.21 30
12250 3712 5 0 2.39023 6.9 30
12251 3712 5 0 4.78046 4.14 30
12252 3712 5 0 3.585345 4.83 30
12253 3712 5 0 3.585345 6.21 30
12254 3712 5 0 4.78046 6.9 30
12255 3712 5 0 7.170691 4.14 30
12256 3712 5 0 5.975575 4.83 30
12257 3712 5 0 5.975575 6.21 30
12258 3712 5 0 7.170691 6.9 30
12259 3712 5 0 9.560921 4.14 30
12260 3712 5 0 8.365806 4.83 30
12261 3712 5 0 8.365806 6.21 30
12262 3712 5 0 9.560921 6.9 30
12263 3712 5 0 11.951151 4.14 30
12264 3712 5 0 10.756036 4.83 30
12265 3712 5 0 10.756036 6.21 30
12266 3712 5 0 11.951151 6.9 30
12267 3712 5 0 14.341381 4.14 30
12268 3712 5 0 13.146266 4.83 30
12269 3712 5 0 13.146266 6.21 30
12270 3712 5 0 14.341381 6.9 30
12271 3712 5 0 16.731611 4.14 30
12272 3712 5 0 15.536496 4.83 30
12273 3712 5 0 15.536496 6.21 30
12274 3712 5 0 16.731611 6.9 30
12275 3712 5 0 19.121841 4.14 30
12276 3712 5 0 17.926725 4.83 30
12277 3712 5 0 17.926725 6.21 30
12278 3712 5 0 19.121841 6.9 30
12279 3712 5 0 21.512072 4.14 30
12280 3712 5 0 20.316956 4.83 30
12281 3712 5 0 20.316956 6.21 30
12282 3712 5 0 21.512072 6.9 30
12283 3712 5 0 23.902302 4.14 30
12284 3712 5 0 22.707186 4.83 30
12285 3712 5 0 22.707186 6.21 30
12286 3712 5 0 23.902302 6.9 30
12287 3712 5 0 26.292532 4.14 30
12288 3712 5 0 25.097416 4.83 30
12289 3712 5 0 25.097416 6.21 30
12290 3712 5 0 26.292532 6.9 30
12291 3712 5 0 28.682762 4.14 30
12292 3712 5 0 27.487646 4.83 30
12293 3712 5 0 27.487646 6.21 30
12294 3712 5 0 28.682762 6.9 30
12295 3712 5 0 31.072992 4.14 30
12296 3712 5 0 29.877876 4.83 30
12297 3712 5 0 29.877876 6.21 30
12298 3712 5 0 31.072992 6.9 30
12299 3712 5 0 33.463223 4.14 30
12300 3712 5 0 32.268108 4.83 30
12301 3712 5 0 32.268108 6.21 30
12302 3712 5 0 33.463223 6.9 30
12303 3712 5 0 35.853451 4.14 30
12304 3712 5 0 34.658337 4.83 30
12305 3712 5 0 34.658337 6.21 30
12306 3712 5 0 35.853451 6.9 30
12307 3712 5 0 38.243683 4.14 30
12308 3712 5 0 37.048565 4.83 30
12309 3712 5 0 37.048565 6.21 30
12310 3712 5 0 38.243683 6.9 30
12311 3712 5 0 40.633911 4.14 30
12312 3712 5 0 39.438797 4.83 30
12313 3712 5 0 39.438797 6.21 30
12314 3712 5 0 40.633911 6.9 30
12315 3712 5 0 43.024143 4.14 30
12316 3712 5 0 41.829025 4.83 30
12317 3712 5 0 41.829025 6.21 30
12318 3712 5 0 43.024143 6.9 30
12319 3712 5 0 45.414371 4.14 30
12320 3712 5 0 44.219257 4.83 30
12321 3712 5 0 44.219257 6.21 30
12322 3712 5 0 45.414371 6.9 30
12323 3712 5 0 47.804604 4.14 30
12324 3712 5 0 46.609486 4.83 30
12325 3712 5 0 46.609486 6.21 30
12326 3712 5 0 47.804604 6.9 30
12327 3712 5 0 50.194832 4.14 30
12328 3712 5 0 48.999718 4.83 30
12329 3712 5 0 48.999718 6.21 30
12330 3712 5 0 50.194832 6.9 30
12331 3712 5 0 52.585064 4.14 30
12332 3712 5 0 51.389946 4.83 30
12333 3712 5 0 51.389946 6.21 30
12334 3712 5 0 52.585064 6.9 30
12335 3712 5 0 54.975292 4.14 30
12336 3712 5 0 53.780178 4.83 30
12337 3712 5 0 53.780178 6.21 30
12338 3712 5 0 54.975292 6.9 30
12339 3712 5 0 57.365524 4.14 30
12340 3712 5 0 56.170406 4.83 30
12341 3712 5 0 56.170406 6.21 30
12342 3712 5 0 57.365524 6.9 30
12343 3712 5 0 59.755753 4.14 30
12344 3712 5 0 58.560638 4.83 30
12345 3712 5 0 58.560638 6.21 30
12346 3712 5 0 59.755753 6.9 30
12347 3712 5 0 0 8.28 30
12348 3712 5 0 -1.195115 8.97 30
12349 3712 5 0 -1.195115 10.35 30
12350 3712 5 0 0 11.04 30
12351 3712 5 0 2.39023 8.28 30
12352 3712 5 0 1.195115 8.97 30
12353 3712 5 0 1.195115 10.35 30
12354 3712 5 0 2.39023 11.04 30
12355 3712 5 0 4.78046 8.28 30
12356 3712 5 0 3.585345 8.97 30
12357 3712 5 0 3.585345 10.35 30
12358 3712 5 0 4.78046 11.04 30
12359 3712 5 0 7.170691 8.28 30
12360 3712 5 0 5.975575 8.97 30
12361 3712 5 0 5.975575 10.35 30
12362 3712 5 0 7.170691 11.04 30
12363 3712 5 0 9.560921 8.28 30
12364 3712 5 0 8.365806 8.97 30
12365 3712 5 0 8.365806 10.35 30
12366 3712 5 0 9.560921 11.04 30
12367 3712 5 0 11.951151 8.28 30
12368 3712 5 0 10.756036 8.97 30
12369 3712 5 0 10.756036 10.35 30
12370 3712 5 0 11.951151 11.04 30
12371 3712 5 0 14.341381 8.28 30
12372 3712 5 0 13.146266 8.97 30
12373 3712 5 0 13.146266 10.35 30
12374 3712 5 0 14.341381 11.04 30
12375 3712 5 0 16.731611 8.28 30
12376 3712 5 0 15.536496 8.97 30
12377 3712 5 0 15.536496 10.35 30
12378 3712 5 0 16.731611 11.04 30
12379 3712 5 0 19.121841 8.28 30
12380 3712 5 0 17.926725 8.97 30
12381 3712 5 0 17.926725 10.35 30
12382 3712 5 0 19.121841 11.04 30
12383 3712 5 0 21.512072 8.28 30
12384 3712 5 0 20.316956 8.97 30
12385 3712 5 0 20.316956 10.35 30
12386 3712 5 0 21.512072 11.04 30
12387 3712 5 0 23.902302 8.28 30
12388 3712 5 0 22.707186 8.97 30
12389 3712 5 0 22.707186 10.35 30
12390 3712 5 0 23.902302 11.04 30
12391 3712 5 0 26.292532 8.28 30
12392 3712 5 0 25.097416 8.97 30
12393 3712 5 0 25.097416 10.35 30
12394 3712 5 0 26.292532 11.04 30
12395 3712 5 0 28.682762 8.28 30
12396 3712 5 0 27.487646 8.97 30
12397 3712 5 0 27.487646 10.35 30
12398 3712 5 0 28.682762 11.04 30
12399 3712 5 0 31.072992 8.28 30
12400 3712 5 0 29.877876 8.97 30
12401 3712 5 0 29.877876 10.35 30
12402 3712 5 0 31.072992 11.04 30
12403 3712 5 0 33.463223 8.28 30
12404 3712 5 0 32.268108 8.97 30
12405 3712 5 0 32.268108 10.35 30
12406 3712 5 0 33.463223 11.04 30
12407 3712 5 0 35.853451 8.28 30
12408 3712 5 0 34.658337 8.97 30
12409 3712 5 0 34.658337 10.35 30
12410 3712 5 0 35.853451 11.04 30
12411 3712 5 0 38.243683 8.28 30
12412 3712 5 0 37.048565 8.97 30
12413 3712 5 0 37.048565 10.35 30
12414 3712 5 0 38.243683 11.04 30
12415 3712 5 0 40.633911 8.28 30
12416 3712 5 0 39.438797 8.97 30
12417 3712 5 0 39.438797 10.35 30
12418 3712 5 0 40.633911 11.04 30
12419 3712 5 0 43.024143 8.28 30
12420 3712 5 0 41.829025 8.97 30
12421 3712 5 0 41.829025 10.35 30
12422 3712 5 0 43.024143 11.04 30
12423 3712 5 0 45.414371 8.28 30
12424 3712 5 0 44.219257 8.97 30
12425 3712 5 0 44.219257 10.35 30
12426 3712 5 0 45.414371 11.04 30
12427 3712 5 0 47.804604 8.28 30
12428 3712 5 0 46.609486 8.97 30
12429 3712 5 0 46.609486 10.35 30
12430 3712 5 0 47.804604 11.04 30
12431 3712 5 0 50.194832 8.28 30
12432 3712 5 0 48.999718 8.97 30
12433 3712 5 0 48.999718 10.35 30
12434 3712 5 0 50.194832 11.04 30
12435 3712 5 0 52.585064 8.28 30
12436 3712 5 0 51.389946 8.97 30
12437 3712 5 0 51.389946 10.35 30
12438 3712 5 0 52.585064 11.04 30
12439 3712 5 0 54.975292 8.28 30
12440 3712 5 0 53.780178 8.97 30
12441 3712 5 0 53.780178 10.35 30
12442 3712 5 0 54.975292 11.04 30
12443 3712 5 0 57.365524 8.28 30
12444 3712 5 0 56.170406 8.97 30
12445 3712 5 0 56.170406 10.35 30
12446 3712 5 0 57.365524 11.04 30
12447 3712 5 0 59.755753 8.28 30
12448 3712 5 0 58.560638 8.97 30
12449 3712 5 0 58.560638 10.35 30
12450 3712 5 0 59.755753 11.04 30
12451 3712 5 0 0 12.42 30
12452 3712 5 0 -1.195115 13.11 30
12453 3712 5 0 -1.195115 14.49 30
12454 3712 5 0 0 15.18 30
12455 3712 5 0 2.39023 12.42 30
12456 3712 5 0 1.195115 13.11 30
12457 3712 5 0 1.195115 14.49 30
12458 3712 5 0 2.39023 15.18 30
12459 3712 5 0 4.78046 12.42 30
12460 3712 5 0 3.585345 13.11 30
12461 3712 5 0 3.585345 14.49 30
12462 3712 5 0 4.78046 15.18 30
12463 3712 5 0 7.170691 12.42 30
12464 3712 5 0 5.975575 13.11 30
12465 3712 5 0 5.975575 14.49 30
12466 3712 5 0 7.170691 15.18 30
12467 3712 5 0 9.560921 12.42 30
12468 3712 5 0 8.365806 13.11 30
12469 3712 5 0 8.365806 14.49 30
12470 3712 5 0 9.560921 15.18 30
12471 3712 5 0 11.951151 12.42 30
12472 3712 5 0 10.756036 13.11 30
12473 3712 5 0 10.756036 14.49 30
12474 3712 5 0 11.951151 15.18 30
12475 3712 5 0 14.341381 12.42 30
12476 3712 5 0 13.146266 13.11 30
12477 3712 5 0 13.146266 14.49 30
12478 3712 5 0 14.341381 15.18 30
12479 3712 5 0 16.731611 12.42 30
12480 3712 5 0 15.536496 13.11 30
12481 3712 5 0 15.536496 14.49 30
12482 3712 5 0 16.731611 15.18 30
12483 3712 5 0 19.121841 12.42 30
12484 3712 5 0 17.926725 13.11 30
12485 3712 5 0 17.926725 14.49 30
12486 3712 5 0 19.121841 15.18 30
12487 3712 5 0 21.512072 12.42 30
12488 3712 5 0 20.316956 13.11 30
12489 3712 5 0 20.316956 14.49 30
12490 3712 5 0 21.512072 15.18 30
12491 3712 5 0 23.902302 12.42 30
12492 3712 5 0 22.707186 13.11 30
12493 3712 5 0 22.707186 14.49 30
12494 3712 5 0 23.902302 15.18 30
12495 3712 5 0 26.292532 12.42 30
12496 3712 5 0 25.097416 13.11 30
12497 3712 5 0 25.097416 14.49 30
12498 3712 5 0 26.292532 15.18 30
12499 3712 5 0 28.682762 12.42 30
12500 3712 5 0 27.487646 13.11 30
12501 3712 5 0 27.487646 14.49 30
12502 3712 5 0 28.682762 15.18 30
12503 3712 5 0 31.072992 12.42 30
12504 3712 5 0 29.877876 13.11 30
12505 3712 5 0 29.877876 14.49 30
12506 3712 5 0 31.072992 15.18 30
12507 3712 5 0 33.463223 12.42 30
12508 3712 5 0 32.268108 13.11 30
12509 3712 5 0 32.268108 14.49 30
12510 3712 5 0 33.463223 15.18 30
12511 3712 5 0 35.853451 12.42 30
12512 3712 5 0 34.658337 13.11 30
12513 3712 5 0 34.658337 14.49 30
12514 3712 5 0 35.853451 15.18 30
12515 3712 5 0 38.243683 12.42 30
12516 3712 5 0 37.048565 13.11 30
12517 3712 5 0 37.048565 14.49 30
12518 3712 5 0 38.243683 15.18 30
12519 3712 5 0 40.633911 12.42 30
12520 3712 5 0 39.438797 13.11 30
12521 3712 5 0 39.438797 14.49 30
12522 3712 5 0 40.633911 15.18 30
12523 3712 5 0 43.024143 12.42 30
12524 3712 5 0 41.829025 13.11 30
12525 3712 5 0 41.829025 14.49 30
12526 3712 5 0 43.024143 15.18 30
12527 3712 5 0 45.414371 12.42 30
12528 3712 5 0 44.219257 13.11 30
12529 3712 5 0 44.219257 14.49 30
12530 3712 5 0 45.414371 15.18 30
12531 3712 5 0 47.804604 12.42 30
12532 3712 5 0 46.609486 13.11 30
12533 3712 5 0 46.609486 14.49 30
12534 3712 5 0 47.804604 15.18 30
12535 3712 5 0 50.194832 12.42 30
12536 3712 5 0 48.999718 13.11 30
12537 3712 5 0 48.999718 14.49 30
12538 3712 5 0 50.194832 15.18 30
12539 3712 5 0 52.585064 12.42 30
12540 3712 5 0 51.389946 13.11 30
12541 3712 5 0 51.389946 14.49 30
12542 3712 5 0 52.585064 15.18 30
12543 3712 5 0 54.975292 12.42 30
12544 3712 5 0 53.780178 13.11 30
12545 3712 5 0 53.780178 14.49 30
12546 3712 5 0 54.975292 15.18 30
12547 3712 5 0 57.365524 12.42 30
12548 3712 5 0 56.170406 13.11 30
12549 3712 5 0 56.170406 14.49 30
12550 3712 5 0 57.365524 15.18 30
12551 3712 5 0 59.755753 12.42 30
12552 3712 5 0 58.560638 13.11 30
12553 3712 5 0 58.560638 14.49 30
12554 3712 5 0 59.755753 15.18 30
12555 3712 5 0 0 16.559999 30
12556 3712 5 0 -1.195115 17.25 30
12557 3712 5 0 -1.195115 18.629999 30
12558 3712 5 0 0 19.32 30
12559 3712 5 0 2.39023 16.559999 30
12560 3712 5 0 1.195115 17.25 30
12561 3712 5 0 1.195115 18.629999 30
12562 3712 5 0 2.39023 19.32 30
12563 3712 5 0 4.78046 16.559999 30
12564 3712 5 0 3.585345 17.25 30
12565 3712 5 0 3.585345 18.629999 30
12566 3712 5 0 4.78046 19.32 30
12567 3712 5 0 7.170691 16.559999 30
12568 3712 5 0 5.975575 17.25 30
12569 3712 5 0 5.975575 18.629999 30
12570 3712 5 0 7.170691 19.32 30
12571 3712 5 0 9.560921 16.559999 30
12572 3712 5 0 8.365806 17.25 30
12573 3712 5 0 8.365806 18.629999 30
12574 3712 5 0 9.560921 19.32 30
12575 3712 5 0 11.951151 16.559999 30
12576 3712 5 0 10.756036 17.25 30
12577 3712 5 0 10.756036 18.629999 30
12578 3712 5 0 11.951151 19.32 30
12579 3712 5 0 14.341381 16.559999 30
12580 3712 5 0 13.146266 17.25 30
12581 3712 5 0 13.146266 18.629999 30
12582 3712 5 0 14.341381 19.32 30
12583 3712 5 0 16.731611 16.559999 30
12584 3712 5 0 15.536496 17.25 30
12585 3712 5 0 15.536496 18.629999 30
12586 3712 5 0 16.731611 19.32 30
12587 3712 5 0 19.121841 16.559999 30
12588 3712 5 0 17.926725 17.25 30
12589 3712 5 0 17.926725 18.629999 30
12590 3712 5 0 19.121841 19.32 30
12591 3712 5 0 21.512072 16.559999 30
12592 3712 5 0 20.316956 17.25 30
12593 3712 5 0 20.316956 18.629999 30
12594 3712 5 0 21.512072 19.32 30
12595 3712 5 0 23.902302 16.559999 30
12596 3712 5 0 22.707186 17.25 30
12597 3712 5 0 22.707186 18.629999 30
12598 3712 5 0 23.902302 19.32 30
12599 3712 5 0 26.292532 16.559999 30
12600 3712 5 0 25.097416 17.25 30
12601 3712 5 0 25.097416 18.629999 30
12602 3712 5 0 26.292532 19.32 30
12603 3712 5 0 28.682762 16.559999 30
12604 3712 5 0 27.487646 17.25 30
12605 3712 5 0 27.487646 18.629999 30
12606 3712 5 0 28.682762 19.32 30
12607 3712 5 0 31.072992 16.559999 30
12608 3712 5 0 29.877876 17.25 30
12609 3712 5 0 29.877876 18.629999 30
12610 3712 5 0 31.072992 19.32 30
12611 3712 5 0 33.463223 16.559999 30
12612 3712 5 0 32.268108 17.25 30
12613 3712 5 0 32.268108 18.629999 30
12614 3712 5 0 33.463223 19.32 30
12615 3712 5 0 35.853451 16.559999 30
12616 3712 5 0 34.658337 17.25 30
12617 3712 5 0 34.658337 18.629999 30
12618 3712 5 0 35.853451 19.32 30
12619 3712 5 0 38.243683 16.559999 30
12620 3712 5 0 37.048565 17.25 30
12621 3712 5 0 37.048565 18.629999 30
12622 3712 5 0 38.243683 19.32 30
12623 3712 5 0 40.633911 16.559999 30
12624 3712 5 0 39.438797 17.25 30
12625 3712 5 0 39.438797 18.629999 30
12626 3712 5 0 40.633911 19.32 30
12627 3712 5 0 43.024143 16.559999 30
12628 3712 5 0 41.829025 17.25 30
12629 3712 5 0 41.829025 18.629999 30
12630 3712 5 0 43.024143 19.32 30
12631 3712 5 0 45.414371 16.559999 30
12632 3712 5 0 44.219257 17.25 30
12633 3712 5 0 44.219257 18.629999 30
12634 3712 5 0 45.414371 19.32 30
12635 3712 5 0 47.804604 16.559999 30
12636 3712 5 0 46.609486 17.25 30
12637 3712 5 0 46.609486 18.629999 30
12638 3712 5 0 47.804604 19.32 30
12639 3712 5 0 50.194832 16.559999 30
12640 3712 5 0 48.999718 17.25 30
12641 3712 5 0 48.999718 18.629999 30
12642 3712 5 0 50.194832 19.32 30
12643 3712 5 0 52.585064 16.559999 30
12644 3712 5 0 51.389946 17.25 30
12645 3712 5 0 51.389946 18.629999 30
12646 3712 5 0 52.585064 19.32 30
12647 3712 5 0 54.975292 16.559999 30
12648 3712 5 0 53.780178 17.25 30
12649 3712 5 0 53.780178 18.629999 30
12650 3712 5 0 54.975292 19.32 30
12651 3712 5 0 57.365524 16.559999 30
12652 3712 5 0 56.170406 17.25 30
12653 3712 5 0 56.170406 18.629999 30
12654 3712 5 0 57.365524 19.32 30
12655 3712 5 0 59.755753 16.559999 30
12656 3712 5 0 58.560638 17.25 30
12657 3712 5 0 58.560638 18.629999 30
12658 3712 5 0 59.755753 19.32 30
12659 3712 5 0 0 20.700001 30
12660 3712 5 0 -1.195115 21.389999 30
12661 3712 5 0 -1.195115 22.77 30
12662 3712 5 0 0 23.459999 30
12663 3712 5 0 2.39023 20.700001 30
12664 3712 5 0 1.195115 21.389999 30
12665 3712 5 0 1.195115 22.77 30
12666 3712 5 0 2.39023 23.459999 30
12667 3712 5 0 4.78046 20.700001 30
12668 3712 5 0 3.585345 21.389999 30
12669 3712 5 0 3.585345 22.77 30
12670 3712 5 0 4.78046 23.459999 30
12671 3712 5 0 7.170691 20.700001 30
12672 3712 5 0 5.975575 21.389999 30
12673 3712 5 0 5.975575 22.77 30
12674 3712 5 0 7.170691 23.459999 30
12675 3712 5 0 9.560921 20.700001 30
12676 3712 5 0 8.365806 21.389999 30
12677 3712 5 0 8.365806 22.77 30
12678 3712 5 0 9.560921 23.459999 30
12679 3712 5 0 11.951151 20.700001 30
12680 3712 5 0 10.756036 21.389999 30
12681 3712 5 0 10.756036 22.77 30
12682 3712 5 0 11.951151 23.459999 30
12683 3712 5 0 14.341381 20.700001 30
12684 3712 5 0 13.146266 21.389999 30
12685 3712 5 0 13.146266 22.77 30
12686 3712 5 0 14.341381 23.459999 30
12687 3712 5 0 16.731611 20.700001 30
12688 3712 5 0 15.536496 21.389999 30
12689 3712 5 0 15.536496 22.77 30
12690 3712 5 0 16.731611 23.459999 30
12691 3712 5 0 19.121841 20.700001 30
12692 3712 5 0 17.926725 21.389999 30
12693 3712 5 0 17.926725 22.77 30
12694 3712 5 0 19.121841 23.459999 30
12695 3712 5 0 21.512072 20.700001 30
12696 3712 5 0 20.316956 21.389999 30
12697 3712 5 0 20.316956 22.77 30
12698 3712 5 0 21.512072 23.459999 30
12699 3712 5 0 23.902302 20.700001 30
12700 3712 5 0 22.707186 21.389999 30
12701 3712 5 0 22.707186 22.77 30
12702 3712 5 0 23.902302 23.459999 30
12703 3712 5 0 26.292532 20.700001 30
12704 3712 5 0 25.097416 21.389999 30
12705 3712 5 0 25.097416 22.77 30
12706 3712 5 0 26.292532 23.459999 30
12707 3712 5 0 28.682762 20.700001 30
12708 3712 5 0 27.487646 21.389999 30
12709 3712 5 0 27.487646 22.77 30
12710 3712 5 0 28.682762 23.459999 30
12711 3712 5 0 31.072992 20.700001 30
12712 3712 5 0 29.877876 21.389999 30
12713 3712 5 0 29.877876 22.77 30
12714 3712 5 0 31.072992 23.459999 30
12715 3712 5 0 33.463223 20.700001 30
12716 3712 5 0 32.268108 21.389999 30
12717 3712 5 0 32.268108 22.77 30
12718 3712 5 0 33.463223 23.459999 30
12719 3712 5 0 35.853451 20.700001 30
12720 3712 5 0 34.658337 21.389999 30
12721 3712 5 0 34.658337 22.77 30
12722 3712 5 0 35.853451 23.459999 30
12723 3712 5 0 38.243683 20.700001 30
12724 3712 5 0 37.048565 21.389999 30
12725 3712 5 0 37.048565 22.77 30
12726 3712 5 0 38.243683 23.459999 30
12727 3712 5 0 40.633911 20.700001 30
12728 3712 5 0 39.438797 21.389999 30
12729 3712 5 0 39.438797 22.77 30
12730 3712 5 0 40.633911 23.459999 30
12731 3712 5 0 43.024143 20.700001 30
12732 3712 5 0 41.829025 21.389999 30
12733 3712 5 0 41.829025 22.77 30
12734 3712 5 0 43.024143 23.459999 30
12735 3712 5 0 45.414371 20.700001 30
12736 3712 5 0 44.219257 21.389999 30
12737 3712 5 0 44.219257 22.77 30
12738 3712 5 0 45.414371 23.459999 30
12739 3712 5 0 47.804604 20.700001 30
12740 3712 5 0 46.609486 21.389999 30
12741 3712 5 0 46.609486 22.77 30
12742 3712 5 0 47.804604 23.459999 30
12743 3712 5 0 50.194832 20.700001 30
12744 3712 5 0 48.999718 21.389999 30
12745 3712 5 0 48.999718 22.77 30
12746 3712 5 0 50.194832 23.459999 30
12747 3712 5 0 52.585064 20.700001 30
12748 3712 5 0 51.389946 21.389999 30
12749 3712 5 0 51.389946 22.77 30
12750 3712 5 0 52.585064 23.459999 30
12751 3712 5 0 54.975292 20.700001 30
12752 3712 5 0 53.780178 21.389999 30
12753 3712 5 0 53.780178 22.77 30
12754 3712 5 0 54.975292 23.459999 30
12755 3712 5 0 57.365524 20.700001 30
12756 3712 5 0 56.170406 21.389999 30
12757 3712 5 0 56.170406 22.77 30
12758 3712 5 0 57.365524 23.459999 30
12759 3712 5 0 59.755753 20.700001 30
12760 3712 5 0 58.560638 21.389999 30
12761 3712 5 0 58.560638 22.77 30
12762 3712 5 0 59.755753 23.459999 30
12763 3712 5 0 0 24.84 30
12764 3712 5 0 -1.195115 25.530001 30
12765 3712 5 0 -1.195115 26.91 30
12766 3712 5 0 0 27.6 30
12767 3712 5 0 2.39023 24.84 30
12768 3712 5 0 1.195115 25.530001 30
12769 3712 5 0 1.195115 26.91 30
12770 3712 5 0 2.39023 27.6 30
12771 3712 5 0 4.78046 24.84 30
12772 3712 5 0 3.585345 25.530001 30
12773 3712 5 0 3.585345 26.91 30
12774 3712 5 0 4.78046 27.6 30
12775 3712 5 0 7.170691 24.84 30
12776 3712 5 0 5.975575 25.530001 30
12777 3712 5 0 5.975575 26.91 30
12778 3712 5 0 7.170691 27.6 30
12779 3712 5 0 9.560921 24.84 30
12780 3712 5 0 8.365806 25.530001 30
12781 3712 5 0 8.365806 26.91 30
12782 3712 5 0 9.560921 27.6 30
12783 3712 5 0 11.951151 24.84 30
12784 3712 5 0 10.756036 25.530001 30
12785 3712 5 0 10.756036 26.91 30
12786 3712 5 0 11.951151 27.6 30
12787 3712 5 0 14.341381 24.84 30
12788 3712 5 0 13.146266 25.530001 30
12789 3712 5 0 13.146266 26.91 30
12790 3712 5 0 14.341381 27.6 30
12791 3712 5 0 16.731611 24.84 30
12792 3712 5 0 15.536496 25.530001 30
12793 3712 5 0 15.536496 26.91 30
12794 3712 5 0 16.731611 27.6 30
12795 3712 5 0 19.121841 24.84 30
12796 3712 5 0 17.926725 25.530001 30
12797 3712 5 0 17.926725 26.91 30
12798 3712 5 0 19.121841 27.6 30
12799 3712 5 0 21.512072 24.84 30
12800 3712 5 0 20.316956 25.530001 30
12801 3712 5 0 20.316956 26.91 30
12802 3712 5 0 21.512072 27.6 30
12803 3712 5 0 23.902302 24.84 30
12804 3712 5 0 22.707186 25.530001 30
12805 3712 5 0 22.707186 26.91 30
12806 3712 5 0 23.902302 27.6 30
12807 3712 5 0 26.292532 24.84 30
12808 3712 5 0 25.097416 25.530001 30
12809 3712 5 0 25.097416 26.91 30
12810 3712 5 0 26.292532 27.6 30
12811 3712 5 0 28.682762 24.84 30
12812 3712 5 0 27.487646 25.530001 30
12813 3712 5 0 27.487646 26.91 30
12814 3712 5 0 28.682762 27.6 30
12815 3712 5 0 31.072992 24.84 30
12816 3712 5 0 29.877876 25.530001 30
12817 3712 5 0 29.877876 26.91 30
12818 3712 5 0 31.072992 27.6 30
12819 3712 5 0 33.463223 24.84 30
12820 3712 5 0 32.268108 25.530001 30
12821 3712 5 0 32.268108 26.91 30
12822 3712 5 0 33.463223 27.6 30
12823 3712 5 0 35.853451 24.84 30
12824 3712 5 0 34.658337 25.530001 30
12825 3712 5 0 34.658337 26.91 30
12826 3712 5 0 35.853451 27.6 30
12827 3712 5 0 38.243683 24.84 30
12828 3712 5 0 37.048565 25.530001 30
12829 3712 5 0 37.048565 26.91 30
12830 3712 5 0 38.243683 27.6 30
12831 3712 5 0 40.633911 24.84 30
12832 3712 5 0 39.438797 25.530001 30
12833 3712 5 0 39.438797 26.91 30
12834 3712 5 0 40.633911 27.6 30
12835 3712 5 0 43.024143 24.84 30
12836 3712 5 0 41.829025 25.530001 30
12837 3712 5 0 41.829025 26.91 30
12838 3712 5 0 43.024143 27.6 30
12839 3712 5 0 45.414371 24.84 30
12840 3712 5 0 44.219257 25.530001 30
12841 3712 5 0 44.219257 26.91 30
12842 3712 5 0 45.414371 27.6 30
12843 3712 5 0 47.804604 24.84 30
12844 3712 5 0 46.609486 25.530001 30
12845 3712 5 0 46.609486 26.91 30
12846 3712 5 0 47.804604 27.6 30
12847 3712 5 0 50.194832 24.84 30
12848 3712 5 0 48.999718 25.530001 30
12849 3712 5 0 48.999718 26.91 30
12850 3712 5 0 50.194832 27.6 30
12851 3712 5 0 52.585064 24.84 30
12852 3712 5 0 51.389946 25.530001 30
12853 3712 5 0 51.389946 26.91 30
12854 3712 5 0 52.585064 27.6 30
12855 3712 5 0 54.975292 24.84 30
12856 3712 5 0 53.780178 25.530001 30
12857 3712 5 0 53.780178 26.91 30
12858 3712 5 0 54.975292 27.6 30
12859 3712 5 0 57.365524 24.84 30
12860 3712 5 0 56.170406 25.530001 30
12861 3712 5 0 56.170406 26.91 30
12862 3712 5 0 57.365524 27.6 30
12863 3712 5 0 59.755753 24.84 30
12864 3712 5 0 58.560638 25.530001 30
12865 3712 5 0 58.560638 26.91 30
12866 3712 5 0 59.755753 27.6 30
12867 3712 5 0 0 28.98 30
12868 3712 5 0 -1.195115 29.67 30
12869 3712 5 0 -1.195115 31.049999 30
12870 3712 5 0 0 31.74 30
12871 3712 5 0 2.39023 28.98 30
12872 3712 5 0 1.195115 29.67 30
12873 3712 5 0 1.195115 31.049999 30
12874 3712 5 0 2.39023 31.74 30
12875 3712 5 0 4.78046 28.98 30
12876 3712 5 0 3.585345 29.67 30
12877 3712 5 0 3.585345 31.049999 30
12878 3712 5 0 4.78046 31.74 30
12879 3712 5 0 7.170691 28.98 30
12880 3712 5 0 5.975575 29.67 30
12881 3712 5 0 5.975575 31.049999 30
12882 3712 5 0 7.170691 31.74 30
12883 3712 5 0 9.560921 28.98 30
12884 3712 5 0 8.365806 29.67 30
12885 3712 5 0 8.365806 31.049999 30
12886 3712 5 0 9.560921 31.74 30
12887 3712 5 0 11.951151 28.98 30
12888 3712 5 0 10.756036 29.67 30
12889 3712 5 0 10.756036 31.049999 30
12890 3712 5 0 11.951151 31.74 30
12891 3712 5 0 14.341381 28.98 30
12892 3712 5 0 13.146266 29.67 30
12893 3712 5 0 13.146266 31.049999 30
12894 3712 5 0 14.341381 31.74 30
12895 3712 5 0 16.731611 28.98 30
12896 3712 5 0 15.536496 29.67 30
12897 3712 5 0 15.536496 31.049999 30
12898 3712 5 0 16.731611 31.74 30
12899 3712 5 0 19.121841 28.98 30
12900 3712 5 0 17.926725 29.67 30
12901 3712 5 0 17.926725 31.049999 30
12902 3712 5 0 19.121841 31.74 30
12903 3712 5 0 21.512072 28.98 30
12904 3712 5 0 20.316956 29.67 30
12905 3712 5 0 20.316956 31.049999 30
12906 3712 5 0 21.512072 31.74 30
12907 3712 5 0 23.902302 28.98 30
12908 3712 5 0 22.707186 29.67 30
12909 3712 5 0 22.707186 31.049999 30
12910 3712 5 0 23.902302 31.74 30
12911 3712 5 0 26.292532 28.98 30
12912 3712 5 0 25.097416 29.67 30
12913 3712 5 0 25.097416 31.049999 30
12914 3712 5 0 26.292532 31.74 30
12915 3712 5 0 28.682762 28.98 30
12916 3712 5 0 27.487646 29.67 30
12917 3712 5 0 27.487646 31.049999 30
12918 3712 5 0 28.682762 31.74 30
12919 3712 5 0 31.072992 28.98 30
12920 3712 5 0 29.877876 29.67 30
12921 3712 5 0 29.877876 31.049999 30
12922 3712 5 0 31.072992 31.74 30
12923 3712 5 0 33.463223 28.98 30
12924 3712 5 0 32.268108 29.67 30
12925 3712 5 0 32.268108 31.049999 30
12926 3712 5 0 33.463223 31.74 30
12927 3712 5 0 35.853451 28.98 30
12928 3712 5 0 34.658337 29.67 30
12929 3712 5 0 34.658337 31.049999 30
12930 3712 5 0 35.853451 31.74 30
12931 3712 5 0 38.243683 28.98 30
12932 3712 5 0 37.048565 29.67 30
12933 3712 5 0 37.048565 31.049999 30
12934 3712 5 0 38.243683 31.74 30
12935 3712 5 0 40.633911 28.98 30
12936 3712 5 0 39.438797 29.67 30
12937 3712 5 0 39.438797 31.049999 30
12938 3712 5 0 40.633911 31.74 30
12939 3712 5 0 43.024143 28.98 30
12940 3712 5 0 41.829025 29.67 30
12941 3712 5 0 41.829025 31.049999 30
12942 3712 5 0 43.024143 31.74 30
12943 3712 5 0 45.414371 28.98 30
12944 3712 5 0 44.219257 29.67 30
12945 3712 5 0 44.219257 31.049999 30
12946 3712 5 0 45.414371 31.74 30
12947 3712 5 0 47.804604 28.98 30
12948 3712 5 0 46.609486 29.67 30
12949 3712 5 0 46.609486 31.049999 30
12950 3712 5 0 47.804604 31.74 30
12951 3712 5 0 50.194832 28.98 30
12952 3712 5 0 48.999718 29.67 30
12953 3712 5 0 48.999718 31.049999 30
12954 3712 5 0 50.194832 31.74 30
12955 3712 5 0 52.585064 28.98 30
12956 3712 5 0 51.389946 29.67 30
12957 3712 5 0 51.389946 31.049999 30
12958 3712 5 0 52.585064 31.74 30
12959 3712 5 0 54.975292 28.98 30
12960 3712 5 0 53.780178 29.67 30
12961 3712 5 0 53.780178 31.049999 30
12962 3712 5 0 54.975292 31.74 30
12963 3712 5 0 57.365524 28.98 30
12964 3712 5 0 56.170406 29.67 30
12965 3712 5 0 56.170406 31.049999 30
12966 3712 5 0 57.365524 31.74 30
12967 3712 5 0 59.755753 28.98 30
12968 3712 5 0 58.560638 29.67 30
12969 3712 5 0 58.560638 31.049999 30
12970 3712 5 0 59.755753 31.74 30
12971 3712 5 0 0 33.119999 30
12972 3712 5 0 -1.195115 33.810001 30
12973 3712 5 0 -1.195115 35.189999 30
12974 3712 5 0 0 35.880001 30
12975 3712 5 0 2.39023 33.119999 30
12976 3712 5 0 1.195115 33.810001 30
12977 3712 5 0 1.195115 35.189999 30
12978 3712 5 0 2.39023 35.880001 30
12979 3712 5 0 4.78046 33.119999 30
12980 3712 5 0 3.585345 33.810001 30
12981 3712 5 0 3.585345 35.189999 30
12982 3712 5 0 4.78046 35.880001 30
12983 3712 5 0 7.170691 33.119999 30
12984 3712 5 0 5.975575 33.810001 30
12985 3712 5 0 5.975575 35.189999 30
12986 3712 5 0 7.170691 35.880001 30
12987 3712 5 0 9.560921 33.119999 30
12988 3712 5 0 8.365806 33.810001 30
12989 3712 5 0 8.365806 35.189999 30
12990 3712 5 0 9.560921 35.880001 30
12991 3712 5 0 11.951151 33.119999 30
12992 3712 5 0 10.756036 33.810001 30
12993 3712 5 0 10.756036 35.189999 30
12994 3712 5 0 11.951151 35.880001 30
12995 3712 5 0 14.341381 33.119999 30
12996 3712 5 0 13.146266 33.810001 30
12997 3712 5 0 13.146266 35.189999 30
12998 3712 5 0 14.341381 35.880001 30
12999 3712 5 0 16.731611 33.119999 30
13000 3712 5 0 15.536496 33.810001 30
13001 3712 5 0 15.536496 35.189999 30
13002 3712 5 0 16.731611 35.880001 30
13003 3712 5 0 19.121841 33.119999 30
13004 3712 5 0 17.926725 33.810001 30
13005 3712 5 0 17.926725 35.189999 30
13006 3712 5 0 19.121841 35.880001 30
13007 3712 5 0 21.512072 33.119999 30
13008 3712 5 0 20.316956 33.810001 30
13009 3712 5 0 20.316956 35.189999 30
13010 3712 5 0 21.512072 35.880001 30
13011 3712 5 0 23.902302 33.119999 30
13012 3712 5 0 22.707186 33.810001 30
13013 3712 5 0 22.707186 35.189999 30
13014 3712 5 0 23.902302 35.880001 30
13015 3712 5 0 26.292532 33.119999 30
13016 3712 5 0 25.097416 33.810001 30
13017 3712 5 0 25.097416 35.189999 30
13018 3712 5 0 26.292532 35.880001 30
13019 3712 5 0 28.682762 33.119999 30
13020 3712 5 0 27.487646 33.810001 30
13021 3712 5 0 27.487646 35.189999 30
13022 3712 5 0 28.682762 35.880001 30
13023 3712 5 0 31.072992 33.119999 30
13024 3712 5 0 29.877876 33.810001 30
13025 3712 5 0 29.877876 35.189999 30
13026 3712 5 0 31.072992 35.880001 30
13027 3712 5 0 33.463223 33.119999 30
13028 3712 5 0 32.268108 33.810001 30
13029 3712 5 0 32.268108 35.189999 30
13030 3712 5 0 33.463223 35.880001 30
13031 3712 5 0 35.853451 33.119999 30
13032 3712 5 0 34.658337 33.810001 30
13033 3712 5 0 34.658337 35.189999 30
13034 3712 5 0 35.853451 35.880001 30
13035 3712 5 0 38.243683 33.119999 30
13036 3712 5 0 37.048565 33.810001 30
13037 3712 5 0 37.048565 35.189999 30
13038 3712 5 0 38.243683 35.880001 30
13039 3712 5 0 40.633911 33.119999 30
13040 3712 5 0 39.438797 33.810001 30
13041 3712 5 0 39.438797 35.189999 30
13042 3712 5 0 40.633911 35.880001 30
13043 3712 5 0 43.024143 33.119999 30
13044 3712 5 0 41.829025 33.810001 30
13045 3712 5 0 41.829025 35.189999 30
13046 3712 5 0 43.024143 35.880001 30
13047 3712 5 0 45.414371 33.119999 30
13048 3712 5 0 44.219257 33.810001 30
13049 3712 5 0 44.219257 35.189999 30
13050 3712 5 0 45.414371 35.880001 30
13051 3712 5 0 47.804604 33.119999 30
13052 3712 5 0 46.609486 33.810001 30
13053 3712 5 0 46.609486 35.189999 30
13054 3712 5 0 47.804604 35.880001 30
13055 3712 5 0 50.194832 33.119999 30
13056 3712 5 0 48.999718 33.810001 30
13057 3712 5 0 48.999718 35.189999 30
13058 3712 5 0 50.194832 35.880001 30
13059 3712 5 0 52.585064 33.119999 30
13060 3712 5 0 51.389946 33.810001 30
13061 3712 5 0 51.389946 35.189999 30
13062 3712 5 0 52.585064 35.880001 30
13063 3712 5 0 54.975292 33.119999 30
13064 3712 5 0 53.780178 33.810001 30
13065 3712 5 0 53.780178 35.189999 30
13066 3712 5 0 54.975292 35.880001 30
13067 3712 5 0 57.365524 33.119999 30
13068 3712 5 0 56.170406 33.810001 30
13069 3712 5 0 56.170406 35.189999 30
13070 3712 5 0 57.365524 35.880001 30
13071 3712 5 0 59.755753 33.119999 30
13072 3712 5 0 58.560638 33.810001 30
13073 3712 5 0 58.560638 35.189999 30
13074 3712 5 0 59.755753 35.880001 30
13075 3712 5 0 0 37.259998 30
13076 3712 5 0 -1.195115 37.950001 30
13077 3712 5 0 -1.195115 39.330002 30
13078 3712 5 0 0 40.02 30
13079 3712 5 0 2.39023 37.259998 30
13080 3712 5 0 1.195115 37.950001 30
13081 3712 5 0 1.195115 39.330002 30
13082 3712 5 0 2.39023 40.02 30
13083 3712 5 0 4.78046 37.259998 30
13084 3712 5 0 3.585345 37.950001 30
13085 3712 5 0 3.585345 39.330002 30
13086 3712 5 0 4.78046 40.02 30
13087 3712 5 0 7.170691 37.259998 30
13088 3712 5 0 5.975575 37.950001 30
13089 3712 5 0 5.975575 39.330002 30
13090 3712 5 0 7.170691 40.02 30
13091 3712 5 0 9.560921 37.259998 30
13092 3712 5 0 8.365806 37.950001 30
13093 3712 5 0 8.365806 39.330002 30
13094 3712 5 0 9.560921 40.02 30
13095 3712 5 0 11.951151 37.259998 30
13096 3712 5 0 10.756036 37.950001 30
13097 3712 5 0 10.756036 39.330002 30
13098 3712 5 0 11.951151 40.02 30
13099 3712 5 0 14.341381 37.259998 30
13100 3712 5 0 13.146266 37.950001 30
13101 3712 5 0 13.146266 39.330002 30
13102 3712 5 0 14.341381 40.02 30
13103 3712 5 0 16.731611 37.259998 30
13104 3712 5 0 15.536496 37.950001 30
13105 3712 5 0 15.536496 39.330002 30
13106 3712 5 0 16.731611 40.02 30
13107 3712 5 0 19.121841 37.259998 30
13108 3712 5 0 17.926725 37.950001 30
13109 3712 5 0 17.926725 39.330002 30
13110 3712 5 0 19.121841 40.02 30
13111 3712 5 0 21.512072 37.259998 30
13112 3712 5 0 20.316956 37.950001 30
13113 3712 5 0 20.316956 39.330002 30
13114 3712 5 0 21.512072 40.02 30
13115 3712 5 0 23.902302 37.259998 30
13116 3712 5 0 22.707186 37.950001 30
13117 3712 5 0 22.707186 39.330002 30
13118 3712 5 0 23.902302 40.02 30
13119 3712 5 0 26.292532 37.259998 30
13120 3712 5 0 25.097416 37.950001 30
13121 3712 5 0 25.097416 39.330002 30
13122 3712 5 0 26.292532 40.02 30
13123 3712 5 0 28.682762 37.259998 30
13124 3712 5 0 27.487646 37.950001 30
13125 3712 5 0 27.487646 39.330002 30
13126 3712 5 0 28.682762 40.02 30
13127 3712 5 0 31.072992 37.259998 30
13128 3712 5 0 29.877876 37.950001 30
13129 3712 5 0 29.877876 39.330002 30
13130 3712 5 0 31.072992 40.02 30
13131 3712 5 0 33.463223 37.259998 30
13132 3712 5 0 32.268108 37.950001 30
13133 3712 5 0 32.268108 39.330002 30
13134 3712 5 0 33.463223 40.02 30
13135 3712 5 0 35.853451 37.259998 30
13136 3712 5 0 34.658337 37.950001 30
13137 3712 5 0 34.658337 39.330002 30
13138 3712 5 0 35.853451 40.02 30
13139 3712 5 0 38.243683 37.259998 30
13140 3712 5 0 37.048565 37.950001 30
13141 3712 5 0 37.048565 39.330002 30
13142 3712 5 0 38.243683 40.02 30
13143 3712 5 0 40.633911 37.259998 30
13144 3712 5 0 39.438797 37.950001 30
13145 3712 5 0 39.438797 39.330002 30
13146 3712 5 0 40.633911 40.02 30
13147 3712 5 0 43.024143 37.259998 30
13148 3712 5 0 41.829025 37.950001 30
13149 3712 5 0 41.829025 39.330002 30
13150 3712 5 0 43.024143 40.02 30
13151 3712 5 0 45.414371 37.259998 30
13152 3712 5 0 44.219257 37.950001 30
13153 3712 5 0 44.219257 39.330002 30
13154 3712 5 0 45.414371 40.02 30
13155 3712 5 0 47.804604 37.259998 30
13156 3712 5 0 46.609486 37.950001 30
13157 3712 5 0 46.609486 39.330002 30
13158 3712 5 0 47.804604 40.02 30
13159 3712 5 0 50.194832 37.259998 30
13160 3712 5 0 48.999718 37.950001 30
13161 3712 5 0 48.999718 39.330002 30
13162 3712 5 0 50.194832 40.02 30
13163 3712 5 0 52.585064 37.259998 30
13164 3712 5 0 51.389946 37.950001 30
13165 3712 5 0 51.389946 39.330002 30
13166 3712 5 0 52.585064 40.02 30
13167 3712 5 0 54.975292 37.259998 30
13168 3712 5 0 53.780178 37.950001 30
13169 3712 5 0 53.780178 39.330002 30
13170 3712 5 0 54.975292 40.02 30
13171 3712 5 0 57.365524 37.259998 30
13172 3712 5 0 56.170406 37.950001 30
13173 3712 5 0 56.170406 39.330002 30
13174 3712 5 0 57.365524 40.02 30
13175 3712 5 0 59.755753 37.259998 30
13176 3712 5 0 58.560638 37.950001 30
13177 3712 5 0 58.560638 39.330002 30
13178 3712 5 0 59.755753 40.02 30
13179 3712 5 0 0 41.400002 30
13180 3712 5 0 -1.195115 42.09 30
13181 3712 5 0 -1.195115 43.470001 30
13182 3712 5 0 0 44.16 30
13183 3712 5 0 2.39023 41.400002 30
13184 3712 5 0 1.195115 42.09 30
13185 3712 5 0 1.195115 43.470001 30
13186 3712 5 0 2.39023 44.16 30
13187 3712 5 0 4.78046 41.400002 30
13188 3712 5 0 3.585345 42.09 30
13189 3712 5 0 3.585345 43.470001 30
13190 3712 5 0 4.78046 44.16 30
13191 3712 5 0 7.170691 41.400002 30
13192 3712 5 0 5.975575 42.09 30
13193 3712 5 0 5.975575 43.470001 30
13194 3712 5 0 7.170691 44.16 30
13195 3712 5 0 9.560921 41.400002 30
13196 3712 5 0 8.365806 42.09 30
13197 3712 5 0 8.365806 43.470001 30
13198 3712 5 0 9.560921 44.16 30
13199 3712 5 0 11.951151 41.400002 30
13200 3712 5 0 10.756036 42.09 30
13201 3712 5 0 10.756036 43.470001 30
13202 3712 5 0 11.951151 44.16 30
13203 3712 5 0 14.341381 41.400002 30
13204 3712 5 0 13.146266 42.09 30
13205 3712 5 0 13.146266 43.470001 30
13206 3712 5 0 14.341381 44.16 30
13207 3712 5 0 16.731611 41.400002 30
13208 3712 5 0 15.536496 42.09 30
13209 3712 5 0 15.536496 43.470001 30
13210 3712 5 0 16.731611 44.16 30
13211 3712 5 0 19.121841 41.400002 30
13212 3712 5 0 17.926725 42.09 30
13213 3712 5 0 17.926725 43.470001 30
13214 3712 5 0 19.121841 44.16 30
13215 3712 5 0 21.512072 41.400002 30
13216 3712 5 0 20.316956 42.09 30
13217 3712 5 0 20.316956 43.470001 30
13218 3712 5 0 21.512072 44.16 30
13219 3712 5 0 23.902302 41.400002 30
13220 3712 5 0 22.707186 42.09 30
13221 3712 5 0 22.707186 43.470001 30
13222 3712 5 0 23.902302 44.16 30
13223 3712 5 0 26.292532 41.400002 30
13224 3712 5 0 25.097416 42.09 30
13225 3712 5 0 25.097416 43.470001 30
13226 3712 5 0 26.292532 44.16 30
13227 3712 5 0 28.682762 41.400002 30
13228 3712 5 0 27.487646 42.09 30
13229 3712 5 0 27.487646 43.470001 30
13230 3712 5 0 28.682762 44.16 30
13231 3712 5 0 31.072992 41.400002 30
13232 3712 5 0 29.877876 42.09 30
13233 3712 5 0 29.877876 43.470001 30
13234 3712 5 0 31.072992 44.16 30
13235 3712 5 0 33.463223 41.400002 30
13236 3712 5 0 32.268108 42.09 30
13237 3712 5 0 32.268108 43.470001 30
13238 3712 5 0 33.463223 44.16 30
13239 3712 5 0 35.853451 41.400002 30
13240 3712 5 0 34.658337 42.09 30
13241 3712 5 0 34.658337 43.470001 30
13242 3712 5 0 35.853451 44.16 30
13243 3712 5 0 38.243683 41.400002 30
13244 3712 5 0 37.048565 42.09 30
13245 3712 5 0 37.048565 43.470001 30
13246 3712 5 0 38.243683 44.16 30
13247 3712 5 0 40.633911 41.400002 30
13248 3712 5 0 39.438797 42.09 30
13249 3712 5 0 39.438797 43.470001 30
13250 3712 5 0 40.633911 44.16 30
13251 3712 5 0 43.024143 41.400002 30
13252 3712 5 0 41.829025 42.09 30
13253 3712 5 0 41.829025 43.470001 30
13254 3712 5 0 43.024143 44.16 30
13255 3712 5 0 45.414371 41.400002 30
13256 3712 5 0 44.219257 42.09 30
13257 3712 5 0 44.219257 43.470001 30
13258 3712 5 0 45.414371 44.16 30
13259 3712 5 0 47.804604 41.400002 30
13260 3712 5 0 46.609486 42.09 30
13261 3712 5 0 46.609486 43.470001 30
13262 3712 5 0 47.804604 44.16 30
13263 3712 5 0 50.194832 41.400002 30
13264 3712 5 0 48.999718 42.09 30
13265 3712 5 0 48.999718 43.470001 30
13266 3712 5 0 50.194832 44.16 30
13267 3712 5 0 52.585064 41.400002 30
13268 3712 5 0 51.389946 42.09 30
13269 3712 5 0 51.389946 43.470001 30
13270 3712 5 0 52.585064 44.16 30
13271 3712 5 0 54.975292 41.400002 30
13272 3712 5 0 53.780178 42.09 30
13273 3712 5 0 53.780178 43.470001 30
13274 3712 5 0 54.975292 44.16 30
13275 3712 5 0 57.365524 41.400002 30
13276 3712 5 0 56.170406 42.09 30
13277 3712 5 0 56.170406 43.470001 30
13278 3712 5 0 57.365524 44.16 30
13279 3712 5 0 59.755753 41.400002 30
13280 3712 5 0 58.560638 42.09 30
13281 3712 5 0 58.560638 43.470001 30
13282 3712 5 0 59.755753 44.16 30
13283 3712 5 0 0 45.540001 30
13284 3712 5 0 -1.195115 46.23 30
13285 3712 5 0 -1.195115 47.610001 30
13286 3712 5 0 0 48.299999 30
13287 3712 5 0 2.39023 45.540001 30
13288 3712 5 0 1.195115 46.23 30
13289 3712 5 0 1.195115 47.610001 30
13290 3712 5 0 2.39023 48.299999 30
13291 3712 5 0 4.78046 45.540001 30
13292 3712 5 0 3.585345 46.23 30
13293 3712 5 0 3.585345 47.610001 30
13294 3712 5 0 4.78046 48.299999 30
13295 3712 5 0 7.170691 45.540001 30
13296 3712 5 0 5.975575 46.23 30
13297 3712 5 0 5.975575 47.610001 30
13298 3712 5 0 7.170691 48.299999 30
13299 3712 5 0 9.560921 45.540001 30
13300 3712 5 0 8.365806 46.23 30
13301 3712 5 0 8.365806 47.610001 30
13302 3712 5 0 9.560921 48.299999 30
13303 3712 5 0 11.951151 45.540001 30
13304 3712 5 0 10.756036 46.23 30
13305 3712 5 0 10.756036 47.610001 30
13306 3712 5 0 11.951151 48.299999 30
13307 3712 5 0 14.341381 45.540001 30
13308 3712 5 0 13.146266 46.23 30
13309 3712 5 0 13.146266 47.610001 30
13310 3712 5 0 14.341381 48.299999 30
13311 3712 5 0 16.731611 45.540001 30
13312 3712 5 0 15.536496 46.23 30
13313 3712 5 0 15.536496 47.610001 30
13314 3712 5 0 16.731611 48.299999 30
13315 3712 5 0 19.121841 45.540001 30
13316 3712 5 0 17.926725 46.23 30
13317 3712 5 0 17.926725 47.610001 30
13318 3712 5 0 19.121841 48.299999 30
13319 3712 5 0 21.512072 45.540001 30
13320 3712 5 0 20.316956 46.23 30
13321 3712 5 0 20.316956 47.610001 30
13322 3712 5 0 21.512072 48.299999 30
13323 3712 5 0 23.902302 45.540001 30
13324 3712 5 0 22.707186 46.23 30
13325 3712 5 0 22.707186 47.610001 30
13326 3712 5 0 23.902302 48.299999 30
13327 3712 5 0 26.292532 45.540001 30
13328 3712 5 0 25.097416 46.23 30
13329 3712 5 0 25.097416 47.610001 30
13330 3712 5 0 26.292532 48.299999 30
13331 3712 5 0 28.682762 45.540001 30
13332 3712 5 0 27.487646 46.23 30
13333 3712 5 0 27.487646 47.610001 30
13334 3712 5 0 28.682762 48.299999 30
13335 3712 5 0 31.072992 45.540001 30
13336 3712 5 0 29.877876 46.23 30
13337 3712 5 0 29.877876 47.610001 30
13338 3712 5 0 31.072992 48.299999 30
13339 3712 5 0 33.463223 45.540001 30
13340 3712 5 0 32.268108 46.23 30
13341 3712 5 0 32.268108 47.610001 30
13342 3712 5 0 33.463223 48.299999 30
13343 3712 5 0 35.853451 45.540001 30
13344 3712 5 0 34.658337 46.23 30
13345 3712 5 0 34.658337 47.610001 30
13346 3712 5 0 35.853451 48.299999 30
13347 3712 5 0 38.243683 45.540001 30
13348 3712 5 0 37.048565 46.23 30
13349 3712 5 0 37.048565 47.610001 30
13350 3712 5 0 38.243683 48.299999 30
13351 3712 5 0 40.633911 45.540001 30
13352 3712 5 0 39.438797 46.23 30
13353 3712 5 0 39.438797 47.610001 30
13354 3712 5 0 40.633911 48.299999 30
13355 3712 5 0 43.024143 45.540001 30
13356 3712 5 0 41.829025 46.23 30
13357 3712 5 0 41.829025 47.610001 30
13358 3712 5 0 43.024143 48.299999 30
13359 3712 5 0 45.414371 45.540001 30
13360 3712 5 0 44.219257 46.23 30
13361 3712 5 0 44.219257 47.610001 30
13362 3712 5 0 45.414371 48.299999 30
13363 3712 5 0 47.804604 45.540001 30
13364 3712 5 0 46.609486 46.23 30
13365 3712 5 0 46.609486 47.610001 30
13366 3712 5 0 47.804604 48.299999 30
13367 3712 5 0 50.194832 45.540001 30
13368 3712 5 0 48.999718 46.23 30
13369 3712 5 0 48.999718 47.610001 30
13370 3712 5 0 50.194832 48.299999 30
13371 3712 5 0 52.585064 45.540001 30
13372 3712 5 0 51.389946 46.23 30
13373 3712 5 0 51.389946 47.610001 30
13374 3712 5 0 52.585064 48.299999 30
13375 3712 5 0 54.975292 45.540001 30
13376 3712 5 0 53.780178 46.23 30
13377 3712 5 0 53.780178 47.610001 30
13378 3712 5 0 54.975292 48.299999 30
13379 3712 5 0 57.365524 45.540001 30
13380 3712 5 0 56.170406 46.23 30
13381 3712 5 0 56.170406 47.610001 30
13382 3712 5 0 57.365524 48.299999 30
13383 3712 5 0 59.755753 45.540001 30
13384 3712 5 0 58.560638 46.23 30
13385 3712 5 0 58.560638 47.610001 30
13386 3712 5 0 59.755753 48.299999 30
13387 3712 5 0 0 49.68 30
13388 3712 5 0 -1.195115 50.369999 30
13389 3712 5 0 -1.195115 51.75 30
13390 3712 5 0 0 52.439999 30
13391 3712 5 0 2.39023 49.68 30
13392 3712 5 0 1.195115 50.369999 30
13393 3712 5 0 1.195115 51.75 30
13394 3712 5 0 2.39023 52.439999 30
13395 3712 5 0 4.78046 49.68 30
13396 3712 5 0 3.585345 50.369999 30
13397 3712 5 0 3.585345 51.75 30
13398 3712 5 0 4.78046 52.439999 30
13399 3712 5 0 7.170691 49.68 30
13400 3712 5 0 5.975575 50.369999 30
13401 3712 5 0 5.975575 51.75 30
13402 3712 5 0 7.170691 52.439999 30
13403 3712 5 0 9.560921 49.68 30
13404 3712 5 0 8.365806 50.369999 30
13405 3712 5 0 8.365806 51.75 30
13406 3712 5 0 9.560921 52.439999 30
13407 3712 5 0 11.951151 49.68 30
13408 3712 5 0 10.756036 50.369999 30
13409 3712 5 0 10.756036 51.75 30
13410 3712 5 0 11.951151 52.439999 30
13411 3712 5 0 14.341381 49.68 30
13412 3712 5 0 13.146266 50.369999 30
13413 3712 5 0 13.146266 51.75 30
13414 3712 5 0 14.341381 52.439999 30
13415 3712 5 0 16.731611 49.68 30
13416 3712 5 0 15.536496 50.369999 30
13417 3712 5 0 15.536496 51.75 30
13418 3712 5 0 16.731611 52.439999 30
13419 3712 5 0 19.121841 49.68 30
13420 3712 5 0 17.926725 50.369999 30
13421 3712 5 0 17.926725 51.75 30
13422 3712 5 0 19.121841 52.439999 30
13423 3712 5 0 21.512072 49.68 30
13424 3712 5 0 20.316956 50.369999 30
13425 3712 5 0 20.316956 51.75 30
13426 3712 5 0 21.512072 52.439999 30
13427 3712 5 0 23.902302 49.68 30
13428 3712 5 0 22.707186 50.369999 30
13429 3712 5 0 22.707186 51.75 30
13430 3712 5 0 23.902302 52.439999 30
13431 3712 5 0 26.292532 49.68 30
13432 3712 5 0 25.097416 50.369999 30
13433 3712 5 0 25.097416 51.75 30
13434 3712 5 0 26.292532 52.439999 30
13435 3712 5 0 28.682762 49.68 30
13436 3712 5 0 27.487646 50.369999 30
13437 3712 5 0 27.487646 51.75 30
13438 3712 5 0 28.682762 52.439999 30
13439 3712 5 0 31.072992 49.68 30
13440 3712 5 0 29.877876 50.369999 30
13441 3712 5 0 29.877876 51.75 30
13442 3712 5 0 31.072992 52.439999 30
13443 3712 5 0 33.463223 49.68 30
13444 3712 5 0 32.268108 50.369999 30
13445 3712 5 0 32.268108 51.75 30
13446 3712 5 0 33.463223 52.439999 30
13447 3712 5 0 35.853451 49.68 30
13448 3712 5 0 34.658337 50.369999 30
13449 3712 5 0 34.658337 51.75 30
13450 3712 5 0 35.853451 52.439999 30
13451 3712 5 0 38.243683 49.68 30
13452 3712 5 0 37.048565 50.369999 30
13453 3712 5 0 37.048565 51.75 30
13454 3712 5 0 38.243683 52.439999 30
13455 3712 5 0 40.633911 49.68 30
13456 3712 5 0 39.438797 50.369999 30
13457 3712 5 0 39.438797 51.75 30
13458 3712 5 0 40.633911 52.439999 30
13459 3712 5 0 43.024143 49.68 30
13460 3712 5 0 41.829025 50.369999 30
13461 3712 5 0 41.829025 51.75 30
13462 3712 5 0 43.024143 52.439999 30
13463 3712 5 0 45.414371 49.68 30
13464 3712 5 0 44.219257 50.369999 30
13465 3712 5 0 44.219257 51.75 30
13466 3712 5 0 45.414371 52.439999 30
13467 3712 5 0 47.804604 49.68 30
13468 3712 5 0 46.609486 50.369999 30
13469 3712 5 0 46.609486 51.75 30
13470 3712 5 0 47.804604 52.439999 30
13471 3712 5 0 50.194832 49.68 30
13472 3712 5 0 48.999718 50.369999 30
13473 3712 5 0 48.999718 51.75 30
13474 3712 5 0 50.194832 52.439999 30
13475 3712 5 0 52.585064 49.68 30
13476 3712 5 0 51.389946 50.369999 30
13477 3712 5 0 51.389946 51.75 30
13478 3712 5 0 52.585064 52.439999 30
13479 3712 5 0 54.975292 49.68 30
13480 3712 5 0 53.780178 50.369999 30
13481 3712 5 0 53.780178 51.75 30
13482 3712 5 0 54.975292 52.439999 30
13483 3712 5 0 57.365524 49.68 30
13484 3712 5 0 56.170406 50.369999 30
13485 3712 5 0 56.170406 51.75 30
13486 3712 5 0 57.365524 52.439999 30
13487 3712 5 0 59.755753 49.68 30
13488 3712 5 0 58.560638 50.369999 30
13489 3712 5 0 58.560638 51.75 30
13490 3712 5 0 59.755753 52.439999 30
13491 3712 5 0 0 53.82 30
13492 3712 5 0 -1.195115 54.509998 30
13493 3712 5 0 -1.195115 55.889999 30
13494 3712 5 0 0 56.580002 30
13495 3712 5 0 2.39023 53.82 30
13496 3712 5 0 1.195115 54.509998 30
13497 3712 5 0 1.195115 55.889999 30
13498 3712 5 0 2.39023 56.580002 30
13499 3712 5 0 4.78046 53.82 30
13500 3712 5 0 3.585345 54.509998 30
13501 3712 5 0 3.585345 55.889999 30
13502 3712 5 0 4.78046 56.580002 30
13503 3712 5 0 7.170691 53.82 30
13504 3712 5 0 5.975575 54.509998 30
13505 3712 5 0 5.975575 55.889999 30
13506 3712 5 0 7.170691 56.580002 30
13507 3712 5 0 9.560921 53.82 30
13508 3712 5 0 8.365806 54.509998 30
13509 3712 5 0 8.365806 55.889999 30
13510 3712 5 0 9.560921 56.580002 30
13511 3712 5 0 11.951151 53.82 30
13512 3712 5 0 10.756036 54.509998 30
13513 3712 5 0 10.756036 55.889999 30
13514 3712 5 0 11.951151 56.580002 30
13515 3712 5 0 14.341381 53.82 30
13516 3712 5 0 13.146266 54.509998 30
13517 3712 5 0 13.146266 55.889999 30
13518 3712 5 0 14.341381 56.580002 30
13519 3712 5 0 16.731611 53.82 30
13520 3712 5 0 15.536496 54.509998 30
13521 3712 5 0 15.536496 55.889999 30
13522 3712 5 0 16.731611 56.580002 30
13523 3712 5 0 19.121841 53.82 30
13524 3712 5 0 17.926725 54.509998 30
13525 3712 5 0 17.926725 55.889999 30
13526 3712 5 0 19.121841 56.580002 30
13527 3712 5 0 21.512072 53.82 30
13528 3712 5 0 20.316956 54.509998 30
13529 3712 5 0 20.316956 55.889999 30
13530 3712 5 0 21.512072 56.580002 30
13531 3712 5 0 23.902302 53.82 30
13532 3712 5 0 22.707186 54.509998 30
13533 3712 5 0 22.707186 55.889999 30
13534 3712 5 0 23.902302 56.580002 30
13535 3712 5 0 26.292532 53.82 30
13536 3712 5 0 25.097416 54.509998 30
13537 3712 5 0 25.097416 55.889999 30
13538 3712 5 0 26.292532 56.580002 30
13539 3712 5 0 28.682762 53.82 30
13540 3712 5 0 27.487646 54.509998 30
13541 3712 5 0 27.487646 55.889999 30
13542 3712 5 0 28.682762 56.580002 30
13543 3712 5 0 31.072992 53.82 30
13544 3712 5 0 29.877876 54.509998 30
13545 3712 5 0 29.877876 55.889999 30
13546 3712 5 0 31.072992 56.580002 30
13547 3712 5 0 33.463223 53.82 30
13548 3712 5 0 32.268108 54.509998 30
13549 3712 5 0 32.268108 55.889999 30
13550 3712 5 0 33.463223 56.580002 30
13551 3712 5 0 35.853451 53.82 30
13552 3712 5 0 34.658337 54.509998 30
13553 3712 5 0 34.658337 55.889999 30
13554 3712 5 0 35.853451 56.580002 30
13555 3712 5 0 38.243683 53.82 30
13556 3712 5 0 37.048565 54.509998 30
13557 3712 5 0 37.048565 55.889999 30
13558 3712 5 0 38.243683 56.580002 30
13559 3712 5 0 40.633911 53.82 30
13560 3712 5 0 39.438797 54.509998 30
13561 3712 5 0 39.438797 55.889999 30
13562 3712 5 0 40.633911 56.580002 30
13563 3712 5 0 43.024143 53.82 30
13564 3712 5 0 41.829025 54.509998 30
13565 3712 5 0 41.829025 55.889999 30
13566 3712 5 0 43.024143 56.580002 30
13567 3712 5 0 45.414371 53.82 30
13568 3712 5 0 44.219257 54.509998 30
13569 3712 5 0 44.219257 55.889999 30
13570 3712 5 0 45.414371 56.580002 30
13571 3712 5 0 47.804604 53.82 30
13572 3712 5 0 46.609486 54.509998 30
13573 3712 5 0 46.609486 55.889999 30
13574 3712 5 0 47.804604 56.580002 30
13575 3712 5 0 50.194832 53.82 30
13576 3712 5 0 48.999718 54.509998 30
13577 3712 5 0 48.999718 55.889999 30
13578 3712 5 0 50.194832 56.580002 30
13579 3712 5 0 52.585064 53.82 30
13580 3712 5 0 51.389946 54.509998 30
13581 3712 5 0 51.389946 55.889999 30
13582 3712 5 0 52.585064 56.580002 30
13583 3712 5 0 54.975292 53.82 30
13584 3712 5 0 53.780178 54.509998 30
13585 3712 5 0 53.780178 55.889999 30
13586 3712 5 0 54.975292 56.580002 30
13587 3712 5 0 57.365524 53.82 30
13588 3712 5 0 56.170406 54.509998 30
13589 3712 5 0 56.170406 55.889999 30
13590 3712 5 0 57.365524 56.580002 30
13591 3712 5 0 59.755753 53.82 30
13592 3712 5 0 58.560638 54.509998 30
13593 3712 5 0 58.560638 55.889999 30
13594 3712 5 0 59.755753 56.580002 30
13595 3712 5 0 0 57.959999 30
13596 3712 5 0 -1.195115 58.650002 30
13597 3712 5 0 -1.195115 60.029999 30
13598 3712 5 0 0 60.720001 30
13599 3712 5 0 2.39023 57.959999 30
13600 3712 5 0 1.195115 58.650002 30
13601 3712 5 0 1.195115 60.029999 30
13602 3712 5 0 2.39023 60.720001 30
13603 3712 5 0 4.78046 57.959999 30
13604 3712 5 0 3.585345 58.650002 30
13605 3712 5 0 3.585345 60.029999 30
13606 3712 5 0 4.78046 60.720001 30
13607 3712 5 0 7.170691 57.959999 30
13608 3712 5 0 5.975575 58.650002 30
13609 3712 5 0 5.975575 60.029999 30
13610 3712 5 0 7.170691 60.720001 30
13611 3712 5 0 9.560921 57.959999 30
13612 3712 5 0 8.365806 58.650002 30
13613 3712 5 0 8.365806 60.029999 30
13614 3712 5 0 9.560921 60.720001 30
13615 3712 5 0 11.951151 57.959999 30
13616 3712 5 0 10.756036 58.650002 30
13617 3712 5 0 10.756036 60.029999 30
13618 3712 5 0 11.951151 60.720001 30
13619 3712 5 0 14.341381 57.959999 30
13620 3712 5 0 13.146266 58.650002 30
13621 3712 5 0 13.146266 60.029999 30
13622 3712 5 0 14.341381 60.720001 30
13623 3712 5 0 16.731611 57.959999 30
13624 3712 5 0 15.536496 58.650002 30
13625 3712 5 0 15.536496 60.029999 30
13626 3712 5 0 16.731611 60.720001 30
13627 3712 5 0 19.121841 57.959999 30
13628 3712 5 0 17.926725 58.650002 30
13629 3712 5 0 17.926725 60.029999 30
13630 3712 5 0 19.121841 60.720001 30
13631 3712 5 0 21.512072 57.959999 30
13632 3712 5 0 20.316956 58.650002 30
13633 3712 5 0 20.316956 60.029999 30
13634 3712 5 0 21.512072 60.720001 30
13635 3712 5 0 23.902302 57.959999 30
13636 3712 5 0 22.707186 58.650002 30
13637 3712 5 0 22.707186 60.029999 30
13638 3712 5 0 23.902302 60.720001 30
13639 3712 5 0 26.292532 57.959999 30
13640 3712 5 0 25.097416 58.650002 30
13641 3712 5 0 25.097416 60.029999 30
13642 3712 5 0 26.292532 60.720001 30
13643 3712 5 0 28.682762 57.959999 30
13644 3712 5 0 27.487646 58.650002 30
13645 3712 5 0 27.487646 60.029999 30
13646 3712 5 0 28.682762 60.720001 30
13647 3712 5 0 31.072992 57.959999 30
13648 3712 5 0 29.877876 58.650002 30
13649 3712 5 0 29.877876 60.029999 30
13650 3712 5 0 31.072992 60.720001 30
13651 3712 5 0 33.463223 57.959999 30
13652 3712 5 0 32.268108 58.650002 30
13653 3712 5 0 32.268108 60.029999 30
13654 3712 5 0 33.463223 60.720001 30
13655 3712 5 0 35.853451 57.959999 30
13656 3712 5 0 34.658337 58.650002 30
13657 3712 5 0 34.658337 60.029999 30
13658 3712 5 0 35.853451 60.720001 30
13659 3712 5 0 38.243683 57.959999 30
13660 3712 5 0 37.048565 58.650002 30
13661 3712 5 0 37.048565 60.029999 30
13662 3712 5 0 38.243683 60.720001 30
13663 3712 5 0 40.633911 57.959999 30
13664 3712 5 0 39.438797 58.650002 30
13665 3712 5 0 39.438797 60.029999 30
13666 3712 5 0 40.633911 60.720001 30
13667 3712 5 0 43.024143 57.959999 30
13668 3712 5 0 41.829025 58.650002 30
13669 3712 5 0 41.829025 60.029999 30
13670 3712 5 0 43.024143 60.720001 30
13671 3712 5 0 45.414371 57.959999 30
13672 3712 5 0 44.219257 58.650002 30
13673 3712 5 0 44.219257 60.029999 30
13674 3712 5 0 45.414371 60.720001 30
13675 3712 5 0 47.804604 57.959999 30
13676 3712 5 0 46.609486 58.650002 30
13677 3712 5 0 46.609486 60.029999 30
13678 3712 5 0 47.804604 60.720001 30
13679 3712 5 0 50.194832 57.959999 30
13680 3712 5 0 48.999718 58.650002 30
13681 3712 5 0 48.999718 60.029999 30
13682 3712 5 0 50.194832 60.720001 30
13683 3712 5 0 52.585064 57.959999 30
13684 3712 5 0 51.389946 58.650002 30
13685 3712 5 0 51.389946 60.029999 30
13686 3712 5 0 52.585064 60.720001 30
13687 3712 5 0 54.975292 57.959999 30
13688 3712 5 0 53.780178 58.650002 30
13689 3712 5 0 53.780178 60.029999 30
13690 3712 5 0 54.975292 60.720001 30
13691 3712 5 0 57.365524 57.959999 30
13692 3712 5 0 56.170406 58.650002 30
13693 3712 5 0 56.170406 60.029999 30
13694 3712 5 0 57.365524 60.720001 30
13695 3712 5 0 59.755753 57.959999 30
13696 3712 5 0 58.560638 58.650002 30
13697 3712 5 0 58.560638 60.029999 30
13698 3712 5 0 59.755753 60.720001 30
