6445 2149 3 0 0.1472944 2.157 -2.13122
6446 2149 4 0 0.8527056 2.157 0
6447 2149 4 0 2.3352944 3.814 0
6448 2149 3 0 3.0407056 3.814 -2.13122
6449 2149 3 0 0.1472944 5.471 -2.13122
6450 2149 4 0 0.8527056 5.471 0
6451 2149 4 0 2.3352944 7.128 0
6452 2149 3 0 3.0407056 7.128 -2.13122
6453 2149 3 0 0.1472944 8.785 -2.13122
6454 2149 4 0 0.8527056 8.785 0
6455 2149 4 0 2.3352944 10.442 0
6456 2149 3 0 3.0407056 10.442 -2.13122
6457 2149 3 0 0.1472944 12.099 -2.13122
6458 2149 4 0 0.8527056 12.099 0
6459 2149 4 0 2.3352944 13.756 0
6460 2149 3 0 3.0407056 13.756 -2.13122
6461 2149 3 0 0.1472944 15.413 -2.13122
6462 2149 4 0 0.8527056 15.413 0
6463 2149 4 0 2.3352944 17.07 0
6464 2149 3 0 3.0407056 17.07 -2.13122
6465 2149 3 0 0.1472944 18.727 -2.13122
6466 2149 4 0 0.8527056 18.727 0
6467 2149 4 0 2.3352944 20.384 0
6468 2149 3 0 3.0407056 20.384 -2.13122
6469 2149 3 0 0.1472944 22.041 -2.13122
6470 2149 4 0 0.8527056 22.041 0
6471 2149 4 0 2.3352944 23.698 0
6472 2149 3 0 3.0407056 23.698 -2.13122
6473 2149 3 0 0.1472944 25.355 -2.13122
6474 2149 4 0 0.8527056 25.355 0
6475 2149 4 0 2.3352944 27.012 0
6476 2149 3 0 3.0407056 27.012 -2.13122
6477 2149 3 0 0.1472944 28.669 -2.13122
6478 2149 4 0 0.8527056 28.669 0
6479 2149 4 0 2.3352944 30.326 0
6480 2149 3 0 3.0407056 30.326 -2.13122
6481 2149 3 0 0.1472944 31.983 -2.13122
6482 2149 4 0 0.8527056 31.983 0
6483 2149 4 0 2.3352944 33.64 0
6484 2149 3 0 3.0407056 33.64 -2.13122
6485 2149 3 0 0.1472944 35.297 -2.13122
6486 2149 4 0 0.8527056 35.297 0
6487 2149 4 0 2.3352944 36.954 0
6488 2149 3 0 3.0407056 36.954 -2.13122
6489 2149 3 0 0.1472944 38.611 -2.13122
6490 2149 4 0 0.8527056 38.611 0
6491 2149 4 0 2.3352944 40.268 0
6492 2149 3 0 3.0407056 40.268 -2.13122
6493 2149 3 0 0.1472944 41.925 -2.13122
6494 2149 4 0 0.8527056 41.925 0
6495 2149 4 0 2.3352944 43.582 0
6496 2149 3 0 3.0407056 43.582 -2.13122
6497 2149 3 0 0.1472944 45.239 -2.13122
6498 2149 4 0 0.8527056 45.239 0
6499 2149 4 0 2.3352944 46.896 0
6500 2149 3 0 3.0407056 46.896 -2.13122
6501 2149 3 0 0.1472944 48.553 -2.13122
6502 2149 4 0 0.8527056 48.553 0
6503 2149 4 0 2.3352944 50.21 0
6504 2149 3 0 3.0407056 50.21 -2.13122
6505 2149 3 0 0.1472944 51.867 -2.13122
6506 2149 4 0 0.8527056 51.867 0
6507 2149 4 0 2.3352944 53.524 0
6508 2149 3 0 3.0407056 53.524 -2.13122
6509 2149 3 0 0.1472944 55.181 -2.13122
6510 2149 4 0 0.8527056 55.181 0
6511 2149 4 0 2.3352944 56.838 0
6512 2149 3 0 3.0407056 56.838 -2.13122
6513 2149 3 0 0.1472944 58.495 -2.13122
6514 2149 4 0 0.8527056 58.495 0
6515 2149 4 0 2.3352944 60.152 0
6516 2149 3 0 3.0407056 60.152 -2.13122
6517 2149 3 0 4.5232944 2.157 -2.13122
6518 2149 4 0 5.2287056 2.157 0
6519 2149 4 0 6.7112944 3.814 0
6520 2149 3 0 7.4167056 3.814 -2.13122
6521 2149 3 0 4.5232944 5.471 -2.13122
6522 2149 4 0 5.2287056 5.471 0
6523 2149 4 0 6.7112944 7.128 0
6524 2149 3 0 7.4167056 7.128 -2.13122
6525 2149 3 0 4.5232944 8.785 -2.13122
6526 2149 4 0 5.2287056 8.785 0
6527 2149 4 0 6.7112944 10.442 0
6528 2149 3 0 7.4167056 10.442 -2.13122
6529 2149 3 0 4.5232944 12.099 -2.13122
6530 2149 4 0 5.2287056 12.099 0
6531 2149 4 0 6.7112944 13.756 0
6532 2149 3 0 7.4167056 13.756 -2.13122
6533 2149 3 0 4.5232944 15.413 -2.13122
6534 2149 4 0 5.2287056 15.413 0
6535 2149 4 0 6.7112944 17.07 0
6536 2149 3 0 7.4167056 17.07 -2.13122
6537 2149 3 0 4.5232944 18.727 -2.13122
6538 2149 4 0 5.2287056 18.727 0
6539 2149 4 0 6.7112944 20.384 0
6540 2149 3 0 7.4167056 20.384 -2.13122
6541 2149 3 0 4.5232944 22.041 -2.13122
6542 2149 4 0 5.2287056 22.041 0
6543 2149 4 0 6.7112944 23.698 0
6544 2149 3 0 7.4167056 23.698 -2.13122
6545 2149 3 0 4.5232944 25.355 -2.13122
6546 2149 4 0 5.2287056 25.355 0
6547 2149 4 0 6.7112944 27.012 0
6548 2149 3 0 7.4167056 27.012 -2.13122
6549 2149 3 0 4.5232944 28.669 -2.13122
6550 2149 4 0 5.2287056 28.669 0
6551 2149 4 0 6.7112944 30.326 0
6552 2149 3 0 7.4167056 30.326 -2.13122
6553 2149 3 0 4.5232944 31.983 -2.13122
6554 2149 4 0 5.2287056 31.983 0
6555 2149 4 0 6.7112944 33.64 0
6556 2149 3 0 7.4167056 33.64 -2.13122
6557 2149 3 0 4.5232944 35.297 -2.13122
6558 2149 4 0 5.2287056 35.297 0
6559 2149 4 0 6.7112944 36.954 0
6560 2149 3 0 7.4167056 36.954 -2.13122
6561 2149 3 0 4.5232944 38.611 -2.13122
6562 2149 4 0 5.2287056 38.611 0
6563 2149 4 0 6.7112944 40.268 0
6564 2149 3 0 7.4167056 40.268 -2.13122
6565 2149 3 0 4.5232944 41.925 -2.13122
6566 2149 4 0 5.2287056 41.925 0
6567 2149 4 0 6.7112944 43.582 0
6568 2149 3 0 7.4167056 43.582 -2.13122
6569 2149 3 0 4.5232944 45.239 -2.13122
6570 2149 4 0 5.2287056 45.239 0
6571 2149 4 0 6.7112944 46.896 0
6572 2149 3 0 7.4167056 46.896 -2.13122
6573 2149 3 0 4.5232944 48.553 -2.13122
6574 2149 4 0 5.2287056 48.553 0
6575 2149 4 0 6.7112944 50.21 0
6576 2149 3 0 7.4167056 50.21 -2.13122
6577 2149 3 0 4.5232944 51.867 -2.13122
6578 2149 4 0 5.2287056 51.867 0
6579 2149 4 0 6.7112944 53.524 0
6580 2149 3 0 7.4167056 53.524 -2.13122
6581 2149 3 0 4.5232944 55.181 -2.13122
6582 2149 4 0 5.2287056 55.181 0
6583 2149 4 0 6.7112944 56.838 0
6584 2149 3 0 7.4167056 56.838 -2.13122
6585 2149 3 0 4.5232944 58.495 -2.13122
6586 2149 4 0 5.2287056 58.495 0
6587 2149 4 0 6.7112944 60.152 0
6588 2149 3 0 7.4167056 60.152 -2.13122
6589 2149 3 0 8.8992944 2.157 -2.13122
6590 2149 4 0 9.6047056 2.157 0
6591 2149 4 0 11.0872944 3.814 0
6592 2149 3 0 11.7927056 3.814 -2.13122
6593 2149 3 0 8.8992944 5.471 -2.13122
6594 2149 4 0 9.6047056 5.471 0
6595 2149 4 0 11.0872944 7.128 0
6596 2149 3 0 11.7927056 7.128 -2.13122
6597 2149 3 0 8.8992944 8.785 -2.13122
6598 2149 4 0 9.6047056 8.785 0
6599 2149 4 0 11.0872944 10.442 0
6600 2149 3 0 11.7927056 10.442 -2.13122
6601 2149 3 0 8.8992944 12.099 -2.13122
6602 2149 4 0 9.6047056 12.099 0
6603 2149 4 0 11.0872944 13.756 0
6604 2149 3 0 11.7927056 13.756 -2.13122
6605 2149 3 0 8.8992944 15.413 -2.13122
6606 2149 4 0 9.6047056 15.413 0
6607 2149 4 0 11.0872944 17.07 0
6608 2149 3 0 11.7927056 17.07 -2.13122
6609 2149 3 0 8.8992944 18.727 -2.13122
6610 2149 4 0 9.6047056 18.727 0
6611 2149 4 0 11.0872944 20.384 0
6612 2149 3 0 11.7927056 20.384 -2.13122
6613 2149 3 0 8.8992944 22.041 -2.13122
6614 2149 4 0 9.6047056 22.041 0
6615 2149 4 0 11.0872944 23.698 0
6616 2149 3 0 11.7927056 23.698 -2.13122
6617 2149 3 0 8.8992944 25.355 -2.13122
6618 2149 4 0 9.6047056 25.355 0
6619 2149 4 0 11.0872944 27.012 0
6620 2149 3 0 11.7927056 27.012 -2.13122
6621 2149 3 0 8.8992944 28.669 -2.13122
6622 2149 4 0 9.6047056 28.669 0
6623 2149 4 0 11.0872944 30.326 0
6624 2149 3 0 11.7927056 30.326 -2.13122
6625 2149 3 0 8.8992944 31.983 -2.13122
6626 2149 4 0 9.6047056 31.983 0
6627 2149 4 0 11.0872944 33.64 0
6628 2149 3 0 11.7927056 33.64 -2.13122
6629 2149 3 0 8.8992944 35.297 -2.13122
6630 2149 4 0 9.6047056 35.297 0
6631 2149 4 0 11.0872944 36.954 0
6632 2149 3 0 11.7927056 36.954 -2.13122
6633 2149 3 0 8.8992944 38.611 -2.13122
6634 2149 4 0 9.6047056 38.611 0
6635 2149 4 0 11.0872944 40.268 0
6636 2149 3 0 11.7927056 40.268 -2.13122
6637 2149 3 0 8.8992944 41.925 -2.13122
6638 2149 4 0 9.6047056 41.925 0
6639 2149 4 0 11.0872944 43.582 0
6640 2149 3 0 11.7927056 43.582 -2.13122
6641 2149 3 0 8.8992944 45.239 -2.13122
6642 2149 4 0 9.6047056 45.239 0
6643 2149 4 0 11.0872944 46.896 0
6644 2149 3 0 11.7927056 46.896 -2.13122
6645 2149 3 0 8.8992944 48.553 -2.13122
6646 2149 4 0 9.6047056 48.553 0
6647 2149 4 0 11.0872944 50.21 0
6648 2149 3 0 11.7927056 50.21 -2.13122
6649 2149 3 0 8.8992944 51.867 -2.13122
6650 2149 4 0 9.6047056 51.867 0
6651 2149 4 0 11.0872944 53.524 0
6652 2149 3 0 11.7927056 53.524 -2.13122
6653 2149 3 0 8.8992944 55.181 -2.13122
6654 2149 4 0 9.6047056 55.181 0
6655 2149 4 0 11.0872944 56.838 0
6656 2149 3 0 11.7927056 56.838 -2.13122
6657 2149 3 0 8.8992944 58.495 -2.13122
6658 2149 4 0 9.6047056 58.495 0
6659 2149 4 0 11.0872944 60.152 0
6660 2149 3 0 11.7927056 60.152 -2.13122
6661 2149 3 0 13.2752944 2.157 -2.13122
6662 2149 4 0 13.9807056 2.157 0
6663 2149 4 0 15.4632944 3.814 0
6664 2149 3 0 16.1687056 3.814 -2.13122
6665 2149 3 0 13.2752944 5.471 -2.13122
6666 2149 4 0 13.9807056 5.471 0
6667 2149 4 0 15.4632944 7.128 0
6668 2149 3 0 16.1687056 7.128 -2.13122
6669 2149 3 0 13.2752944 8.785 -2.13122
6670 2149 4 0 13.9807056 8.785 0
6671 2149 4 0 15.4632944 10.442 0
6672 2149 3 0 16.1687056 10.442 -2.13122
6673 2149 3 0 13.2752944 12.099 -2.13122
6674 2149 4 0 13.9807056 12.099 0
6675 2149 4 0 15.4632944 13.756 0
6676 2149 3 0 16.1687056 13.756 -2.13122
6677 2149 3 0 13.2752944 15.413 -2.13122
6678 2149 4 0 13.9807056 15.413 0
6679 2149 4 0 15.4632944 17.07 0
6680 2149 3 0 16.1687056 17.07 -2.13122
6681 2149 3 0 13.2752944 18.727 -2.13122
6682 2149 4 0 13.9807056 18.727 0
6683 2149 4 0 15.4632944 20.384 0
6684 2149 3 0 16.1687056 20.384 -2.13122
6685 2149 3 0 13.2752944 22.041 -2.13122
6686 2149 4 0 13.9807056 22.041 0
6687 2149 4 0 15.4632944 23.698 0
6688 2149 3 0 16.1687056 23.698 -2.13122
6689 2149 3 0 13.2752944 25.355 -2.13122
6690 2149 4 0 13.9807056 25.355 0
6691 2149 4 0 15.4632944 27.012 0
6692 2149 3 0 16.1687056 27.012 -2.13122
6693 2149 3 0 13.2752944 28.669 -2.13122
6694 2149 4 0 13.9807056 28.669 0
6695 2149 4 0 15.4632944 30.326 0
6696 2149 3 0 16.1687056 30.326 -2.13122
6697 2149 3 0 13.2752944 31.983 -2.13122
6698 2149 4 0 13.9807056 31.983 0
6699 2149 4 0 15.4632944 33.64 0
6700 2149 3 0 16.1687056 33.64 -2.13122
6701 2149 3 0 13.2752944 35.297 -2.13122
6702 2149 4 0 13.9807056 35.297 0
6703 2149 4 0 15.4632944 36.954 0
6704 2149 3 0 16.1687056 36.954 -2.13122
6705 2149 3 0 13.2752944 38.611 -2.13122
6706 2149 4 0 13.9807056 38.611 0
6707 2149 4 0 15.4632944 40.268 0
6708 2149 3 0 16.1687056 40.268 -2.13122
6709 2149 3 0 13.2752944 41.925 -2.13122
6710 2149 4 0 13.9807056 41.925 0
6711 2149 4 0 15.4632944 43.582 0
6712 2149 3 0 16.1687056 43.582 -2.13122
6713 2149 3 0 13.2752944 45.239 -2.13122
6714 2149 4 0 13.9807056 45.239 0
6715 2149 4 0 15.4632944 46.896 0
6716 2149 3 0 16.1687056 46.896 -2.13122
6717 2149 3 0 13.2752944 48.553 -2.13122
6718 2149 4 0 13.9807056 48.553 0
6719 2149 4 0 15.4632944 50.21 0
6720 2149 3 0 16.1687056 50.21 -2.13122
6721 2149 3 0 13.2752944 51.867 -2.13122
6722 2149 4 0 13.9807056 51.867 0
6723 2149 4 0 15.4632944 53.524 0
6724 2149 3 0 16.1687056 53.524 -2.13122
6725 2149 3 0 13.2752944 55.181 -2.13122
6726 2149 4 0 13.9807056 55.181 0
6727 2149 4 0 15.4632944 56.838 0
6728 2149 3 0 16.1687056 56.838 -2.13122
6729 2149 3 0 13.2752944 58.495 -2.13122
6730 2149 4 0 13.9807056 58.495 0
6731 2149 4 0 15.4632944 60.152 0
6732 2149 3 0 16.1687056 60.152 -2.13122
6733 2149 3 0 17.6512944 2.157 -2.13122
6734 2149 4 0 18.3567056 2.157 0
6735 2149 4 0 19.8392944 3.814 0
6736 2149 3 0 20.5447056 3.814 -2.13122
6737 2149 3 0 17.6512944 5.471 -2.13122
6738 2149 4 0 18.3567056 5.471 0
6739 2149 4 0 19.8392944 7.128 0
6740 2149 3 0 20.5447056 7.128 -2.13122
6741 2149 3 0 17.6512944 8.785 -2.13122
6742 2149 4 0 18.3567056 8.785 0
6743 2149 4 0 19.8392944 10.442 0
6744 2149 3 0 20.5447056 10.442 -2.13122
6745 2149 3 0 17.6512944 12.099 -2.13122
6746 2149 4 0 18.3567056 12.099 0
6747 2149 4 0 19.8392944 13.756 0
6748 2149 3 0 20.5447056 13.756 -2.13122
6749 2149 3 0 17.6512944 15.413 -2.13122
6750 2149 4 0 18.3567056 15.413 0
6751 2149 4 0 19.8392944 17.07 0
6752 2149 3 0 20.5447056 17.07 -2.13122
6753 2149 3 0 17.6512944 18.727 -2.13122
6754 2149 4 0 18.3567056 18.727 0
6755 2149 4 0 19.8392944 20.384 0
6756 2149 3 0 20.5447056 20.384 -2.13122
6757 2149 3 0 17.6512944 22.041 -2.13122
6758 2149 4 0 18.3567056 22.041 0
6759 2149 4 0 19.8392944 23.698 0
6760 2149 3 0 20.5447056 23.698 -2.13122
6761 2149 3 0 17.6512944 25.355 -2.13122
6762 2149 4 0 18.3567056 25.355 0
6763 2149 4 0 19.8392944 27.012 0
6764 2149 3 0 20.5447056 27.012 -2.13122
6765 2149 3 0 17.6512944 28.669 -2.13122
6766 2149 4 0 18.3567056 28.669 0
6767 2149 4 0 19.8392944 30.326 0
6768 2149 3 0 20.5447056 30.326 -2.13122
6769 2149 3 0 17.6512944 31.983 -2.13122
6770 2149 4 0 18.3567056 31.983 0
6771 2149 4 0 19.8392944 33.64 0
6772 2149 3 0 20.5447056 33.64 -2.13122
6773 2149 3 0 17.6512944 35.297 -2.13122
6774 2149 4 0 18.3567056 35.297 0
6775 2149 4 0 19.8392944 36.954 0
6776 2149 3 0 20.5447056 36.954 -2.13122
6777 2149 3 0 17.6512944 38.611 -2.13122
6778 2149 4 0 18.3567056 38.611 0
6779 2149 4 0 19.8392944 40.268 0
6780 2149 3 0 20.5447056 40.268 -2.13122
6781 2149 3 0 17.6512944 41.925 -2.13122
6782 2149 4 0 18.3567056 41.925 0
6783 2149 4 0 19.8392944 43.582 0
6784 2149 3 0 20.5447056 43.582 -2.13122
6785 2149 3 0 17.6512944 45.239 -2.13122
6786 2149 4 0 18.3567056 45.239 0
6787 2149 4 0 19.8392944 46.896 0
6788 2149 3 0 20.5447056 46.896 -2.13122
6789 2149 3 0 17.6512944 48.553 -2.13122
6790 2149 4 0 18.3567056 48.553 0
6791 2149 4 0 19.8392944 50.21 0
6792 2149 3 0 20.5447056 50.21 -2.13122
6793 2149 3 0 17.6512944 51.867 -2.13122
6794 2149 4 0 18.3567056 51.867 0
6795 2149 4 0 19.8392944 53.524 0
6796 2149 3 0 20.5447056 53.524 -2.13122
6797 2149 3 0 17.6512944 55.181 -2.13122
6798 2149 4 0 18.3567056 55.181 0
6799 2149 4 0 19.8392944 56.838 0
6800 2149 3 0 20.5447056 56.838 -2.13122
6801 2149 3 0 17.6512944 58.495 -2.13122
6802 2149 4 0 18.3567056 58.495 0
6803 2149 4 0 19.8392944 60.152 0
6804 2149 3 0 20.5447056 60.152 -2.13122
6805 2149 3 0 22.0272944 2.157 -2.13122
6806 2149 4 0 22.7327056 2.157 0
6807 2149 4 0 24.2152944 3.814 0
6808 2149 3 0 24.9207056 3.814 -2.13122
6809 2149 3 0 22.0272944 5.471 -2.13122
6810 2149 4 0 22.7327056 5.471 0
6811 2149 4 0 24.2152944 7.128 0
6812 2149 3 0 24.9207056 7.128 -2.13122
6813 2149 3 0 22.0272944 8.785 -2.13122
6814 2149 4 0 22.7327056 8.785 0
6815 2149 4 0 24.2152944 10.442 0
6816 2149 3 0 24.9207056 10.442 -2.13122
6817 2149 3 0 22.0272944 12.099 -2.13122
6818 2149 4 0 22.7327056 12.099 0
6819 2149 4 0 24.2152944 13.756 0
6820 2149 3 0 24.9207056 13.756 -2.13122
6821 2149 3 0 22.0272944 15.413 -2.13122
6822 2149 4 0 22.7327056 15.413 0
6823 2149 4 0 24.2152944 17.07 0
6824 2149 3 0 24.9207056 17.07 -2.13122
6825 2149 3 0 22.0272944 18.727 -2.13122
6826 2149 4 0 22.7327056 18.727 0
6827 2149 4 0 24.2152944 20.384 0
6828 2149 3 0 24.9207056 20.384 -2.13122
6829 2149 3 0 22.0272944 22.041 -2.13122
6830 2149 4 0 22.7327056 22.041 0
6831 2149 4 0 24.2152944 23.698 0
6832 2149 3 0 24.9207056 23.698 -2.13122
6833 2149 3 0 22.0272944 25.355 -2.13122
6834 2149 4 0 22.7327056 25.355 0
6835 2149 4 0 24.2152944 27.012 0
6836 2149 3 0 24.9207056 27.012 -2.13122
6837 2149 3 0 22.0272944 28.669 -2.13122
6838 2149 4 0 22.7327056 28.669 0
6839 2149 4 0 24.2152944 30.326 0
6840 2149 3 0 24.9207056 30.326 -2.13122
6841 2149 3 0 22.0272944 31.983 -2.13122
6842 2149 4 0 22.7327056 31.983 0
6843 2149 4 0 24.2152944 33.64 0
6844 2149 3 0 24.9207056 33.64 -2.13122
6845 2149 3 0 22.0272944 35.297 -2.13122
6846 2149 4 0 22.7327056 35.297 0
6847 2149 4 0 24.2152944 36.954 0
6848 2149 3 0 24.9207056 36.954 -2.13122
6849 2149 3 0 22.0272944 38.611 -2.13122
6850 2149 4 0 22.7327056 38.611 0
6851 2149 4 0 24.2152944 40.268 0
6852 2149 3 0 24.9207056 40.268 -2.13122
6853 2149 3 0 22.0272944 41.925 -2.13122
6854 2149 4 0 22.7327056 41.925 0
6855 2149 4 0 24.2152944 43.582 0
6856 2149 3 0 24.9207056 43.582 -2.13122
6857 2149 3 0 22.0272944 45.239 -2.13122
6858 2149 4 0 22.7327056 45.239 0
6859 2149 4 0 24.2152944 46.896 0
6860 2149 3 0 24.9207056 46.896 -2.13122
6861 2149 3 0 22.0272944 48.553 -2.13122
6862 2149 4 0 22.7327056 48.553 0
6863 2149 4 0 24.2152944 50.21 0
6864 2149 3 0 24.9207056 50.21 -2.13122
6865 2149 3 0 22.0272944 51.867 -2.13122
6866 2149 4 0 22.7327056 51.867 0
6867 2149 4 0 24.2152944 53.524 0
6868 2149 3 0 24.9207056 53.524 -2.13122
6869 2149 3 0 22.0272944 55.181 -2.13122
6870 2149 4 0 22.7327056 55.181 0
6871 2149 4 0 24.2152944 56.838 0
6872 2149 3 0 24.9207056 56.838 -2.13122
6873 2149 3 0 22.0272944 58.495 -2.13122
6874 2149 4 0 22.7327056 58.495 0
6875 2149 4 0 24.2152944 60.152 0
6876 2149 3 0 24.9207056 60.152 -2.13122
6877 2149 3 0 26.4032944 2.157 -2.13122
6878 2149 4 0 27.1087056 2.157 0
6879 2149 4 0 28.5912944 3.814 0
6880 2149 3 0 29.2967056 3.814 -2.13122
6881 2149 3 0 26.4032944 5.471 -2.13122
6882 2149 4 0 27.1087056 5.471 0
6883 2149 4 0 28.5912944 7.128 0
6884 2149 3 0 29.2967056 7.128 -2.13122
6885 2149 3 0 26.4032944 8.785 -2.13122
6886 2149 4 0 27.1087056 8.785 0
6887 2149 4 0 28.5912944 10.442 0
6888 2149 3 0 29.2967056 10.442 -2.13122
6889 2149 3 0 26.4032944 12.099 -2.13122
6890 2149 4 0 27.1087056 12.099 0
6891 2149 4 0 28.5912944 13.756 0
6892 2149 3 0 29.2967056 13.756 -2.13122
6893 2149 3 0 26.4032944 15.413 -2.13122
6894 2149 4 0 27.1087056 15.413 0
6895 2149 4 0 28.5912944 17.07 0
6896 2149 3 0 29.2967056 17.07 -2.13122
6897 2149 3 0 26.4032944 18.727 -2.13122
6898 2149 4 0 27.1087056 18.727 0
6899 2149 4 0 28.5912944 20.384 0
6900 2149 3 0 29.2967056 20.384 -2.13122
6901 2149 3 0 26.4032944 22.041 -2.13122
6902 2149 4 0 27.1087056 22.041 0
6903 2149 4 0 28.5912944 23.698 0
6904 2149 3 0 29.2967056 23.698 -2.13122
6905 2149 3 0 26.4032944 25.355 -2.13122
6906 2149 4 0 27.1087056 25.355 0
6907 2149 4 0 28.5912944 27.012 0
6908 2149 3 0 29.2967056 27.012 -2.13122
6909 2149 3 0 26.4032944 28.669 -2.13122
6910 2149 4 0 27.1087056 28.669 0
6911 2149 4 0 28.5912944 30.326 0
6912 2149 3 0 29.2967056 30.326 -2.13122
6913 2149 3 0 26.4032944 31.983 -2.13122
6914 2149 4 0 27.1087056 31.983 0
6915 2149 4 0 28.5912944 33.64 0
6916 2149 3 0 29.2967056 33.64 -2.13122
6917 2149 3 0 26.4032944 35.297 -2.13122
6918 2149 4 0 27.1087056 35.297 0
6919 2149 4 0 28.5912944 36.954 0
6920 2149 3 0 29.2967056 36.954 -2.13122
6921 2149 3 0 26.4032944 38.611 -2.13122
6922 2149 4 0 27.1087056 38.611 0
6923 2149 4 0 28.5912944 40.268 0
6924 2149 3 0 29.2967056 40.268 -2.13122
6925 2149 3 0 26.4032944 41.925 -2.13122
6926 2149 4 0 27.1087056 41.925 0
6927 2149 4 0 28.5912944 43.582 0
6928 2149 3 0 29.2967056 43.582 -2.13122
6929 2149 3 0 26.4032944 45.239 -2.13122
6930 2149 4 0 27.1087056 45.239 0
6931 2149 4 0 28.5912944 46.896 0
6932 2149 3 0 29.2967056 46.896 -2.13122
6933 2149 3 0 26.4032944 48.553 -2.13122
6934 2149 4 0 27.1087056 48.553 0
6935 2149 4 0 28.5912944 50.21 0
6936 2149 3 0 29.2967056 50.21 -2.13122
6937 2149 3 0 26.4032944 51.867 -2.13122
6938 2149 4 0 27.1087056 51.867 0
6939 2149 4 0 28.5912944 53.524 0
6940 2149 3 0 29.2967056 53.524 -2.13122
6941 2149 3 0 26.4032944 55.181 -2.13122
6942 2149 4 0 27.1087056 55.181 0
6943 2149 4 0 28.5912944 56.838 0
6944 2149 3 0 29.2967056 56.838 -2.13122
6945 2149 3 0 26.4032944 58.495 -2.13122
6946 2149 4 0 27.1087056 58.495 0
6947 2149 4 0 28.5912944 60.152 0
6948 2149 3 0 29.2967056 60.152 -2.13122
6949 2149 3 0 30.7792944 2.157 -2.13122
6950 2149 4 0 31.4847056 2.157 0
6951 2149 4 0 32.9672944 3.814 0
6952 2149 3 0 33.6727056 3.814 -2.13122
6953 2149 3 0 30.7792944 5.471 -2.13122
6954 2149 4 0 31.4847056 5.471 0
6955 2149 4 0 32.9672944 7.128 0
6956 2149 3 0 33.6727056 7.128 -2.13122
6957 2149 3 0 30.7792944 8.785 -2.13122
6958 2149 4 0 31.4847056 8.785 0
6959 2149 4 0 32.9672944 10.442 0
6960 2149 3 0 33.6727056 10.442 -2.13122
6961 2149 3 0 30.7792944 12.099 -2.13122
6962 2149 4 0 31.4847056 12.099 0
6963 2149 4 0 32.9672944 13.756 0
6964 2149 3 0 33.6727056 13.756 -2.13122
6965 2149 3 0 30.7792944 15.413 -2.13122
6966 2149 4 0 31.4847056 15.413 0
6967 2149 4 0 32.9672944 17.07 0
6968 2149 3 0 33.6727056 17.07 -2.13122
6969 2149 3 0 30.7792944 18.727 -2.13122
6970 2149 4 0 31.4847056 18.727 0
6971 2149 4 0 32.9672944 20.384 0
6972 2149 3 0 33.6727056 20.384 -2.13122
6973 2149 3 0 30.7792944 22.041 -2.13122
6974 2149 4 0 31.4847056 22.041 0
6975 2149 4 0 32.9672944 23.698 0
6976 2149 3 0 33.6727056 23.698 -2.13122
6977 2149 3 0 30.7792944 25.355 -2.13122
6978 2149 4 0 31.4847056 25.355 0
6979 2149 4 0 32.9672944 27.012 0
6980 2149 3 0 33.6727056 27.012 -2.13122
6981 2149 3 0 30.7792944 28.669 -2.13122
6982 2149 4 0 31.4847056 28.669 0
6983 2149 4 0 32.9672944 30.326 0
6984 2149 3 0 33.6727056 30.326 -2.13122
6985 2149 3 0 30.7792944 31.983 -2.13122
6986 2149 4 0 31.4847056 31.983 0
6987 2149 4 0 32.9672944 33.64 0
6988 2149 3 0 33.6727056 33.64 -2.13122
6989 2149 3 0 30.7792944 35.297 -2.13122
6990 2149 4 0 31.4847056 35.297 0
6991 2149 4 0 32.9672944 36.954 0
6992 2149 3 0 33.6727056 36.954 -2.13122
6993 2149 3 0 30.7792944 38.611 -2.13122
6994 2149 4 0 31.4847056 38.611 0
6995 2149 4 0 32.9672944 40.268 0
6996 2149 3 0 33.6727056 40.268 -2.13122
6997 2149 3 0 30.7792944 41.925 -2.13122
6998 2149 4 0 31.4847056 41.925 0
6999 2149 4 0 32.9672944 43.582 0
7000 2149 3 0 33.6727056 43.582 -2.13122
7001 2149 3 0 30.7792944 45.239 -2.13122
7002 2149 4 0 31.4847056 45.239 0
7003 2149 4 0 32.9672944 46.896 0
7004 2149 3 0 33.6727056 46.896 -2.13122
7005 2149 3 0 30.7792944 48.553 -2.13122
7006 2149 4 0 31.4847056 48.553 0
7007 2149 4 0 32.9672944 50.21 0
7008 2149 3 0 33.6727056 50.21 -2.13122
7009 2149 3 0 30.7792944 51.867 -2.13122
7010 2149 4 0 31.4847056 51.867 0
7011 2149 4 0 32.9672944 53.524 0
7012 2149 3 0 33.6727056 53.524 -2.13122
7013 2149 3 0 30.7792944 55.181 -2.13122
7014 2149 4 0 31.4847056 55.181 0
7015 2149 4 0 32.9672944 56.838 0
7016 2149 3 0 33.6727056 56.838 -2.13122
7017 2149 3 0 30.7792944 58.495 -2.13122
7018 2149 4 0 31.4847056 58.495 0
7019 2149 4 0 32.9672944 60.152 0
7020 2149 3 0 33.6727056 60.152 -2.13122
7021 2149 3 0 35.1552944 2.157 -2.13122
7022 2149 4 0 35.8607056 2.157 0
7023 2149 4 0 37.3432944 3.814 0
7024 2149 3 0 38.0487056 3.814 -2.13122
7025 2149 3 0 35.1552944 5.471 -2.13122
7026 2149 4 0 35.8607056 5.471 0
7027 2149 4 0 37.3432944 7.128 0
7028 2149 3 0 38.0487056 7.128 -2.13122
7029 2149 3 0 35.1552944 8.785 -2.13122
7030 2149 4 0 35.8607056 8.785 0
7031 2149 4 0 37.3432944 10.442 0
7032 2149 3 0 38.0487056 10.442 -2.13122
7033 2149 3 0 35.1552944 12.099 -2.13122
7034 2149 4 0 35.8607056 12.099 0
7035 2149 4 0 37.3432944 13.756 0
7036 2149 3 0 38.0487056 13.756 -2.13122
7037 2149 3 0 35.1552944 15.413 -2.13122
7038 2149 4 0 35.8607056 15.413 0
7039 2149 4 0 37.3432944 17.07 0
7040 2149 3 0 38.0487056 17.07 -2.13122
7041 2149 3 0 35.1552944 18.727 -2.13122
7042 2149 4 0 35.8607056 18.727 0
7043 2149 4 0 37.3432944 20.384 0
7044 2149 3 0 38.0487056 20.384 -2.13122
7045 2149 3 0 35.1552944 22.041 -2.13122
7046 2149 4 0 35.8607056 22.041 0
7047 2149 4 0 37.3432944 23.698 0
7048 2149 3 0 38.0487056 23.698 -2.13122
7049 2149 3 0 35.1552944 25.355 -2.13122
7050 2149 4 0 35.8607056 25.355 0
7051 2149 4 0 37.3432944 27.012 0
7052 2149 3 0 38.0487056 27.012 -2.13122
7053 2149 3 0 35.1552944 28.669 -2.13122
7054 2149 4 0 35.8607056 28.669 0
7055 2149 4 0 37.3432944 30.326 0
7056 2149 3 0 38.0487056 30.326 -2.13122
7057 2149 3 0 35.1552944 31.983 -2.13122
7058 2149 4 0 35.8607056 31.983 0
7059 2149 4 0 37.3432944 33.64 0
7060 2149 3 0 38.0487056 33.64 -2.13122
7061 2149 3 0 35.1552944 35.297 -2.13122
7062 2149 4 0 35.8607056 35.297 0
7063 2149 4 0 37.3432944 36.954 0
7064 2149 3 0 38.0487056 36.954 -2.13122
7065 2149 3 0 35.1552944 38.611 -2.13122
7066 2149 4 0 35.8607056 38.611 0
7067 2149 4 0 37.3432944 40.268 0
7068 2149 3 0 38.0487056 40.268 -2.13122
7069 2149 3 0 35.1552944 41.925 -2.13122
7070 2149 4 0 35.8607056 41.925 0
7071 2149 4 0 37.3432944 43.582 0
7072 2149 3 0 38.0487056 43.582 -2.13122
7073 2149 3 0 35.1552944 45.239 -2.13122
7074 2149 4 0 35.8607056 45.239 0
7075 2149 4 0 37.3432944 46.896 0
7076 2149 3 0 38.0487056 46.896 -2.13122
7077 2149 3 0 35.1552944 48.553 -2.13122
7078 2149 4 0 35.8607056 48.553 0
7079 2149 4 0 37.3432944 50.21 0
7080 2149 3 0 38.0487056 50.21 -2.13122
7081 2149 3 0 35.1552944 51.867 -2.13122
7082 2149 4 0 35.8607056 51.867 0
7083 2149 4 0 37.3432944 53.524 0
7084 2149 3 0 38.0487056 53.524 -2.13122
7085 2149 3 0 35.1552944 55.181 -2.13122
7086 2149 4 0 35.8607056 55.181 0
7087 2149 4 0 37.3432944 56.838 0
7088 2149 3 0 38.0487056 56.838 -2.13122
7089 2149 3 0 35.1552944 58.495 -2.13122
7090 2149 4 0 35.8607056 58.495 0
7091 2149 4 0 37.3432944 60.152 0
7092 2149 3 0 38.0487056 60.152 -2.13122
7093 2149 3 0 39.5312944 2.157 -2.13122
7094 2149 4 0 40.2367056 2.157 0
7095 2149 4 0 41.7192944 3.814 0
7096 2149 3 0 42.4247056 3.814 -2.13122
7097 2149 3 0 39.5312944 5.471 -2.13122
7098 2149 4 0 40.2367056 5.471 0
7099 2149 4 0 41.7192944 7.128 0
7100 2149 3 0 42.4247056 7.128 -2.13122
7101 2149 3 0 39.5312944 8.785 -2.13122
7102 2149 4 0 40.2367056 8.785 0
7103 2149 4 0 41.7192944 10.442 0
7104 2149 3 0 42.4247056 10.442 -2.13122
7105 2149 3 0 39.5312944 12.099 -2.13122
7106 2149 4 0 40.2367056 12.099 0
7107 2149 4 0 41.7192944 13.756 0
7108 2149 3 0 42.4247056 13.756 -2.13122
7109 2149 3 0 39.5312944 15.413 -2.13122
7110 2149 4 0 40.2367056 15.413 0
7111 2149 4 0 41.7192944 17.07 0
7112 2149 3 0 42.4247056 17.07 -2.13122
7113 2149 3 0 39.5312944 18.727 -2.13122
7114 2149 4 0 40.2367056 18.727 0
7115 2149 4 0 41.7192944 20.384 0
7116 2149 3 0 42.4247056 20.384 -2.13122
7117 2149 3 0 39.5312944 22.041 -2.13122
7118 2149 4 0 40.2367056 22.041 0
7119 2149 4 0 41.7192944 23.698 0
7120 2149 3 0 42.4247056 23.698 -2.13122
7121 2149 3 0 39.5312944 25.355 -2.13122
7122 2149 4 0 40.2367056 25.355 0
7123 2149 4 0 41.7192944 27.012 0
7124 2149 3 0 42.4247056 27.012 -2.13122
7125 2149 3 0 39.5312944 28.669 -2.13122
7126 2149 4 0 40.2367056 28.669 0
7127 2149 4 0 41.7192944 30.326 0
7128 2149 3 0 42.4247056 30.326 -2.13122
7129 2149 3 0 39.5312944 31.983 -2.13122
7130 2149 4 0 40.2367056 31.983 0
7131 2149 4 0 41.7192944 33.64 0
7132 2149 3 0 42.4247056 33.64 -2.13122
7133 2149 3 0 39.5312944 35.297 -2.13122
7134 2149 4 0 40.2367056 35.297 0
7135 2149 4 0 41.7192944 36.954 0
7136 2149 3 0 42.4247056 36.954 -2.13122
7137 2149 3 0 39.5312944 38.611 -2.13122
7138 2149 4 0 40.2367056 38.611 0
7139 2149 4 0 41.7192944 40.268 0
7140 2149 3 0 42.4247056 40.268 -2.13122
7141 2149 3 0 39.5312944 41.925 -2.13122
7142 2149 4 0 40.2367056 41.925 0
7143 2149 4 0 41.7192944 43.582 0
7144 2149 3 0 42.4247056 43.582 -2.13122
7145 2149 3 0 39.5312944 45.239 -2.13122
7146 2149 4 0 40.2367056 45.239 0
7147 2149 4 0 41.7192944 46.896 0
7148 2149 3 0 42.4247056 46.896 -2.13122
7149 2149 3 0 39.5312944 48.553 -2.13122
7150 2149 4 0 40.2367056 48.553 0
7151 2149 4 0 41.7192944 50.21 0
7152 2149 3 0 42.4247056 50.21 -2.13122
7153 2149 3 0 39.5312944 51.867 -2.13122
7154 2149 4 0 40.2367056 51.867 0
7155 2149 4 0 41.7192944 53.524 0
7156 2149 3 0 42.4247056 53.524 -2.13122
7157 2149 3 0 39.5312944 55.181 -2.13122
7158 2149 4 0 40.2367056 55.181 0
7159 2149 4 0 41.7192944 56.838 0
7160 2149 3 0 42.4247056 56.838 -2.13122
7161 2149 3 0 39.5312944 58.495 -2.13122
7162 2149 4 0 40.2367056 58.495 0
7163 2149 4 0 41.7192944 60.152 0
7164 2149 3 0 42.4247056 60.152 -2.13122
7165 2149 3 0 43.9072944 2.157 -2.13122
7166 2149 4 0 44.6127056 2.157 0
7167 2149 4 0 46.0952944 3.814 0
7168 2149 3 0 46.8007056 3.814 -2.13122
7169 2149 3 0 43.9072944 5.471 -2.13122
7170 2149 4 0 44.6127056 5.471 0
7171 2149 4 0 46.0952944 7.128 0
7172 2149 3 0 46.8007056 7.128 -2.13122
7173 2149 3 0 43.9072944 8.785 -2.13122
7174 2149 4 0 44.6127056 8.785 0
7175 2149 4 0 46.0952944 10.442 0
7176 2149 3 0 46.8007056 10.442 -2.13122
7177 2149 3 0 43.9072944 12.099 -2.13122
7178 2149 4 0 44.6127056 12.099 0
7179 2149 4 0 46.0952944 13.756 0
7180 2149 3 0 46.8007056 13.756 -2.13122
7181 2149 3 0 43.9072944 15.413 -2.13122
7182 2149 4 0 44.6127056 15.413 0
7183 2149 4 0 46.0952944 17.07 0
7184 2149 3 0 46.8007056 17.07 -2.13122
7185 2149 3 0 43.9072944 18.727 -2.13122
7186 2149 4 0 44.6127056 18.727 0
7187 2149 4 0 46.0952944 20.384 0
7188 2149 3 0 46.8007056 20.384 -2.13122
7189 2149 3 0 43.9072944 22.041 -2.13122
7190 2149 4 0 44.6127056 22.041 0
7191 2149 4 0 46.0952944 23.698 0
7192 2149 3 0 46.8007056 23.698 -2.13122
7193 2149 3 0 43.9072944 25.355 -2.13122
7194 2149 4 0 44.6127056 25.355 0
7195 2149 4 0 46.0952944 27.012 0
7196 2149 3 0 46.8007056 27.012 -2.13122
7197 2149 3 0 43.9072944 28.669 -2.13122
7198 2149 4 0 44.6127056 28.669 0
7199 2149 4 0 46.0952944 30.326 0
7200 2149 3 0 46.8007056 30.326 -2.13122
7201 2149 3 0 43.9072944 31.983 -2.13122
7202 2149 4 0 44.6127056 31.983 0
7203 2149 4 0 46.0952944 33.64 0
7204 2149 3 0 46.8007056 33.64 -2.13122
7205 2149 3 0 43.9072944 35.297 -2.13122
7206 2149 4 0 44.6127056 35.297 0
7207 2149 4 0 46.0952944 36.954 0
7208 2149 3 0 46.8007056 36.954 -2.13122
7209 2149 3 0 43.9072944 38.611 -2.13122
7210 2149 4 0 44.6127056 38.611 0
7211 2149 4 0 46.0952944 40.268 0
7212 2149 3 0 46.8007056 40.268 -2.13122
7213 2149 3 0 43.9072944 41.925 -2.13122
7214 2149 4 0 44.6127056 41.925 0
7215 2149 4 0 46.0952944 43.582 0
7216 2149 3 0 46.8007056 43.582 -2.13122
7217 2149 3 0 43.9072944 45.239 -2.13122
7218 2149 4 0 44.6127056 45.239 0
7219 2149 4 0 46.0952944 46.896 0
7220 2149 3 0 46.8007056 46.896 -2.13122
7221 2149 3 0 43.9072944 48.553 -2.13122
7222 2149 4 0 44.6127056 48.553 0
7223 2149 4 0 46.0952944 50.21 0
7224 2149 3 0 46.8007056 50.21 -2.13122
7225 2149 3 0 43.9072944 51.867 -2.13122
7226 2149 4 0 44.6127056 51.867 0
7227 2149 4 0 46.0952944 53.524 0
7228 2149 3 0 46.8007056 53.524 -2.13122
7229 2149 3 0 43.9072944 55.181 -2.13122
7230 2149 4 0 44.6127056 55.181 0
7231 2149 4 0 46.0952944 56.838 0
7232 2149 3 0 46.8007056 56.838 -2.13122
7233 2149 3 0 43.9072944 58.495 -2.13122
7234 2149 4 0 44.6127056 58.495 0
7235 2149 4 0 46.0952944 60.152 0
7236 2149 3 0 46.8007056 60.152 -2.13122
7237 2149 3 0 48.2832944 2.157 -2.13122
7238 2149 4 0 48.9887056 2.157 0
7239 2149 4 0 50.4712944 3.814 0
7240 2149 3 0 51.1767056 3.814 -2.13122
7241 2149 3 0 48.2832944 5.471 -2.13122
7242 2149 4 0 48.9887056 5.471 0
7243 2149 4 0 50.4712944 7.128 0
7244 2149 3 0 51.1767056 7.128 -2.13122
7245 2149 3 0 48.2832944 8.785 -2.13122
7246 2149 4 0 48.9887056 8.785 0
7247 2149 4 0 50.4712944 10.442 0
7248 2149 3 0 51.1767056 10.442 -2.13122
7249 2149 3 0 48.2832944 12.099 -2.13122
7250 2149 4 0 48.9887056 12.099 0
7251 2149 4 0 50.4712944 13.756 0
7252 2149 3 0 51.1767056 13.756 -2.13122
7253 2149 3 0 48.2832944 15.413 -2.13122
7254 2149 4 0 48.9887056 15.413 0
7255 2149 4 0 50.4712944 17.07 0
7256 2149 3 0 51.1767056 17.07 -2.13122
7257 2149 3 0 48.2832944 18.727 -2.13122
7258 2149 4 0 48.9887056 18.727 0
7259 2149 4 0 50.4712944 20.384 0
7260 2149 3 0 51.1767056 20.384 -2.13122
7261 2149 3 0 48.2832944 22.041 -2.13122
7262 2149 4 0 48.9887056 22.041 0
7263 2149 4 0 50.4712944 23.698 0
7264 2149 3 0 51.1767056 23.698 -2.13122
7265 2149 3 0 48.2832944 25.355 -2.13122
7266 2149 4 0 48.9887056 25.355 0
7267 2149 4 0 50.4712944 27.012 0
7268 2149 3 0 51.1767056 27.012 -2.13122
7269 2149 3 0 48.2832944 28.669 -2.13122
7270 2149 4 0 48.9887056 28.669 0
7271 2149 4 0 50.4712944 30.326 0
7272 2149 3 0 51.1767056 30.326 -2.13122
7273 2149 3 0 48.2832944 31.983 -2.13122
7274 2149 4 0 48.9887056 31.983 0
7275 2149 4 0 50.4712944 33.64 0
7276 2149 3 0 51.1767056 33.64 -2.13122
7277 2149 3 0 48.2832944 35.297 -2.13122
7278 2149 4 0 48.9887056 35.297 0
7279 2149 4 0 50.4712944 36.954 0
7280 2149 3 0 51.1767056 36.954 -2.13122
7281 2149 3 0 48.2832944 38.611 -2.13122
7282 2149 4 0 48.9887056 38.611 0
7283 2149 4 0 50.4712944 40.268 0
7284 2149 3 0 51.1767056 40.268 -2.13122
7285 2149 3 0 48.2832944 41.925 -2.13122
7286 2149 4 0 48.9887056 41.925 0
7287 2149 4 0 50.4712944 43.582 0
7288 2149 3 0 51.1767056 43.582 -2.13122
7289 2149 3 0 48.2832944 45.239 -2.13122
7290 2149 4 0 48.9887056 45.239 0
7291 2149 4 0 50.4712944 46.896 0
7292 2149 3 0 51.1767056 46.896 -2.13122
7293 2149 3 0 48.2832944 48.553 -2.13122
7294 2149 4 0 48.9887056 48.553 0
7295 2149 4 0 50.4712944 50.21 0
7296 2149 3 0 51.1767056 50.21 -2.13122
7297 2149 3 0 48.2832944 51.867 -2.13122
7298 2149 4 0 48.9887056 51.867 0
7299 2149 4 0 50.4712944 53.524 0
7300 2149 3 0 51.1767056 53.524 -2.13122
7301 2149 3 0 48.2832944 55.181 -2.13122
7302 2149 4 0 48.9887056 55.181 0
7303 2149 4 0 50.4712944 56.838 0
7304 2149 3 0 51.1767056 56.838 -2.13122
7305 2149 3 0 48.2832944 58.495 -2.13122
7306 2149 4 0 48.9887056 58.495 0
7307 2149 4 0 50.4712944 60.152 0
7308 2149 3 0 51.1767056 60.152 -2.13122
7309 2149 3 0 52.6592944 2.157 -2.13122
7310 2149 4 0 53.3647056 2.157 0
7311 2149 4 0 54.8472944 3.814 0
7312 2149 3 0 55.5527056 3.814 -2.13122
7313 2149 3 0 52.6592944 5.471 -2.13122
7314 2149 4 0 53.3647056 5.471 0
7315 2149 4 0 54.8472944 7.128 0
7316 2149 3 0 55.5527056 7.128 -2.13122
7317 2149 3 0 52.6592944 8.785 -2.13122
7318 2149 4 0 53.3647056 8.785 0
7319 2149 4 0 54.8472944 10.442 0
7320 2149 3 0 55.5527056 10.442 -2.13122
7321 2149 3 0 52.6592944 12.099 -2.13122
7322 2149 4 0 53.3647056 12.099 0
7323 2149 4 0 54.8472944 13.756 0
7324 2149 3 0 55.5527056 13.756 -2.13122
7325 2149 3 0 52.6592944 15.413 -2.13122
7326 2149 4 0 53.3647056 15.413 0
7327 2149 4 0 54.8472944 17.07 0
7328 2149 3 0 55.5527056 17.07 -2.13122
7329 2149 3 0 52.6592944 18.727 -2.13122
7330 2149 4 0 53.3647056 18.727 0
7331 2149 4 0 54.8472944 20.384 0
7332 2149 3 0 55.5527056 20.384 -2.13122
7333 2149 3 0 52.6592944 22.041 -2.13122
7334 2149 4 0 53.3647056 22.041 0
7335 2149 4 0 54.8472944 23.698 0
7336 2149 3 0 55.5527056 23.698 -2.13122
7337 2149 3 0 52.6592944 25.355 -2.13122
7338 2149 4 0 53.3647056 25.355 0
7339 2149 4 0 54.8472944 27.012 0
7340 2149 3 0 55.5527056 27.012 -2.13122
7341 2149 3 0 52.6592944 28.669 -2.13122
7342 2149 4 0 53.3647056 28.669 0
7343 2149 4 0 54.8472944 30.326 0
7344 2149 3 0 55.5527056 30.326 -2.13122
7345 2149 3 0 52.6592944 31.983 -2.13122
7346 2149 4 0 53.3647056 31.983 0
7347 2149 4 0 54.8472944 33.64 0
7348 2149 3 0 55.5527056 33.64 -2.13122
7349 2149 3 0 52.6592944 35.297 -2.13122
7350 2149 4 0 53.3647056 35.297 0
7351 2149 4 0 54.8472944 36.954 0
7352 2149 3 0 55.5527056 36.954 -2.13122
7353 2149 3 0 52.6592944 38.611 -2.13122
7354 2149 4 0 53.3647056 38.611 0
7355 2149 4 0 54.8472944 40.268 0
7356 2149 3 0 55.5527056 40.268 -2.13122
7357 2149 3 0 52.6592944 41.925 -2.13122
7358 2149 4 0 53.3647056 41.925 0
7359 2149 4 0 54.8472944 43.582 0
7360 2149 3 0 55.5527056 43.582 -2.13122
7361 2149 3 0 52.6592944 45.239 -2.13122
7362 2149 4 0 53.3647056 45.239 0
7363 2149 4 0 54.8472944 46.896 0
7364 2149 3 0 55.5527056 46.896 -2.13122
7365 2149 3 0 52.6592944 48.553 -2.13122
7366 2149 4 0 53.3647056 48.553 0
7367 2149 4 0 54.8472944 50.21 0
7368 2149 3 0 55.5527056 50.21 -2.13122
7369 2149 3 0 52.6592944 51.867 -2.13122
7370 2149 4 0 53.3647056 51.867 0
7371 2149 4 0 54.8472944 53.524 0
7372 2149 3 0 55.5527056 53.524 -2.13122
7373 2149 3 0 52.6592944 55.181 -2.13122
7374 2149 4 0 53.3647056 55.181 0
7375 2149 4 0 54.8472944 56.838 0
7376 2149 3 0 55.5527056 56.838 -2.13122
7377 2149 3 0 52.6592944 58.495 -2.13122
7378 2149 4 0 53.3647056 58.495 0
7379 2149 4 0 54.8472944 60.152 0
7380 2149 3 0 55.5527056 60.152 -2.13122
