7381	2150	3	0	0.1472944	2.157	20
7382	2150	4	0	0.8527056	2.157	22.13122
7383	2150	4	0	2.3352944	3.814	22.13122
7384	2150	3	0	3.0407056	3.814	20
7385	2150	3	0	0.1472944	5.471	20
7386	2150	4	0	0.8527056	5.471	22.13122
7387	2150	4	0	2.3352944	7.128	22.13122
7388	2150	3	0	3.0407056	7.128	20
7389	2150	3	0	0.1472944	8.785	20
7390	2150	4	0	0.8527056	8.785	22.13122
7391	2150	4	0	2.3352944	10.442	22.13122
7392	2150	3	0	3.0407056	10.442	20
7393	2150	3	0	0.1472944	12.099	20
7394	2150	4	0	0.8527056	12.099	22.13122
7395	2150	4	0	2.3352944	13.756	22.13122
7396	2150	3	0	3.0407056	13.756	20
7397	2150	3	0	0.1472944	15.413	20
7398	2150	4	0	0.8527056	15.413	22.13122
7399	2150	4	0	2.3352944	17.07	22.13122
7400	2150	3	0	3.0407056	17.07	20
7401	2150	3	0	0.1472944	18.727	20
7402	2150	4	0	0.8527056	18.727	22.13122
7403	2150	4	0	2.3352944	20.384	22.13122
7404	2150	3	0	3.0407056	20.384	20
7405	2150	3	0	0.1472944	22.041	20
7406	2150	4	0	0.8527056	22.041	22.13122
7407	2150	4	0	2.3352944	23.698	22.13122
7408	2150	3	0	3.0407056	23.698	20
7409	2150	3	0	0.1472944	25.355	20
7410	2150	4	0	0.8527056	25.355	22.13122
7411	2150	4	0	2.3352944	27.012	22.13122
7412	2150	3	0	3.0407056	27.012	20
7413	2150	3	0	0.1472944	28.669	20
7414	2150	4	0	0.8527056	28.669	22.13122
7415	2150	4	0	2.3352944	30.326	22.13122
7416	2150	3	0	3.0407056	30.326	20
7417	2150	3	0	0.1472944	31.983	20
7418	2150	4	0	0.8527056	31.983	22.13122
7419	2150	4	0	2.3352944	33.64	22.13122
7420	2150	3	0	3.0407056	33.64	20
7421	2150	3	0	0.1472944	35.297	20
7422	2150	4	0	0.8527056	35.297	22.13122
7423	2150	4	0	2.3352944	36.954	22.13122
7424	2150	3	0	3.0407056	36.954	20
7425	2150	3	0	0.1472944	38.611	20
7426	2150	4	0	0.8527056	38.611	22.13122
7427	2150	4	0	2.3352944	40.268	22.13122
7428	2150	3	0	3.0407056	40.268	20
7429	2150	3	0	0.1472944	41.925	20
7430	2150	4	0	0.8527056	41.925	22.13122
7431	2150	4	0	2.3352944	43.582	22.13122
7432	2150	3	0	3.0407056	43.582	20
7433	2150	3	0	0.1472944	45.239	20
7434	2150	4	0	0.8527056	45.239	22.13122
7435	2150	4	0	2.3352944	46.896	22.13122
7436	2150	3	0	3.0407056	46.896	20
7437	2150	3	0	0.1472944	48.553	20
7438	2150	4	0	0.8527056	48.553	22.13122
7439	2150	4	0	2.3352944	50.21	22.13122
7440	2150	3	0	3.0407056	50.21	20
7441	2150	3	0	0.1472944	51.867	20
7442	2150	4	0	0.8527056	51.867	22.13122
7443	2150	4	0	2.3352944	53.524	22.13122
7444	2150	3	0	3.0407056	53.524	20
7445	2150	3	0	0.1472944	55.181	20
7446	2150	4	0	0.8527056	55.181	22.13122
7447	2150	4	0	2.3352944	56.838	22.13122
7448	2150	3	0	3.0407056	56.838	20
7449	2150	3	0	0.1472944	58.495	20
7450	2150	4	0	0.8527056	58.495	22.13122
7451	2150	4	0	2.3352944	60.152	22.13122
7452	2150	3	0	3.0407056	60.152	20
7453	2150	3	0	4.5232944	2.157	20
7454	2150	4	0	5.2287056	2.157	22.13122
7455	2150	4	0	6.7112944	3.814	22.13122
7456	2150	3	0	7.4167056	3.814	20
7457	2150	3	0	4.5232944	5.471	20
7458	2150	4	0	5.2287056	5.471	22.13122
7459	2150	4	0	6.7112944	7.128	22.13122
7460	2150	3	0	7.4167056	7.128	20
7461	2150	3	0	4.5232944	8.785	20
7462	2150	4	0	5.2287056	8.785	22.13122
7463	2150	4	0	6.7112944	10.442	22.13122
7464	2150	3	0	7.4167056	10.442	20
7465	2150	3	0	4.5232944	12.099	20
7466	2150	4	0	5.2287056	12.099	22.13122
7467	2150	4	0	6.7112944	13.756	22.13122
7468	2150	3	0	7.4167056	13.756	20
7469	2150	3	0	4.5232944	15.413	20
7470	2150	4	0	5.2287056	15.413	22.13122
7471	2150	4	0	6.7112944	17.07	22.13122
7472	2150	3	0	7.4167056	17.07	20
7473	2150	3	0	4.5232944	18.727	20
7474	2150	4	0	5.2287056	18.727	22.13122
7475	2150	4	0	6.7112944	20.384	22.13122
7476	2150	3	0	7.4167056	20.384	20
7477	2150	3	0	4.5232944	22.041	20
7478	2150	4	0	5.2287056	22.041	22.13122
7479	2150	4	0	6.7112944	23.698	22.13122
7480	2150	3	0	7.4167056	23.698	20
7481	2150	3	0	4.5232944	25.355	20
7482	2150	4	0	5.2287056	25.355	22.13122
7483	2150	4	0	6.7112944	27.012	22.13122
7484	2150	3	0	7.4167056	27.012	20
7485	2150	3	0	4.5232944	28.669	20
7486	2150	4	0	5.2287056	28.669	22.13122
7487	2150	4	0	6.7112944	30.326	22.13122
7488	2150	3	0	7.4167056	30.326	20
7489	2150	3	0	4.5232944	31.983	20
7490	2150	4	0	5.2287056	31.983	22.13122
7491	2150	4	0	6.7112944	33.64	22.13122
7492	2150	3	0	7.4167056	33.64	20
7493	2150	3	0	4.5232944	35.297	20
7494	2150	4	0	5.2287056	35.297	22.13122
7495	2150	4	0	6.7112944	36.954	22.13122
7496	2150	3	0	7.4167056	36.954	20
7497	2150	3	0	4.5232944	38.611	20
7498	2150	4	0	5.2287056	38.611	22.13122
7499	2150	4	0	6.7112944	40.268	22.13122
7500	2150	3	0	7.4167056	40.268	20
7501	2150	3	0	4.5232944	41.925	20
7502	2150	4	0	5.2287056	41.925	22.13122
7503	2150	4	0	6.7112944	43.582	22.13122
7504	2150	3	0	7.4167056	43.582	20
7505	2150	3	0	4.5232944	45.239	20
7506	2150	4	0	5.2287056	45.239	22.13122
7507	2150	4	0	6.7112944	46.896	22.13122
7508	2150	3	0	7.4167056	46.896	20
7509	2150	3	0	4.5232944	48.553	20
7510	2150	4	0	5.2287056	48.553	22.13122
7511	2150	4	0	6.7112944	50.21	22.13122
7512	2150	3	0	7.4167056	50.21	20
7513	2150	3	0	4.5232944	51.867	20
7514	2150	4	0	5.2287056	51.867	22.13122
7515	2150	4	0	6.7112944	53.524	22.13122
7516	2150	3	0	7.4167056	53.524	20
7517	2150	3	0	4.5232944	55.181	20
7518	2150	4	0	5.2287056	55.181	22.13122
7519	2150	4	0	6.7112944	56.838	22.13122
7520	2150	3	0	7.4167056	56.838	20
7521	2150	3	0	4.5232944	58.495	20
7522	2150	4	0	5.2287056	58.495	22.13122
7523	2150	4	0	6.7112944	60.152	22.13122
7524	2150	3	0	7.4167056	60.152	20
7525	2150	3	0	8.8992944	2.157	20
7526	2150	4	0	9.6047056	2.157	22.13122
7527	2150	4	0	11.0872944	3.814	22.13122
7528	2150	3	0	11.7927056	3.814	20
7529	2150	3	0	8.8992944	5.471	20
7530	2150	4	0	9.6047056	5.471	22.13122
7531	2150	4	0	11.0872944	7.128	22.13122
7532	2150	3	0	11.7927056	7.128	20
7533	2150	3	0	8.8992944	8.785	20
7534	2150	4	0	9.6047056	8.785	22.13122
7535	2150	4	0	11.0872944	10.442	22.13122
7536	2150	3	0	11.7927056	10.442	20
7537	2150	3	0	8.8992944	12.099	20
7538	2150	4	0	9.6047056	12.099	22.13122
7539	2150	4	0	11.0872944	13.756	22.13122
7540	2150	3	0	11.7927056	13.756	20
7541	2150	3	0	8.8992944	15.413	20
7542	2150	4	0	9.6047056	15.413	22.13122
7543	2150	4	0	11.0872944	17.07	22.13122
7544	2150	3	0	11.7927056	17.07	20
7545	2150	3	0	8.8992944	18.727	20
7546	2150	4	0	9.6047056	18.727	22.13122
7547	2150	4	0	11.0872944	20.384	22.13122
7548	2150	3	0	11.7927056	20.384	20
7549	2150	3	0	8.8992944	22.041	20
7550	2150	4	0	9.6047056	22.041	22.13122
7551	2150	4	0	11.0872944	23.698	22.13122
7552	2150	3	0	11.7927056	23.698	20
7553	2150	3	0	8.8992944	25.355	20
7554	2150	4	0	9.6047056	25.355	22.13122
7555	2150	4	0	11.0872944	27.012	22.13122
7556	2150	3	0	11.7927056	27.012	20
7557	2150	3	0	8.8992944	28.669	20
7558	2150	4	0	9.6047056	28.669	22.13122
7559	2150	4	0	11.0872944	30.326	22.13122
7560	2150	3	0	11.7927056	30.326	20
7561	2150	3	0	8.8992944	31.983	20
7562	2150	4	0	9.6047056	31.983	22.13122
7563	2150	4	0	11.0872944	33.64	22.13122
7564	2150	3	0	11.7927056	33.64	20
7565	2150	3	0	8.8992944	35.297	20
7566	2150	4	0	9.6047056	35.297	22.13122
7567	2150	4	0	11.0872944	36.954	22.13122
7568	2150	3	0	11.7927056	36.954	20
7569	2150	3	0	8.8992944	38.611	20
7570	2150	4	0	9.6047056	38.611	22.13122
7571	2150	4	0	11.0872944	40.268	22.13122
7572	2150	3	0	11.7927056	40.268	20
7573	2150	3	0	8.8992944	41.925	20
7574	2150	4	0	9.6047056	41.925	22.13122
7575	2150	4	0	11.0872944	43.582	22.13122
7576	2150	3	0	11.7927056	43.582	20
7577	2150	3	0	8.8992944	45.239	20
7578	2150	4	0	9.6047056	45.239	22.13122
7579	2150	4	0	11.0872944	46.896	22.13122
7580	2150	3	0	11.7927056	46.896	20
7581	2150	3	0	8.8992944	48.553	20
7582	2150	4	0	9.6047056	48.553	22.13122
7583	2150	4	0	11.0872944	50.21	22.13122
7584	2150	3	0	11.7927056	50.21	20
7585	2150	3	0	8.8992944	51.867	20
7586	2150	4	0	9.6047056	51.867	22.13122
7587	2150	4	0	11.0872944	53.524	22.13122
7588	2150	3	0	11.7927056	53.524	20
7589	2150	3	0	8.8992944	55.181	20
7590	2150	4	0	9.6047056	55.181	22.13122
7591	2150	4	0	11.0872944	56.838	22.13122
7592	2150	3	0	11.7927056	56.838	20
7593	2150	3	0	8.8992944	58.495	20
7594	2150	4	0	9.6047056	58.495	22.13122
7595	2150	4	0	11.0872944	60.152	22.13122
7596	2150	3	0	11.7927056	60.152	20
7597	2150	3	0	13.2752944	2.157	20
7598	2150	4	0	13.9807056	2.157	22.13122
7599	2150	4	0	15.4632944	3.814	22.13122
7600	2150	3	0	16.1687056	3.814	20
7601	2150	3	0	13.2752944	5.471	20
7602	2150	4	0	13.9807056	5.471	22.13122
7603	2150	4	0	15.4632944	7.128	22.13122
7604	2150	3	0	16.1687056	7.128	20
7605	2150	3	0	13.2752944	8.785	20
7606	2150	4	0	13.9807056	8.785	22.13122
7607	2150	4	0	15.4632944	10.442	22.13122
7608	2150	3	0	16.1687056	10.442	20
7609	2150	3	0	13.2752944	12.099	20
7610	2150	4	0	13.9807056	12.099	22.13122
7611	2150	4	0	15.4632944	13.756	22.13122
7612	2150	3	0	16.1687056	13.756	20
7613	2150	3	0	13.2752944	15.413	20
7614	2150	4	0	13.9807056	15.413	22.13122
7615	2150	4	0	15.4632944	17.07	22.13122
7616	2150	3	0	16.1687056	17.07	20
7617	2150	3	0	13.2752944	18.727	20
7618	2150	4	0	13.9807056	18.727	22.13122
7619	2150	4	0	15.4632944	20.384	22.13122
7620	2150	3	0	16.1687056	20.384	20
7621	2150	3	0	13.2752944	22.041	20
7622	2150	4	0	13.9807056	22.041	22.13122
7623	2150	4	0	15.4632944	23.698	22.13122
7624	2150	3	0	16.1687056	23.698	20
7625	2150	3	0	13.2752944	25.355	20
7626	2150	4	0	13.9807056	25.355	22.13122
7627	2150	4	0	15.4632944	27.012	22.13122
7628	2150	3	0	16.1687056	27.012	20
7629	2150	3	0	13.2752944	28.669	20
7630	2150	4	0	13.9807056	28.669	22.13122
7631	2150	4	0	15.4632944	30.326	22.13122
7632	2150	3	0	16.1687056	30.326	20
7633	2150	3	0	13.2752944	31.983	20
7634	2150	4	0	13.9807056	31.983	22.13122
7635	2150	4	0	15.4632944	33.64	22.13122
7636	2150	3	0	16.1687056	33.64	20
7637	2150	3	0	13.2752944	35.297	20
7638	2150	4	0	13.9807056	35.297	22.13122
7639	2150	4	0	15.4632944	36.954	22.13122
7640	2150	3	0	16.1687056	36.954	20
7641	2150	3	0	13.2752944	38.611	20
7642	2150	4	0	13.9807056	38.611	22.13122
7643	2150	4	0	15.4632944	40.268	22.13122
7644	2150	3	0	16.1687056	40.268	20
7645	2150	3	0	13.2752944	41.925	20
7646	2150	4	0	13.9807056	41.925	22.13122
7647	2150	4	0	15.4632944	43.582	22.13122
7648	2150	3	0	16.1687056	43.582	20
7649	2150	3	0	13.2752944	45.239	20
7650	2150	4	0	13.9807056	45.239	22.13122
7651	2150	4	0	15.4632944	46.896	22.13122
7652	2150	3	0	16.1687056	46.896	20
7653	2150	3	0	13.2752944	48.553	20
7654	2150	4	0	13.9807056	48.553	22.13122
7655	2150	4	0	15.4632944	50.21	22.13122
7656	2150	3	0	16.1687056	50.21	20
7657	2150	3	0	13.2752944	51.867	20
7658	2150	4	0	13.9807056	51.867	22.13122
7659	2150	4	0	15.4632944	53.524	22.13122
7660	2150	3	0	16.1687056	53.524	20
7661	2150	3	0	13.2752944	55.181	20
7662	2150	4	0	13.9807056	55.181	22.13122
7663	2150	4	0	15.4632944	56.838	22.13122
7664	2150	3	0	16.1687056	56.838	20
7665	2150	3	0	13.2752944	58.495	20
7666	2150	4	0	13.9807056	58.495	22.13122
7667	2150	4	0	15.4632944	60.152	22.13122
7668	2150	3	0	16.1687056	60.152	20
7669	2150	3	0	17.6512944	2.157	20
7670	2150	4	0	18.3567056	2.157	22.13122
7671	2150	4	0	19.8392944	3.814	22.13122
7672	2150	3	0	20.5447056	3.814	20
7673	2150	3	0	17.6512944	5.471	20
7674	2150	4	0	18.3567056	5.471	22.13122
7675	2150	4	0	19.8392944	7.128	22.13122
7676	2150	3	0	20.5447056	7.128	20
7677	2150	3	0	17.6512944	8.785	20
7678	2150	4	0	18.3567056	8.785	22.13122
7679	2150	4	0	19.8392944	10.442	22.13122
7680	2150	3	0	20.5447056	10.442	20
7681	2150	3	0	17.6512944	12.099	20
7682	2150	4	0	18.3567056	12.099	22.13122
7683	2150	4	0	19.8392944	13.756	22.13122
7684	2150	3	0	20.5447056	13.756	20
7685	2150	3	0	17.6512944	15.413	20
7686	2150	4	0	18.3567056	15.413	22.13122
7687	2150	4	0	19.8392944	17.07	22.13122
7688	2150	3	0	20.5447056	17.07	20
7689	2150	3	0	17.6512944	18.727	20
7690	2150	4	0	18.3567056	18.727	22.13122
7691	2150	4	0	19.8392944	20.384	22.13122
7692	2150	3	0	20.5447056	20.384	20
7693	2150	3	0	17.6512944	22.041	20
7694	2150	4	0	18.3567056	22.041	22.13122
7695	2150	4	0	19.8392944	23.698	22.13122
7696	2150	3	0	20.5447056	23.698	20
7697	2150	3	0	17.6512944	25.355	20
7698	2150	4	0	18.3567056	25.355	22.13122
7699	2150	4	0	19.8392944	27.012	22.13122
7700	2150	3	0	20.5447056	27.012	20
7701	2150	3	0	17.6512944	28.669	20
7702	2150	4	0	18.3567056	28.669	22.13122
7703	2150	4	0	19.8392944	30.326	22.13122
7704	2150	3	0	20.5447056	30.326	20
7705	2150	3	0	17.6512944	31.983	20
7706	2150	4	0	18.3567056	31.983	22.13122
7707	2150	4	0	19.8392944	33.64	22.13122
7708	2150	3	0	20.5447056	33.64	20
7709	2150	3	0	17.6512944	35.297	20
7710	2150	4	0	18.3567056	35.297	22.13122
7711	2150	4	0	19.8392944	36.954	22.13122
7712	2150	3	0	20.5447056	36.954	20
7713	2150	3	0	17.6512944	38.611	20
7714	2150	4	0	18.3567056	38.611	22.13122
7715	2150	4	0	19.8392944	40.268	22.13122
7716	2150	3	0	20.5447056	40.268	20
7717	2150	3	0	17.6512944	41.925	20
7718	2150	4	0	18.3567056	41.925	22.13122
7719	2150	4	0	19.8392944	43.582	22.13122
7720	2150	3	0	20.5447056	43.582	20
7721	2150	3	0	17.6512944	45.239	20
7722	2150	4	0	18.3567056	45.239	22.13122
7723	2150	4	0	19.8392944	46.896	22.13122
7724	2150	3	0	20.5447056	46.896	20
7725	2150	3	0	17.6512944	48.553	20
7726	2150	4	0	18.3567056	48.553	22.13122
7727	2150	4	0	19.8392944	50.21	22.13122
7728	2150	3	0	20.5447056	50.21	20
7729	2150	3	0	17.6512944	51.867	20
7730	2150	4	0	18.3567056	51.867	22.13122
7731	2150	4	0	19.8392944	53.524	22.13122
7732	2150	3	0	20.5447056	53.524	20
7733	2150	3	0	17.6512944	55.181	20
7734	2150	4	0	18.3567056	55.181	22.13122
7735	2150	4	0	19.8392944	56.838	22.13122
7736	2150	3	0	20.5447056	56.838	20
7737	2150	3	0	17.6512944	58.495	20
7738	2150	4	0	18.3567056	58.495	22.13122
7739	2150	4	0	19.8392944	60.152	22.13122
7740	2150	3	0	20.5447056	60.152	20
7741	2150	3	0	22.0272944	2.157	20
7742	2150	4	0	22.7327056	2.157	22.13122
7743	2150	4	0	24.2152944	3.814	22.13122
7744	2150	3	0	24.9207056	3.814	20
7745	2150	3	0	22.0272944	5.471	20
7746	2150	4	0	22.7327056	5.471	22.13122
7747	2150	4	0	24.2152944	7.128	22.13122
7748	2150	3	0	24.9207056	7.128	20
7749	2150	3	0	22.0272944	8.785	20
7750	2150	4	0	22.7327056	8.785	22.13122
7751	2150	4	0	24.2152944	10.442	22.13122
7752	2150	3	0	24.9207056	10.442	20
7753	2150	3	0	22.0272944	12.099	20
7754	2150	4	0	22.7327056	12.099	22.13122
7755	2150	4	0	24.2152944	13.756	22.13122
7756	2150	3	0	24.9207056	13.756	20
7757	2150	3	0	22.0272944	15.413	20
7758	2150	4	0	22.7327056	15.413	22.13122
7759	2150	4	0	24.2152944	17.07	22.13122
7760	2150	3	0	24.9207056	17.07	20
7761	2150	3	0	22.0272944	18.727	20
7762	2150	4	0	22.7327056	18.727	22.13122
7763	2150	4	0	24.2152944	20.384	22.13122
7764	2150	3	0	24.9207056	20.384	20
7765	2150	3	0	22.0272944	22.041	20
7766	2150	4	0	22.7327056	22.041	22.13122
7767	2150	4	0	24.2152944	23.698	22.13122
7768	2150	3	0	24.9207056	23.698	20
7769	2150	3	0	22.0272944	25.355	20
7770	2150	4	0	22.7327056	25.355	22.13122
7771	2150	4	0	24.2152944	27.012	22.13122
7772	2150	3	0	24.9207056	27.012	20
7773	2150	3	0	22.0272944	28.669	20
7774	2150	4	0	22.7327056	28.669	22.13122
7775	2150	4	0	24.2152944	30.326	22.13122
7776	2150	3	0	24.9207056	30.326	20
7777	2150	3	0	22.0272944	31.983	20
7778	2150	4	0	22.7327056	31.983	22.13122
7779	2150	4	0	24.2152944	33.64	22.13122
7780	2150	3	0	24.9207056	33.64	20
7781	2150	3	0	22.0272944	35.297	20
7782	2150	4	0	22.7327056	35.297	22.13122
7783	2150	4	0	24.2152944	36.954	22.13122
7784	2150	3	0	24.9207056	36.954	20
7785	2150	3	0	22.0272944	38.611	20
7786	2150	4	0	22.7327056	38.611	22.13122
7787	2150	4	0	24.2152944	40.268	22.13122
7788	2150	3	0	24.9207056	40.268	20
7789	2150	3	0	22.0272944	41.925	20
7790	2150	4	0	22.7327056	41.925	22.13122
7791	2150	4	0	24.2152944	43.582	22.13122
7792	2150	3	0	24.9207056	43.582	20
7793	2150	3	0	22.0272944	45.239	20
7794	2150	4	0	22.7327056	45.239	22.13122
7795	2150	4	0	24.2152944	46.896	22.13122
7796	2150	3	0	24.9207056	46.896	20
7797	2150	3	0	22.0272944	48.553	20
7798	2150	4	0	22.7327056	48.553	22.13122
7799	2150	4	0	24.2152944	50.21	22.13122
7800	2150	3	0	24.9207056	50.21	20
7801	2150	3	0	22.0272944	51.867	20
7802	2150	4	0	22.7327056	51.867	22.13122
7803	2150	4	0	24.2152944	53.524	22.13122
7804	2150	3	0	24.9207056	53.524	20
7805	2150	3	0	22.0272944	55.181	20
7806	2150	4	0	22.7327056	55.181	22.13122
7807	2150	4	0	24.2152944	56.838	22.13122
7808	2150	3	0	24.9207056	56.838	20
7809	2150	3	0	22.0272944	58.495	20
7810	2150	4	0	22.7327056	58.495	22.13122
7811	2150	4	0	24.2152944	60.152	22.13122
7812	2150	3	0	24.9207056	60.152	20
7813	2150	3	0	26.4032944	2.157	20
7814	2150	4	0	27.1087056	2.157	22.13122
7815	2150	4	0	28.5912944	3.814	22.13122
7816	2150	3	0	29.2967056	3.814	20
7817	2150	3	0	26.4032944	5.471	20
7818	2150	4	0	27.1087056	5.471	22.13122
7819	2150	4	0	28.5912944	7.128	22.13122
7820	2150	3	0	29.2967056	7.128	20
7821	2150	3	0	26.4032944	8.785	20
7822	2150	4	0	27.1087056	8.785	22.13122
7823	2150	4	0	28.5912944	10.442	22.13122
7824	2150	3	0	29.2967056	10.442	20
7825	2150	3	0	26.4032944	12.099	20
7826	2150	4	0	27.1087056	12.099	22.13122
7827	2150	4	0	28.5912944	13.756	22.13122
7828	2150	3	0	29.2967056	13.756	20
7829	2150	3	0	26.4032944	15.413	20
7830	2150	4	0	27.1087056	15.413	22.13122
7831	2150	4	0	28.5912944	17.07	22.13122
7832	2150	3	0	29.2967056	17.07	20
7833	2150	3	0	26.4032944	18.727	20
7834	2150	4	0	27.1087056	18.727	22.13122
7835	2150	4	0	28.5912944	20.384	22.13122
7836	2150	3	0	29.2967056	20.384	20
7837	2150	3	0	26.4032944	22.041	20
7838	2150	4	0	27.1087056	22.041	22.13122
7839	2150	4	0	28.5912944	23.698	22.13122
7840	2150	3	0	29.2967056	23.698	20
7841	2150	3	0	26.4032944	25.355	20
7842	2150	4	0	27.1087056	25.355	22.13122
7843	2150	4	0	28.5912944	27.012	22.13122
7844	2150	3	0	29.2967056	27.012	20
7845	2150	3	0	26.4032944	28.669	20
7846	2150	4	0	27.1087056	28.669	22.13122
7847	2150	4	0	28.5912944	30.326	22.13122
7848	2150	3	0	29.2967056	30.326	20
7849	2150	3	0	26.4032944	31.983	20
7850	2150	4	0	27.1087056	31.983	22.13122
7851	2150	4	0	28.5912944	33.64	22.13122
7852	2150	3	0	29.2967056	33.64	20
7853	2150	3	0	26.4032944	35.297	20
7854	2150	4	0	27.1087056	35.297	22.13122
7855	2150	4	0	28.5912944	36.954	22.13122
7856	2150	3	0	29.2967056	36.954	20
7857	2150	3	0	26.4032944	38.611	20
7858	2150	4	0	27.1087056	38.611	22.13122
7859	2150	4	0	28.5912944	40.268	22.13122
7860	2150	3	0	29.2967056	40.268	20
7861	2150	3	0	26.4032944	41.925	20
7862	2150	4	0	27.1087056	41.925	22.13122
7863	2150	4	0	28.5912944	43.582	22.13122
7864	2150	3	0	29.2967056	43.582	20
7865	2150	3	0	26.4032944	45.239	20
7866	2150	4	0	27.1087056	45.239	22.13122
7867	2150	4	0	28.5912944	46.896	22.13122
7868	2150	3	0	29.2967056	46.896	20
7869	2150	3	0	26.4032944	48.553	20
7870	2150	4	0	27.1087056	48.553	22.13122
7871	2150	4	0	28.5912944	50.21	22.13122
7872	2150	3	0	29.2967056	50.21	20
7873	2150	3	0	26.4032944	51.867	20
7874	2150	4	0	27.1087056	51.867	22.13122
7875	2150	4	0	28.5912944	53.524	22.13122
7876	2150	3	0	29.2967056	53.524	20
7877	2150	3	0	26.4032944	55.181	20
7878	2150	4	0	27.1087056	55.181	22.13122
7879	2150	4	0	28.5912944	56.838	22.13122
7880	2150	3	0	29.2967056	56.838	20
7881	2150	3	0	26.4032944	58.495	20
7882	2150	4	0	27.1087056	58.495	22.13122
7883	2150	4	0	28.5912944	60.152	22.13122
7884	2150	3	0	29.2967056	60.152	20
7885	2150	3	0	30.7792944	2.157	20
7886	2150	4	0	31.4847056	2.157	22.13122
7887	2150	4	0	32.9672944	3.814	22.13122
7888	2150	3	0	33.6727056	3.814	20
7889	2150	3	0	30.7792944	5.471	20
7890	2150	4	0	31.4847056	5.471	22.13122
7891	2150	4	0	32.9672944	7.128	22.13122
7892	2150	3	0	33.6727056	7.128	20
7893	2150	3	0	30.7792944	8.785	20
7894	2150	4	0	31.4847056	8.785	22.13122
7895	2150	4	0	32.9672944	10.442	22.13122
7896	2150	3	0	33.6727056	10.442	20
7897	2150	3	0	30.7792944	12.099	20
7898	2150	4	0	31.4847056	12.099	22.13122
7899	2150	4	0	32.9672944	13.756	22.13122
7900	2150	3	0	33.6727056	13.756	20
7901	2150	3	0	30.7792944	15.413	20
7902	2150	4	0	31.4847056	15.413	22.13122
7903	2150	4	0	32.9672944	17.07	22.13122
7904	2150	3	0	33.6727056	17.07	20
7905	2150	3	0	30.7792944	18.727	20
7906	2150	4	0	31.4847056	18.727	22.13122
7907	2150	4	0	32.9672944	20.384	22.13122
7908	2150	3	0	33.6727056	20.384	20
7909	2150	3	0	30.7792944	22.041	20
7910	2150	4	0	31.4847056	22.041	22.13122
7911	2150	4	0	32.9672944	23.698	22.13122
7912	2150	3	0	33.6727056	23.698	20
7913	2150	3	0	30.7792944	25.355	20
7914	2150	4	0	31.4847056	25.355	22.13122
7915	2150	4	0	32.9672944	27.012	22.13122
7916	2150	3	0	33.6727056	27.012	20
7917	2150	3	0	30.7792944	28.669	20
7918	2150	4	0	31.4847056	28.669	22.13122
7919	2150	4	0	32.9672944	30.326	22.13122
7920	2150	3	0	33.6727056	30.326	20
7921	2150	3	0	30.7792944	31.983	20
7922	2150	4	0	31.4847056	31.983	22.13122
7923	2150	4	0	32.9672944	33.64	22.13122
7924	2150	3	0	33.6727056	33.64	20
7925	2150	3	0	30.7792944	35.297	20
7926	2150	4	0	31.4847056	35.297	22.13122
7927	2150	4	0	32.9672944	36.954	22.13122
7928	2150	3	0	33.6727056	36.954	20
7929	2150	3	0	30.7792944	38.611	20
7930	2150	4	0	31.4847056	38.611	22.13122
7931	2150	4	0	32.9672944	40.268	22.13122
7932	2150	3	0	33.6727056	40.268	20
7933	2150	3	0	30.7792944	41.925	20
7934	2150	4	0	31.4847056	41.925	22.13122
7935	2150	4	0	32.9672944	43.582	22.13122
7936	2150	3	0	33.6727056	43.582	20
7937	2150	3	0	30.7792944	45.239	20
7938	2150	4	0	31.4847056	45.239	22.13122
7939	2150	4	0	32.9672944	46.896	22.13122
7940	2150	3	0	33.6727056	46.896	20
7941	2150	3	0	30.7792944	48.553	20
7942	2150	4	0	31.4847056	48.553	22.13122
7943	2150	4	0	32.9672944	50.21	22.13122
7944	2150	3	0	33.6727056	50.21	20
7945	2150	3	0	30.7792944	51.867	20
7946	2150	4	0	31.4847056	51.867	22.13122
7947	2150	4	0	32.9672944	53.524	22.13122
7948	2150	3	0	33.6727056	53.524	20
7949	2150	3	0	30.7792944	55.181	20
7950	2150	4	0	31.4847056	55.181	22.13122
7951	2150	4	0	32.9672944	56.838	22.13122
7952	2150	3	0	33.6727056	56.838	20
7953	2150	3	0	30.7792944	58.495	20
7954	2150	4	0	31.4847056	58.495	22.13122
7955	2150	4	0	32.9672944	60.152	22.13122
7956	2150	3	0	33.6727056	60.152	20
7957	2150	3	0	35.1552944	2.157	20
7958	2150	4	0	35.8607056	2.157	22.13122
7959	2150	4	0	37.3432944	3.814	22.13122
7960	2150	3	0	38.0487056	3.814	20
7961	2150	3	0	35.1552944	5.471	20
7962	2150	4	0	35.8607056	5.471	22.13122
7963	2150	4	0	37.3432944	7.128	22.13122
7964	2150	3	0	38.0487056	7.128	20
7965	2150	3	0	35.1552944	8.785	20
7966	2150	4	0	35.8607056	8.785	22.13122
7967	2150	4	0	37.3432944	10.442	22.13122
7968	2150	3	0	38.0487056	10.442	20
7969	2150	3	0	35.1552944	12.099	20
7970	2150	4	0	35.8607056	12.099	22.13122
7971	2150	4	0	37.3432944	13.756	22.13122
7972	2150	3	0	38.0487056	13.756	20
7973	2150	3	0	35.1552944	15.413	20
7974	2150	4	0	35.8607056	15.413	22.13122
7975	2150	4	0	37.3432944	17.07	22.13122
7976	2150	3	0	38.0487056	17.07	20
7977	2150	3	0	35.1552944	18.727	20
7978	2150	4	0	35.8607056	18.727	22.13122
7979	2150	4	0	37.3432944	20.384	22.13122
7980	2150	3	0	38.0487056	20.384	20
7981	2150	3	0	35.1552944	22.041	20
7982	2150	4	0	35.8607056	22.041	22.13122
7983	2150	4	0	37.3432944	23.698	22.13122
7984	2150	3	0	38.0487056	23.698	20
7985	2150	3	0	35.1552944	25.355	20
7986	2150	4	0	35.8607056	25.355	22.13122
7987	2150	4	0	37.3432944	27.012	22.13122
7988	2150	3	0	38.0487056	27.012	20
7989	2150	3	0	35.1552944	28.669	20
7990	2150	4	0	35.8607056	28.669	22.13122
7991	2150	4	0	37.3432944	30.326	22.13122
7992	2150	3	0	38.0487056	30.326	20
7993	2150	3	0	35.1552944	31.983	20
7994	2150	4	0	35.8607056	31.983	22.13122
7995	2150	4	0	37.3432944	33.64	22.13122
7996	2150	3	0	38.0487056	33.64	20
7997	2150	3	0	35.1552944	35.297	20
7998	2150	4	0	35.8607056	35.297	22.13122
7999	2150	4	0	37.3432944	36.954	22.13122
8000	2150	3	0	38.0487056	36.954	20
8001	2150	3	0	35.1552944	38.611	20
8002	2150	4	0	35.8607056	38.611	22.13122
8003	2150	4	0	37.3432944	40.268	22.13122
8004	2150	3	0	38.0487056	40.268	20
8005	2150	3	0	35.1552944	41.925	20
8006	2150	4	0	35.8607056	41.925	22.13122
8007	2150	4	0	37.3432944	43.582	22.13122
8008	2150	3	0	38.0487056	43.582	20
8009	2150	3	0	35.1552944	45.239	20
8010	2150	4	0	35.8607056	45.239	22.13122
8011	2150	4	0	37.3432944	46.896	22.13122
8012	2150	3	0	38.0487056	46.896	20
8013	2150	3	0	35.1552944	48.553	20
8014	2150	4	0	35.8607056	48.553	22.13122
8015	2150	4	0	37.3432944	50.21	22.13122
8016	2150	3	0	38.0487056	50.21	20
8017	2150	3	0	35.1552944	51.867	20
8018	2150	4	0	35.8607056	51.867	22.13122
8019	2150	4	0	37.3432944	53.524	22.13122
8020	2150	3	0	38.0487056	53.524	20
8021	2150	3	0	35.1552944	55.181	20
8022	2150	4	0	35.8607056	55.181	22.13122
8023	2150	4	0	37.3432944	56.838	22.13122
8024	2150	3	0	38.0487056	56.838	20
8025	2150	3	0	35.1552944	58.495	20
8026	2150	4	0	35.8607056	58.495	22.13122
8027	2150	4	0	37.3432944	60.152	22.13122
8028	2150	3	0	38.0487056	60.152	20
8029	2150	3	0	39.5312944	2.157	20
8030	2150	4	0	40.2367056	2.157	22.13122
8031	2150	4	0	41.7192944	3.814	22.13122
8032	2150	3	0	42.4247056	3.814	20
8033	2150	3	0	39.5312944	5.471	20
8034	2150	4	0	40.2367056	5.471	22.13122
8035	2150	4	0	41.7192944	7.128	22.13122
8036	2150	3	0	42.4247056	7.128	20
8037	2150	3	0	39.5312944	8.785	20
8038	2150	4	0	40.2367056	8.785	22.13122
8039	2150	4	0	41.7192944	10.442	22.13122
8040	2150	3	0	42.4247056	10.442	20
8041	2150	3	0	39.5312944	12.099	20
8042	2150	4	0	40.2367056	12.099	22.13122
8043	2150	4	0	41.7192944	13.756	22.13122
8044	2150	3	0	42.4247056	13.756	20
8045	2150	3	0	39.5312944	15.413	20
8046	2150	4	0	40.2367056	15.413	22.13122
8047	2150	4	0	41.7192944	17.07	22.13122
8048	2150	3	0	42.4247056	17.07	20
8049	2150	3	0	39.5312944	18.727	20
8050	2150	4	0	40.2367056	18.727	22.13122
8051	2150	4	0	41.7192944	20.384	22.13122
8052	2150	3	0	42.4247056	20.384	20
8053	2150	3	0	39.5312944	22.041	20
8054	2150	4	0	40.2367056	22.041	22.13122
8055	2150	4	0	41.7192944	23.698	22.13122
8056	2150	3	0	42.4247056	23.698	20
8057	2150	3	0	39.5312944	25.355	20
8058	2150	4	0	40.2367056	25.355	22.13122
8059	2150	4	0	41.7192944	27.012	22.13122
8060	2150	3	0	42.4247056	27.012	20
8061	2150	3	0	39.5312944	28.669	20
8062	2150	4	0	40.2367056	28.669	22.13122
8063	2150	4	0	41.7192944	30.326	22.13122
8064	2150	3	0	42.4247056	30.326	20
8065	2150	3	0	39.5312944	31.983	20
8066	2150	4	0	40.2367056	31.983	22.13122
8067	2150	4	0	41.7192944	33.64	22.13122
8068	2150	3	0	42.4247056	33.64	20
8069	2150	3	0	39.5312944	35.297	20
8070	2150	4	0	40.2367056	35.297	22.13122
8071	2150	4	0	41.7192944	36.954	22.13122
8072	2150	3	0	42.4247056	36.954	20
8073	2150	3	0	39.5312944	38.611	20
8074	2150	4	0	40.2367056	38.611	22.13122
8075	2150	4	0	41.7192944	40.268	22.13122
8076	2150	3	0	42.4247056	40.268	20
8077	2150	3	0	39.5312944	41.925	20
8078	2150	4	0	40.2367056	41.925	22.13122
8079	2150	4	0	41.7192944	43.582	22.13122
8080	2150	3	0	42.4247056	43.582	20
8081	2150	3	0	39.5312944	45.239	20
8082	2150	4	0	40.2367056	45.239	22.13122
8083	2150	4	0	41.7192944	46.896	22.13122
8084	2150	3	0	42.4247056	46.896	20
8085	2150	3	0	39.5312944	48.553	20
8086	2150	4	0	40.2367056	48.553	22.13122
8087	2150	4	0	41.7192944	50.21	22.13122
8088	2150	3	0	42.4247056	50.21	20
8089	2150	3	0	39.5312944	51.867	20
8090	2150	4	0	40.2367056	51.867	22.13122
8091	2150	4	0	41.7192944	53.524	22.13122
8092	2150	3	0	42.4247056	53.524	20
8093	2150	3	0	39.5312944	55.181	20
8094	2150	4	0	40.2367056	55.181	22.13122
8095	2150	4	0	41.7192944	56.838	22.13122
8096	2150	3	0	42.4247056	56.838	20
8097	2150	3	0	39.5312944	58.495	20
8098	2150	4	0	40.2367056	58.495	22.13122
8099	2150	4	0	41.7192944	60.152	22.13122
8100	2150	3	0	42.4247056	60.152	20
8101	2150	3	0	43.9072944	2.157	20
8102	2150	4	0	44.6127056	2.157	22.13122
8103	2150	4	0	46.0952944	3.814	22.13122
8104	2150	3	0	46.8007056	3.814	20
8105	2150	3	0	43.9072944	5.471	20
8106	2150	4	0	44.6127056	5.471	22.13122
8107	2150	4	0	46.0952944	7.128	22.13122
8108	2150	3	0	46.8007056	7.128	20
8109	2150	3	0	43.9072944	8.785	20
8110	2150	4	0	44.6127056	8.785	22.13122
8111	2150	4	0	46.0952944	10.442	22.13122
8112	2150	3	0	46.8007056	10.442	20
8113	2150	3	0	43.9072944	12.099	20
8114	2150	4	0	44.6127056	12.099	22.13122
8115	2150	4	0	46.0952944	13.756	22.13122
8116	2150	3	0	46.8007056	13.756	20
8117	2150	3	0	43.9072944	15.413	20
8118	2150	4	0	44.6127056	15.413	22.13122
8119	2150	4	0	46.0952944	17.07	22.13122
8120	2150	3	0	46.8007056	17.07	20
8121	2150	3	0	43.9072944	18.727	20
8122	2150	4	0	44.6127056	18.727	22.13122
8123	2150	4	0	46.0952944	20.384	22.13122
8124	2150	3	0	46.8007056	20.384	20
8125	2150	3	0	43.9072944	22.041	20
8126	2150	4	0	44.6127056	22.041	22.13122
8127	2150	4	0	46.0952944	23.698	22.13122
8128	2150	3	0	46.8007056	23.698	20
8129	2150	3	0	43.9072944	25.355	20
8130	2150	4	0	44.6127056	25.355	22.13122
8131	2150	4	0	46.0952944	27.012	22.13122
8132	2150	3	0	46.8007056	27.012	20
8133	2150	3	0	43.9072944	28.669	20
8134	2150	4	0	44.6127056	28.669	22.13122
8135	2150	4	0	46.0952944	30.326	22.13122
8136	2150	3	0	46.8007056	30.326	20
8137	2150	3	0	43.9072944	31.983	20
8138	2150	4	0	44.6127056	31.983	22.13122
8139	2150	4	0	46.0952944	33.64	22.13122
8140	2150	3	0	46.8007056	33.64	20
8141	2150	3	0	43.9072944	35.297	20
8142	2150	4	0	44.6127056	35.297	22.13122
8143	2150	4	0	46.0952944	36.954	22.13122
8144	2150	3	0	46.8007056	36.954	20
8145	2150	3	0	43.9072944	38.611	20
8146	2150	4	0	44.6127056	38.611	22.13122
8147	2150	4	0	46.0952944	40.268	22.13122
8148	2150	3	0	46.8007056	40.268	20
8149	2150	3	0	43.9072944	41.925	20
8150	2150	4	0	44.6127056	41.925	22.13122
8151	2150	4	0	46.0952944	43.582	22.13122
8152	2150	3	0	46.8007056	43.582	20
8153	2150	3	0	43.9072944	45.239	20
8154	2150	4	0	44.6127056	45.239	22.13122
8155	2150	4	0	46.0952944	46.896	22.13122
8156	2150	3	0	46.8007056	46.896	20
8157	2150	3	0	43.9072944	48.553	20
8158	2150	4	0	44.6127056	48.553	22.13122
8159	2150	4	0	46.0952944	50.21	22.13122
8160	2150	3	0	46.8007056	50.21	20
8161	2150	3	0	43.9072944	51.867	20
8162	2150	4	0	44.6127056	51.867	22.13122
8163	2150	4	0	46.0952944	53.524	22.13122
8164	2150	3	0	46.8007056	53.524	20
8165	2150	3	0	43.9072944	55.181	20
8166	2150	4	0	44.6127056	55.181	22.13122
8167	2150	4	0	46.0952944	56.838	22.13122
8168	2150	3	0	46.8007056	56.838	20
8169	2150	3	0	43.9072944	58.495	20
8170	2150	4	0	44.6127056	58.495	22.13122
8171	2150	4	0	46.0952944	60.152	22.13122
8172	2150	3	0	46.8007056	60.152	20
8173	2150	3	0	48.2832944	2.157	20
8174	2150	4	0	48.9887056	2.157	22.13122
8175	2150	4	0	50.4712944	3.814	22.13122
8176	2150	3	0	51.1767056	3.814	20
8177	2150	3	0	48.2832944	5.471	20
8178	2150	4	0	48.9887056	5.471	22.13122
8179	2150	4	0	50.4712944	7.128	22.13122
8180	2150	3	0	51.1767056	7.128	20
8181	2150	3	0	48.2832944	8.785	20
8182	2150	4	0	48.9887056	8.785	22.13122
8183	2150	4	0	50.4712944	10.442	22.13122
8184	2150	3	0	51.1767056	10.442	20
8185	2150	3	0	48.2832944	12.099	20
8186	2150	4	0	48.9887056	12.099	22.13122
8187	2150	4	0	50.4712944	13.756	22.13122
8188	2150	3	0	51.1767056	13.756	20
8189	2150	3	0	48.2832944	15.413	20
8190	2150	4	0	48.9887056	15.413	22.13122
8191	2150	4	0	50.4712944	17.07	22.13122
8192	2150	3	0	51.1767056	17.07	20
8193	2150	3	0	48.2832944	18.727	20
8194	2150	4	0	48.9887056	18.727	22.13122
8195	2150	4	0	50.4712944	20.384	22.13122
8196	2150	3	0	51.1767056	20.384	20
8197	2150	3	0	48.2832944	22.041	20
8198	2150	4	0	48.9887056	22.041	22.13122
8199	2150	4	0	50.4712944	23.698	22.13122
8200	2150	3	0	51.1767056	23.698	20
8201	2150	3	0	48.2832944	25.355	20
8202	2150	4	0	48.9887056	25.355	22.13122
8203	2150	4	0	50.4712944	27.012	22.13122
8204	2150	3	0	51.1767056	27.012	20
8205	2150	3	0	48.2832944	28.669	20
8206	2150	4	0	48.9887056	28.669	22.13122
8207	2150	4	0	50.4712944	30.326	22.13122
8208	2150	3	0	51.1767056	30.326	20
8209	2150	3	0	48.2832944	31.983	20
8210	2150	4	0	48.9887056	31.983	22.13122
8211	2150	4	0	50.4712944	33.64	22.13122
8212	2150	3	0	51.1767056	33.64	20
8213	2150	3	0	48.2832944	35.297	20
8214	2150	4	0	48.9887056	35.297	22.13122
8215	2150	4	0	50.4712944	36.954	22.13122
8216	2150	3	0	51.1767056	36.954	20
8217	2150	3	0	48.2832944	38.611	20
8218	2150	4	0	48.9887056	38.611	22.13122
8219	2150	4	0	50.4712944	40.268	22.13122
8220	2150	3	0	51.1767056	40.268	20
8221	2150	3	0	48.2832944	41.925	20
8222	2150	4	0	48.9887056	41.925	22.13122
8223	2150	4	0	50.4712944	43.582	22.13122
8224	2150	3	0	51.1767056	43.582	20
8225	2150	3	0	48.2832944	45.239	20
8226	2150	4	0	48.9887056	45.239	22.13122
8227	2150	4	0	50.4712944	46.896	22.13122
8228	2150	3	0	51.1767056	46.896	20
8229	2150	3	0	48.2832944	48.553	20
8230	2150	4	0	48.9887056	48.553	22.13122
8231	2150	4	0	50.4712944	50.21	22.13122
8232	2150	3	0	51.1767056	50.21	20
8233	2150	3	0	48.2832944	51.867	20
8234	2150	4	0	48.9887056	51.867	22.13122
8235	2150	4	0	50.4712944	53.524	22.13122
8236	2150	3	0	51.1767056	53.524	20
8237	2150	3	0	48.2832944	55.181	20
8238	2150	4	0	48.9887056	55.181	22.13122
8239	2150	4	0	50.4712944	56.838	22.13122
8240	2150	3	0	51.1767056	56.838	20
8241	2150	3	0	48.2832944	58.495	20
8242	2150	4	0	48.9887056	58.495	22.13122
8243	2150	4	0	50.4712944	60.152	22.13122
8244	2150	3	0	51.1767056	60.152	20
8245	2150	3	0	52.6592944	2.157	20
8246	2150	4	0	53.3647056	2.157	22.13122
8247	2150	4	0	54.8472944	3.814	22.13122
8248	2150	3	0	55.5527056	3.814	20
8249	2150	3	0	52.6592944	5.471	20
8250	2150	4	0	53.3647056	5.471	22.13122
8251	2150	4	0	54.8472944	7.128	22.13122
8252	2150	3	0	55.5527056	7.128	20
8253	2150	3	0	52.6592944	8.785	20
8254	2150	4	0	53.3647056	8.785	22.13122
8255	2150	4	0	54.8472944	10.442	22.13122
8256	2150	3	0	55.5527056	10.442	20
8257	2150	3	0	52.6592944	12.099	20
8258	2150	4	0	53.3647056	12.099	22.13122
8259	2150	4	0	54.8472944	13.756	22.13122
8260	2150	3	0	55.5527056	13.756	20
8261	2150	3	0	52.6592944	15.413	20
8262	2150	4	0	53.3647056	15.413	22.13122
8263	2150	4	0	54.8472944	17.07	22.13122
8264	2150	3	0	55.5527056	17.07	20
8265	2150	3	0	52.6592944	18.727	20
8266	2150	4	0	53.3647056	18.727	22.13122
8267	2150	4	0	54.8472944	20.384	22.13122
8268	2150	3	0	55.5527056	20.384	20
8269	2150	3	0	52.6592944	22.041	20
8270	2150	4	0	53.3647056	22.041	22.13122
8271	2150	4	0	54.8472944	23.698	22.13122
8272	2150	3	0	55.5527056	23.698	20
8273	2150	3	0	52.6592944	25.355	20
8274	2150	4	0	53.3647056	25.355	22.13122
8275	2150	4	0	54.8472944	27.012	22.13122
8276	2150	3	0	55.5527056	27.012	20
8277	2150	3	0	52.6592944	28.669	20
8278	2150	4	0	53.3647056	28.669	22.13122
8279	2150	4	0	54.8472944	30.326	22.13122
8280	2150	3	0	55.5527056	30.326	20
8281	2150	3	0	52.6592944	31.983	20
8282	2150	4	0	53.3647056	31.983	22.13122
8283	2150	4	0	54.8472944	33.64	22.13122
8284	2150	3	0	55.5527056	33.64	20
8285	2150	3	0	52.6592944	35.297	20
8286	2150	4	0	53.3647056	35.297	22.13122
8287	2150	4	0	54.8472944	36.954	22.13122
8288	2150	3	0	55.5527056	36.954	20
8289	2150	3	0	52.6592944	38.611	20
8290	2150	4	0	53.3647056	38.611	22.13122
8291	2150	4	0	54.8472944	40.268	22.13122
8292	2150	3	0	55.5527056	40.268	20
8293	2150	3	0	52.6592944	41.925	20
8294	2150	4	0	53.3647056	41.925	22.13122
8295	2150	4	0	54.8472944	43.582	22.13122
8296	2150	3	0	55.5527056	43.582	20
8297	2150	3	0	52.6592944	45.239	20
8298	2150	4	0	53.3647056	45.239	22.13122
8299	2150	4	0	54.8472944	46.896	22.13122
8300	2150	3	0	55.5527056	46.896	20
8301	2150	3	0	52.6592944	48.553	20
8302	2150	4	0	53.3647056	48.553	22.13122
8303	2150	4	0	54.8472944	50.21	22.13122
8304	2150	3	0	55.5527056	50.21	20
8305	2150	3	0	52.6592944	51.867	20
8306	2150	4	0	53.3647056	51.867	22.13122
8307	2150	4	0	54.8472944	53.524	22.13122
8308	2150	3	0	55.5527056	53.524	20
8309	2150	3	0	52.6592944	55.181	20
8310	2150	4	0	53.3647056	55.181	22.13122
8311	2150	4	0	54.8472944	56.838	22.13122
8312	2150	3	0	55.5527056	56.838	20
8313	2150	3	0	52.6592944	58.495	20
8314	2150	4	0	53.3647056	58.495	22.13122
8315	2150	4	0	54.8472944	60.152	22.13122
8316	2150	3	0	55.5527056	60.152	20
